3.07572e-05;-2.2528e-05;0.0034211;0
0.000151955;0.00011508;0.0129504;-0.0335494
0.000747524;0.000213118;0.0258124;-0.0375107
0.00121306;0.000301097;0.0317703;-0.0391916
0.0021989;0.000376594;0.0412387;-0.0421516
0.00351079;0.000417471;0.0523478;-0.0443837
0.00507304;0.000435054;0.0625851;-0.0458888
0.00661769;0.000362973;0.0734543;-0.0467328
0.00792082;0.000301553;0.0827259;-0.0474735
0.0104766;0.000384311;0.0982056;-0.0489405
0.0134149;0.000808;0.111318;-0.0506096
0.014865;0.00114961;0.116908;-0.0513478
0.0171221;0.00164415;0.123746;-0.052354
0.0206414;0.00232664;0.130148;-0.0535017
0.0223848;0.00261011;0.132929;-0.0539642
0.0252893;0.003073;0.13826;-0.0547563
0.0517484;0.0113973;0.172158;-0.0596233
0.0525567;0.0117443;0.173125;-0.0598157
0.0531882;0.0120119;0.173796;-0.0600648
0.0540113;0.0123054;0.174124;-0.060185
0.055014;0.0126435;0.174373;-0.0603911
0.0562217;0.0130291;0.174994;-0.060661
0.0575941;0.0134703;0.17526;-0.0607251
0.0595572;0.0140429;0.175495;-0.0608425
0.061355;0.0145591;0.175302;-0.0610151
0.0633396;0.0151437;0.175303;-0.0610851
0.0655137;0.0157589;0.175155;-0.0613021
0.0678811;0.0164049;0.174901;-0.0614442
0.0711169;0.0172829;0.174193;-0.0615903
0.07391;0.0180678;0.173646;-0.0617041
0.0801186;0.0197966;0.172653;-0.0621413
0.0995372;0.0271366;0.183098;-0.0589899
0.107476;0.0338126;0.209173;-0.0409426
0.106204;0.0346955;0.229627;-0.0323102
0.0837053;0.0253556;0.326032;-0.00875564
0.0778722;0.022138;0.351678;-0.00432347
0.0693595;0.0168776;0.397047;0.00371213
0.0513207;0.00217345;0.55375;0.0508702
0.0476792;-0.00187398;0.595338;0.0761885
0.0462441;-0.00370688;0.615417;0.0828722
0.0431515;-0.0125774;0.731698;0.161922
0.0435908;-0.0138404;0.751669;0.18146
0;0;0.797475;0.226107
0;0;0.814443;0.252596
0;0;0.792621;0.280731
0;0;0.706353;0.300995
-0.410614;-0.210353;0.461403;0.316286
-0.436598;-0.222009;0.460222;0.346392
-0.474918;-0.239527;0.537328;0.4195
-0.50261;-0.254403;0.631345;0.499495
-0.515864;-0.263113;0.662378;0.558825
-0.521323;-0.26674;0.663987;0.574031
-0.523872;-0.271762;0.679039;0.646783
-0.52005;-0.271222;0.68844;0.674107
-0.497902;-0.265146;0.759229;0.776493
-0.485607;-0.260829;0.785028;0.82433
-0.477098;-0.256474;0.812761;0.861113
-0.466687;-0.251706;0.839319;0.892485
-0.458981;-0.248467;0.856542;0.914846
-0.431091;-0.21423;0.968168;1.05863
-0.415429;-0.188466;1.02298;1.13518
-0.410871;-0.178902;1.03891;1.15384
-0.408616;-0.172645;1.04831;1.16613
-0.383406;-0.129556;1.11064;1.25643
-0.375814;-0.111061;1.13307;1.28538
-0.343332;-0.0552782;1.20382;1.39094
-0.329993;-0.0359678;1.22475;1.42408
-0.29987;0.00350309;1.26584;1.51548
-0.270105;0.0297613;1.29499;1.57499
-0.255882;0.0398134;1.30672;1.61838
-0.237586;0.0487611;1.31861;1.64966
-0.216707;0.0584689;1.32864;1.70059
-0.206986;0.0614168;1.33257;1.72064
-0.15372;0.0746728;1.35545;1.82763
-0.143656;0.0761064;1.35946;1.84774
-0.118306;0.079983;1.37006;1.91855
-0.0866487;0.0811366;1.3822;2.00003
-0.0811631;0.0809652;1.38461;2.02206
-0.0628219;0.0797579;1.3923;2.06955
-0.0549441;0.0789521;1.39612;2.1012
-0.0355366;0.0759661;1.40364;2.16822
-0.032816;0.0748024;1.40502;2.17807
-0.0222465;0.0711878;1.40873;2.22865
-0.0126193;0.0644957;1.41211;2.30282
-0.0109536;0.0627813;1.41274;2.32126
-0.00423826;0.0531207;1.41736;2.3989
-0.000836386;0.043987;1.4234;2.47789
-0.00134719;0.0421241;1.42469;2.49997
-0.000312857;0.0329734;1.43227;2.57974
-0.00062166;0.0309203;1.43427;2.598
0.002651;0.0238918;1.44251;2.66895
0.00252776;0.0196929;1.44521;2.69941
0.00497215;0.0160962;1.44794;2.72997
0.0066172;0.00664204;1.45275;2.82251
0.0076849;0.00476982;1.45387;2.83027
0.00863355;-0.00313675;1.45687;2.92068
0.0110046;-0.00638572;1.45894;2.97069
0.00937665;-0.0102106;1.45993;2.99883
0.0125375;-0.0130288;1.46143;3.06977
0.0167318;-0.0126835;1.46207;3.09954
0.0171358;-0.0159486;1.4644;-3.11505
0.0191301;-0.0167948;1.46703;-3.06578
0.0169004;-0.0199619;1.47008;-3.03592
0.0175952;-0.0216108;1.47337;-2.98655
0.0131624;-0.0271816;1.4745;-2.91603
0.0132623;-0.0280555;1.47503;-2.8864
0.00960213;-0.0337995;1.47888;-2.83748
0.0095973;-0.0362508;1.48229;-2.78661
0.00775536;-0.0391196;1.48448;-2.75884
0.0073127;-0.0416118;1.48885;-2.68918
0.00614161;-0.0458964;1.49074;-2.63879
0.00701226;-0.0470876;1.49141;-2.60695
0.00783833;-0.0513813;1.49324;-2.52034
0.0095622;-0.0513477;1.49316;-2.48884
0.0102417;-0.0542317;1.49257;-2.44076
0.011714;-0.0543602;1.4918;-2.4106
0.0148445;-0.0556097;1.49206;-2.3393
0.0170816;-0.0551876;1.49197;-2.30897
0.0207664;-0.0553456;1.49243;-2.25956
0.0251621;-0.0554751;1.49294;-2.21256
0.0321159;-0.056227;1.49559;-2.14069
0.0350775;-0.0561609;1.49681;-2.11227
0.0411042;-0.0575891;1.49885;-2.04109
0.043788;-0.0577036;1.49938;-2.01127
0.0471517;-0.057195;1.50002;-1.97145
0.0565069;-0.057104;1.50086;-1.87226
0.0632572;-0.058104;1.50097;-1.81168
0.0655477;-0.0572354;1.50151;-1.79162
0.0741716;-0.0579707;1.50446;-1.7097
0.0779297;-0.0568972;1.50517;-1.67223
0.0805123;-0.0572225;1.50583;-1.64278
0.0848266;-0.0551168;1.50742;-1.59278
0.0858379;-0.0546867;1.50801;-1.57265
0.0904135;-0.0512665;1.51045;-1.47023
0.0911411;-0.051583;1.51076;-1.46022
0.0948144;-0.049463;1.51137;-1.37119
0.0960632;-0.0495671;1.51215;-1.33948
0.0973211;-0.0486253;1.51325;-1.30956
0.101207;-0.0470085;1.51583;-1.2206
0.101963;-0.04644;1.5163;-1.21049
0.106386;-0.0431106;1.51787;-1.12031
0.107228;-0.0420934;1.51803;-1.11066
0.110686;-0.038753;1.51845;-1.05984
0.116753;-0.032745;1.51762;-0.971905
0.118892;-0.0318342;1.51699;-0.941813
0.121734;-0.0291912;1.51591;-0.890807
0.125878;-0.0255713;1.5162;-0.810628
0.126412;-0.0245261;1.51635;-0.790973
0.129957;-0.021203;1.51944;-0.714179
0.130426;-0.0203293;1.5198;-0.69222
0.131289;-0.0168665;1.51998;-0.641215
0.132115;-0.0167929;1.51969;-0.612704
0.132516;-0.0169368;1.51964;-0.592259
0.133158;-0.0168468;1.51938;-0.563791
0.139967;-0.0174445;1.51882;-0.441412
0.145651;-0.0198233;1.51753;-0.359564
0.148412;-0.0211194;1.51585;-0.308868
0.149238;-0.0212323;1.51499;-0.286342
0.151462;-0.0217687;1.51134;-0.208359
0.151611;-0.02123;1.51061;-0.168696
0.151507;-0.0195964;1.49684;-0.122396
0.152622;-0.0192555;1.48671;-0.114235
0.17263;-0.0153289;1.44907;-0.0648797
0.210228;-0.0129394;1.43406;-0.0342239
0.254706;-0.0110347;1.41722;-0.0184014
0.286818;-0.0095338;1.40612;-0.0105964
0.310889;-0.00825634;1.39817;-0.00639377
0.354741;-0.00630309;1.38356;-0.00321482
0.378001;-0.00491591;1.37486;-0.0022627
0.429422;-0.00337024;1.35506;-0.00175844
0.438396;-0.0028869;1.3514;-0.0018272
0.476899;-0.00249936;1.33768;-0.00254812
0.501408;-0.00172043;1.3298;-0.00324259
0.519083;-0.00146939;1.32439;-0.0041106
0.546898;-0.000574246;1.31558;-0.00554393
0.566615;0.000405988;1.30964;-0.00657024
0.591289;0.0016648;1.30209;-0.00810813
0.598003;0.00189581;1.30005;-0.00861606
0.616141;0.00284048;1.2937;-0.00971562
0.627276;0.00306099;1.28977;-0.0110588
0.637455;0.00345162;1.28723;-0.0121551
0.646579;0.00367712;1.29077;-0.00997937
0.651627;0.0036199;1.2915;-0.0127419
0.663006;0.00255514;1.28299;-0.0394628
0.667914;0.00087893;1.27812;-0.0735779
0.680386;-0.0025199;1.26993;-0.145547
0.686102;-0.0059362;1.26434;-0.204898
0.697387;-0.0118427;1.25632;-0.285943
0.712221;-0.0228487;1.24377;-0.391088
0.716579;-0.0258394;1.24071;-0.428181
0.732608;-0.040291;1.2259;-0.567569
0.743181;-0.0475205;1.21863;-0.627541
0.75354;-0.0564042;1.20965;-0.688342
0.76798;-0.0687931;1.19644;-0.787397
0.795279;-0.0918833;1.17266;-0.971935
0.802237;-0.096662;1.16792;-0.992087
0.821665;-0.112635;1.15133;-1.09397
0.853157;-0.137524;1.12486;-1.27975
0.880247;-0.159448;1.10215;-1.40719
0.902927;-0.175225;1.08624;-1.50897
0.910896;-0.181833;1.07959;-1.54526
0.926995;-0.192751;1.06875;-1.60603
0.953282;-0.209679;1.05182;-1.71261
1.00987;-0.248257;1.01629;-1.91428
1.02746;-0.262542;1.00279;-1.99697
1.0623;-0.282915;0.985642;-2.09812
1.07441;-0.291181;0.97822;-2.11804
1.12776;-0.325129;0.94741;-2.30093
1.15765;-0.346232;0.927229;-2.40395
1.17136;-0.354123;0.920759;-2.42448
1.20817;-0.378212;0.899351;-2.52746
1.233;-0.398609;0.88173;-2.62312
1.24494;-0.411038;0.87139;-2.68023
1.27951;-0.434749;0.85641;-2.73817
1.32727;-0.470278;0.835491;-2.79882
1.35822;-0.495193;0.821916;-2.82956
1.38185;-0.511969;0.814218;-2.83831
1.39718;-0.524726;0.807769;-2.84491
1.43536;-0.558488;0.794718;-2.85599
1.44566;-0.569532;0.790283;-2.8576
1.47011;-0.593612;0.780628;-2.8594
1.47384;-0.598271;0.779356;-2.85981
1.48486;-0.611355;0.783521;-2.86542
1.49209;-0.617412;0.78551;-2.86599
1.5343;-0.650123;0.784569;-2.82373
1.58855;-0.694211;0.784434;-2.73638
1.60137;-0.70548;0.784234;-2.70661
1.64026;-0.741569;0.783376;-2.63388
1.65343;-0.754391;0.782691;-2.60277
1.77263;-0.873218;0.775179;-2.43007
1.79619;-0.897389;0.772701;-2.39547
1.8712;-0.977306;0.763064;-2.26959
1.92064;-1.02971;0.757658;-2.21596
1.94237;-1.05319;0.755147;-2.18141
2.03037;-1.15059;0.745548;-2.08213
2.14807;-1.28643;0.732428;-1.95824
2.23843;-1.40006;0.726017;-1.90301
2.25715;-1.42481;0.7244;-1.89029
2.27494;-1.44878;0.722894;-1.87809
2.33473;-1.52947;0.719619;-1.85386
2.34697;-1.54654;0.718862;-1.84987
2.42498;-1.65954;0.71176;-1.82483
2.48868;-1.75551;0.703502;-1.81372
2.49983;-1.7721;0.702035;-1.81197
2.51011;-1.78767;0.700597;-1.8112
2.54986;-1.84678;0.694676;-1.80729
2.55833;-1.85911;0.694355;-1.80653
2.603;-1.92592;0.682039;-1.75339
2.60518;-1.93489;0.674096;-1.72299
2.60462;-1.93764;0.671079;-1.69937
2.59936;-1.9462;0.660936;-1.65813
2.59551;-1.95043;0.65568;-1.63221
2.59004;-1.96156;0.645104;-1.58699
2.56227;-2.00196;0.609708;-1.45396
2.55653;-2.01232;0.601862;-1.41916
2.52495;-2.06218;0.566304;-1.29171
2.4638;-2.1782;0.507202;-1.14927
2.45552;-2.19722;0.4994;-1.13215
2.42169;-2.28056;0.467697;-1.08958
2.38428;-2.40942;0.42465;-1.05998
2.37754;-2.43615;0.416427;-1.05516
2.34137;-2.60866;0.371282;-1.04201
2.3301;-2.66974;0.358045;-1.03978
2.32639;-2.68971;0.353778;-1.03848
2.30984;-2.7905;0.332483;-1.03524
2.30477;-2.82022;0.326442;-1.03438
2.28828;-2.94048;0.304766;-1.03177
2.2853;-2.96149;0.301198;-1.03142
2.2823;-2.98181;0.297887;-1.03121
2.27807;-3.02346;0.292143;-1.03094
2.25783;-3.20364;0.268446;-1.03062
2.25682;-3.21851;0.267651;-1.03069
2.25548;-3.23586;0.27013;-1.03123
2.25378;-3.25679;0.278489;-1.0301
2.25222;-3.2835;0.288979;-1.01437
2.25219;-3.28855;0.289903;-1.00299
2.24675;-3.2837;0.299992;-0.933665
2.21631;-3.2265;0.320862;-0.762481
2.20996;-3.21557;0.323191;-0.728901
2.16663;-3.14476;0.335227;-0.583996
2.15667;-3.12926;0.337358;-0.541759
2.14585;-3.11293;0.339251;-0.526191
2.06713;-2.99866;0.353613;-0.325933
2.05217;-2.97838;0.355735;-0.28503
2.03285;-2.95239;0.358508;-0.244728
1.89726;-2.77409;0.379062;0.013899
1.87853;-2.75069;0.381492;0.0506025
1.85918;-2.72709;0.383668;0.0711271
1.77206;-2.62327;0.391912;0.214069
1.75053;-2.5982;0.393969;0.254031
1.57949;-2.40687;0.408854;0.471147
1.55557;-2.38116;0.411157;0.51557
1.48348;-2.30244;0.417851;0.614437
1.40268;-2.21674;0.424264;0.719027
1.2747;-2.08383;0.434601;0.886983
1.18931;-1.99814;0.440601;0.98283
1.1629;-1.97162;0.442539;1.02293
1.13636;-1.94528;0.444459;1.06363
0.994535;-1.80677;0.455284;1.22789
0.877789;-1.69481;0.46291;1.36478
0.850466;-1.66829;0.464368;1.38203
0.713245;-1.53589;0.469848;1.50179
0.617757;-1.44272;0.471954;1.55032
0.590328;-1.41579;0.472548;1.56237
0.547668;-1.37452;0.474125;1.578
0.526923;-1.3547;0.475181;1.58512
0.334054;-1.16894;0.488765;1.61642
0.320645;-1.15568;0.49055;1.61723
0.307892;-1.14299;0.492215;1.61752
0.25994;-1.09532;0.50092;1.61977
0.250203;-1.08589;0.504036;1.62147
0.227777;-1.06404;0.516008;1.61638
0.223567;-1.06008;0.520398;1.60925
0.214714;-1.05435;0.53656;1.57703
0.206187;-1.05177;0.548549;1.54733
0.183351;-1.05185;0.584315;1.44337
0.177888;-1.05183;0.591392;1.41288
0.140304;-1.05154;0.643452;1.24351
0.115541;-1.05036;0.677754;1.14362
0.0980254;-1.04889;0.699896;1.08742
0.00216278;-1.04131;0.77413;0.859269
-0.00714578;-1.04053;0.779694;0.846033
-0.0232548;-1.03945;0.788846;0.826106
-0.0483665;-1.03774;0.80255;0.800807
-0.060508;-1.03689;0.808839;0.786706
-0.120576;-1.03339;0.84031;0.746828
-0.130997;-1.0328;0.846161;0.738942
-0.192538;-1.03155;0.87949;0.716711
-0.216098;-1.03133;0.892419;0.710482
-0.249671;-1.03143;0.912105;0.704757
-0.256943;-1.03148;0.916561;0.703797
-0.295529;-1.03262;0.921753;0.714608
-0.297685;-1.0339;0.92191;0.723995
-0.298715;-1.03568;0.922047;0.73512
-0.298636;-1.038;0.921855;0.741454
-0.278429;-1.06776;0.912522;0.81608
-0.236319;-1.11794;0.899498;0.902197
-0.215909;-1.14181;0.893788;0.932209
-0.204442;-1.15494;0.890685;0.95111
-0.154879;-1.21107;0.880405;0.999712
-0.138251;-1.2297;0.877521;1.01285
-0.0981714;-1.27515;0.8703;1.04023
-0.0852351;-1.29022;0.867692;1.04774
-0.0564139;-1.32384;0.862579;1.05862
-0.0188024;-1.36756;0.857126;1.07225
0.0434655;-1.43934;0.848577;1.08592
0.0553;-1.45234;0.847497;1.08844
0.142367;-1.54748;0.839525;1.09625
0.153965;-1.56013;0.838435;1.09683
0.194724;-1.60491;0.842439;1.10084
0.202122;-1.61314;0.844352;1.10333
0.218435;-1.62894;0.838009;1.12448
0.221231;-1.63052;0.835114;1.13166
0.224374;-1.63138;0.832028;1.14353
0.249686;-1.6287;0.819489;1.22709
0.281589;-1.6262;0.806985;1.29814
0.330267;-1.62573;0.790597;1.36755
0.43719;-1.63071;0.764611;1.50104
0.458051;-1.63234;0.760548;1.52939
0.479783;-1.63433;0.756202;1.55246
0.555759;-1.64345;0.739395;1.61722
0.580699;-1.64715;0.733734;1.6304
0.613304;-1.65147;0.726291;1.66034
0.792199;-1.68113;0.686339;1.80947
0.815568;-1.68516;0.681779;1.83484
0.95309;-1.71206;0.654189;1.91603
0.987089;-1.71828;0.646903;1.94299
1.1712;-1.75809;0.608114;2.05221
1.21729;-1.76813;0.599518;2.07868
1.32865;-1.79476;0.58038;2.13737
1.66222;-1.88545;0.537878;2.23919
1.68641;-1.89235;0.53578;2.2458
1.8124;-1.93132;0.524469;2.26045
1.84021;-1.93958;0.521341;2.26382
1.86695;-1.94779;0.518155;2.2663
1.92336;-1.96607;0.511101;2.26983
2.01826;-1.99804;0.498786;2.27442
2.11095;-2.03121;0.486761;2.27653
2.16084;-2.04894;0.490451;2.27699
2.20766;-2.0688;0.508863;2.26708
2.21438;-2.07058;0.506229;2.25744
2.21825;-2.07217;0.503943;2.2403
2.2107;-2.07352;0.504983;2.19612
2.20454;-2.07524;0.508507;2.14559
2.20024;-2.07684;0.510089;2.1347
2.14094;-2.13041;0.528873;1.83459
2.13505;-2.13836;0.531062;1.7997
2.11673;-2.16889;0.537209;1.70026
2.07888;-2.25325;0.547501;1.49336
2.06752;-2.28469;0.550769;1.42529
2.06195;-2.30125;0.552427;1.38725
2.0468;-2.35796;0.556863;1.284
2.04226;-2.37893;0.557999;1.26371
2.01213;-2.54602;0.568248;1.01929
2.00488;-2.62233;0.571449;0.916493
1.99927;-2.7316;0.574131;0.775024
1.99843;-2.76717;0.574713;0.754857
1.99898;-2.88632;0.577928;0.610643
2.00483;-3.05061;0.583194;0.451194
2.0061;-3.08246;0.584371;0.409873
2.0154;-3.22355;0.587122;0.263203
2.01844;-3.25796;0.587289;0.242607
2.02146;-3.29125;0.588509;0.201511
2.03316;-3.40233;0.591;0.0998454
2.03733;-3.43723;0.591392;0.0592659
2.09174;-3.79683;0.600071;-0.274248
2.09963;-3.8417;0.601326;-0.315751
2.11268;-3.91412;0.602625;-0.373294
2.12127;-3.95802;0.604461;-0.412823
2.1572;-4.13232;0.607705;-0.54131
2.16537;-4.16548;0.60876;-0.56526
2.19996;-4.29958;0.610861;-0.629282
2.21658;-4.35775;0.61142;-0.647169
2.22505;-4.38547;0.611859;-0.656105
2.25918;-4.49463;0.612411;-0.677334
2.26714;-4.51816;0.613417;-0.682739
2.31898;-4.66666;0.618011;-0.698227
2.32582;-4.68408;0.618574;-0.698843
2.35285;-4.75115;0.620214;-0.70084
2.38149;-4.81547;0.635188;-0.702639
2.39882;-4.84035;0.638508;-0.709177
2.39959;-4.8414;0.637689;-0.710042
2.40171;-4.84138;0.638043;-0.711422
2.40319;-4.84121;0.638624;-0.712211
2.40444;-4.84439;0.638415;-0.711766
2.40577;-4.84646;0.63839;-0.711035
2.41418;-4.92267;0.625978;-0.711558
2.41531;-4.95218;0.621408;-0.712362
2.41752;-4.96755;0.620212;-0.712926
2.41939;-4.98418;0.618609;-0.713352
2.42445;-5.06845;0.608077;-0.714968
2.4346;-5.19736;0.590823;-0.716977
2.43813;-5.3131;0.574862;-0.720386
2.44037;-5.34066;0.571857;-0.721966
2.44276;-5.37589;0.568142;-0.723237
2.45181;-5.54351;0.551078;-0.724896
2.45342;-5.56965;0.548673;-0.724776
2.45582;-5.62721;0.543111;-0.723609
2.46233;-5.75183;0.534481;-0.720881
2.46757;-5.84301;0.528836;-0.71819
2.4686;-5.85818;0.527907;-0.717917
2.47055;-5.90201;0.525158;-0.716531
2.47979;-6.05009;0.543814;-0.718826
2.48121;-6.06059;0.548238;-0.720013
2.48281;-6.07202;0.55119;-0.723282
2.48397;-6.07976;0.551878;-0.728301
2.49628;-6.10935;0.55582;-0.751969
2.51185;-6.14994;0.560386;-0.783098
2.51361;-6.15907;0.560432;-0.790153
2.51504;-6.16911;0.560307;-0.792933
2.52412;-6.21765;0.561143;-0.819146
2.52525;-6.23122;0.560699;-0.825903
2.53121;-6.28517;0.559875;-0.842692
2.53233;-6.30249;0.559488;-0.846719
2.53577;-6.35726;0.557353;-0.856444
2.53659;-6.37054;0.556642;-0.857394
2.54031;-6.4852;0.553941;-0.864812
2.54148;-6.4985;0.554569;-0.865106
2.54219;-6.53828;0.555611;-0.865997
2.54178;-6.54755;0.555586;-0.865985
2.5431;-6.60499;0.557177;-0.866513
2.54354;-6.61149;0.559865;-0.867106
2.54438;-6.62382;0.56547;-0.870108
2.54501;-6.62832;0.566971;-0.874108
2.56833;-6.64684;0.567925;-0.918908
2.57487;-6.64884;0.568043;-0.925494
2.62754;-6.66033;0.567625;-1.0013
2.6704;-6.66897;0.566461;-1.05138
2.7084;-6.67687;0.565665;-1.08401
2.78932;-6.69459;0.560949;-1.16242
2.95177;-6.73073;0.550827;-1.28167
2.9798;-6.73705;0.549513;-1.29131
3.0084;-6.74355;0.547984;-1.31574
3.0375;-6.75026;0.546291;-1.34033
3.12998;-6.77156;0.5411;-1.40225
3.33755;-6.8198;0.533366;-1.50438
3.448;-6.8445;0.53115;-1.53931
3.61935;-6.8825;0.52795;-1.57815
3.64969;-6.88891;0.527299;-1.58528
3.67915;-6.89502;0.526573;-1.58838
3.7981;-6.92085;0.52375;-1.60549
3.82346;-6.92612;0.522785;-1.6089
3.96717;-6.9552;0.517905;-1.61909
3.98693;-6.95892;0.517072;-1.61976
4.00582;-6.96237;0.51633;-1.62088
4.08033;-6.97469;0.513636;-1.62314
4.12906;-6.98178;0.515541;-1.62389
4.1965;-6.9961;0.543499;-1.62316
4.20009;-6.9984;0.546642;-1.62443
4.20299;-7.00096;0.550355;-1.62505
4.21586;-7.01429;0.566833;-1.63224
4.22701;-7.02282;0.575016;-1.63623
4.24221;-7.0344;0.587031;-1.64184
4.25011;-7.04015;0.592448;-1.64325
4.31145;-7.08082;0.618231;-1.65252
4.32176;-7.08797;0.623205;-1.65388
4.41858;-7.15348;0.661752;-1.66084
4.42797;-7.15967;0.664895;-1.6613
4.45635;-7.17788;0.675199;-1.66238
4.46543;-7.18369;0.678505;-1.66252
4.48461;-7.19618;0.684943;-1.66301
4.53662;-7.22887;0.700826;-1.66336
4.55198;-7.23825;0.705808;-1.66334
4.5598;-7.24287;0.70839;-1.66326
4.58818;-7.25992;0.714452;-1.66281
4.59459;-7.26379;0.715138;-1.66254
4.62108;-7.29369;0.741569;-1.62911
4.62237;-7.31234;0.756095;-1.60126
4.62388;-7.3309;0.769978;-1.57386
4.62139;-7.38037;0.797583;-1.52491
4.61675;-7.46622;0.834097;-1.44002
4.61541;-7.48083;0.839414;-1.4324
4.61451;-7.50638;0.848535;-1.41355
4.60841;-7.59778;0.879705;-1.34475
4.60629;-7.62274;0.887852;-1.33269
4.60193;-7.70951;0.913027;-1.28472
4.5908;-7.8591;0.945576;-1.22948
4.57651;-8.00602;0.975551;-1.18978
4.57398;-8.03309;0.980811;-1.18331
4.56483;-8.11035;0.995698;-1.17043
4.56142;-8.1347;1.00033;-1.16831
4.54677;-8.25476;1.02517;-1.1542
4.54123;-8.30078;1.03474;-1.1514
4.53924;-8.32032;1.03893;-1.14976
4.52784;-8.41168;1.05753;-1.14501
4.5263;-8.42748;1.06044;-1.1443
4.51732;-8.51659;1.0629;-1.14517
4.51733;-8.52643;1.05907;-1.145
4.51824;-8.5418;1.04909;-1.14215
4.51157;-8.55357;1.03001;-1.12936
4.47605;-8.57081;0.993403;-1.10386
4.46777;-8.57509;0.987172;-1.09815
4.45815;-8.57982;0.981078;-1.0929
4.43224;-8.59189;0.968423;-1.08573
4.41917;-8.59773;0.963278;-1.0813
4.29274;-8.6541;0.924187;-1.06075
4.27925;-8.65984;0.921035;-1.05988
4.24239;-8.67793;0.912033;-1.05683
4.21932;-8.68809;0.906263;-1.05491
4.17576;-8.70814;0.894514;-1.0533
4.11807;-8.73312;0.880211;-1.05189
4.10944;-8.73654;0.878267;-1.05166
4.10081;-8.73978;0.876434;-1.05162
4.06939;-8.75369;0.881168;-1.0511
4.06187;-8.75728;0.887446;-1.05138
4.05761;-8.77122;0.883406;-1.09138
4.06275;-8.7716;0.881518;-1.09798
4.08902;-8.76997;0.878527;-1.13832
4.11335;-8.76566;0.871174;-1.1813
4.18542;-8.74864;0.847326;-1.28074
4.24523;-8.73055;0.828648;-1.34767
4.26577;-8.72408;0.82309;-1.37407
4.28698;-8.71723;0.817366;-1.3842
4.38442;-8.68795;0.790938;-1.45532
4.40891;-8.68208;0.784608;-1.47219
4.61645;-8.66275;0.733572;-1.51824
4.64147;-8.66509;0.727368;-1.51993
4.77691;-8.69381;0.697604;-1.51651
4.80168;-8.7025;0.692548;-1.51472
4.9055;-8.74352;0.674577;-1.50933
4.92827;-8.75403;0.670609;-1.5079
5.01521;-8.79638;0.656312;-1.50439
5.03569;-8.80681;0.653153;-1.50404
5.05993;-8.81981;0.649302;-1.50342
5.11427;-8.85032;0.640041;-1.50238
5.21169;-8.90944;0.62269;-1.50135
5.26585;-8.94518;0.613975;-1.50081
5.32095;-8.98513;0.607477;-1.50063
5.32935;-8.99202;0.610001;-1.50065
5.36357;-9.01968;0.62821;-1.50156
5.36713;-9.0232;0.627848;-1.50068
5.37393;-9.0298;0.627402;-1.50006
5.37826;-9.03442;0.627463;-1.49995
5.38081;-9.038;0.627078;-1.50018
5.39689;-9.06096;0.619708;-1.50194
5.40125;-9.06749;0.617135;-1.50228
5.45985;-9.15076;0.587901;-1.50146
5.49561;-9.19814;0.574528;-1.49939
5.50757;-9.21445;0.570028;-1.49862
5.57606;-9.30607;0.545086;-1.49602
5.59126;-9.32642;0.53954;-1.49546
5.67933;-9.44387;0.509387;-1.49253
5.69737;-9.46804;0.504314;-1.49124
5.73394;-9.51731;0.494359;-1.48896
5.85054;-9.67295;0.467569;-1.48499
5.92167;-9.77;0.451443;-1.48513
5.97144;-9.83683;0.440522;-1.48558
6.01366;-9.89361;0.432223;-1.48621
6.07559;-9.97771;0.420512;-1.48704
6.09018;-9.99667;0.417223;-1.48722
6.12204;-10.0387;0.409557;-1.48761
6.13172;-10.0517;0.40716;-1.48776
6.14094;-10.0641;0.404876;-1.48782
6.16773;-10.1;0.407204;-1.48806
6.17456;-10.1093;0.41008;-1.48807
6.19045;-10.1575;0.39852;-1.43972
6.14418;-10.1775;0.384819;-1.36687
6.13329;-10.1812;0.380749;-1.35168
6.07724;-10.2008;0.364258;-1.29783
6.05706;-10.2073;0.360069;-1.2824
5.98207;-10.2333;0.347927;-1.22576
5.96137;-10.2414;0.345221;-1.21873
5.93527;-10.2505;0.342149;-1.20584
5.89195;-10.2681;0.337337;-1.18907
5.74908;-10.3451;0.324692;-1.15215
5.7258;-10.3607;0.323015;-1.14801
5.64907;-10.4164;0.317983;-1.14036
5.50177;-10.5436;0.305296;-1.13656
5.47878;-10.5653;0.303899;-1.13659
5.39212;-10.6535;0.299257;-1.13614
5.36531;-10.68;0.298689;-1.13589
5.30546;-10.7423;0.29687;-1.13511
5.26908;-10.7824;0.29501;-1.13452
5.25022;-10.802;0.294459;-1.13398
5.16412;-10.898;0.291815;-1.13223
5.14796;-10.9149;0.291184;-1.13193
5.02743;-11.0486;0.288618;-1.13052
4.99643;-11.0841;0.298099;-1.1323
4.98874;-11.0923;0.301758;-1.13552
4.97523;-11.1131;0.31721;-1.16271
4.97407;-11.117;0.323259;-1.17548
5.00805;-11.1443;0.380224;-1.29423
5.01478;-11.1502;0.388251;-1.31778
5.02206;-11.1571;0.39692;-1.34278
5.02984;-11.1649;0.405994;-1.35837
5.03818;-11.1756;0.416598;-1.3816
5.0953;-11.2603;0.462265;-1.5057
5.1378;-11.3272;0.488759;-1.55158
5.17389;-11.3804;0.508886;-1.57599
5.18264;-11.3923;0.513162;-1.57869
5.22269;-11.4496;0.532885;-1.59651
5.24886;-11.487;0.546416;-1.60279
5.25672;-11.4976;0.55039;-1.60449
5.26308;-11.5058;0.553453;-1.60589
5.26947;-11.5138;0.556304;-1.6066
5.28475;-11.5354;0.5664;-1.60917
5.29134;-11.5437;0.570006;-1.60975
5.31135;-11.5783;0.55685;-1.56886
5.28632;-11.5641;0.539292;-1.49037
5.27838;-11.5584;0.535027;-1.46539
5.24588;-11.5335;0.520236;-1.39011
5.23447;-11.524;0.514923;-1.3617
5.22245;-11.5138;0.509253;-1.34552
5.20607;-11.4995;0.502322;-1.30982
5.1463;-11.4452;0.483223;-1.20539
5.04309;-11.3462;0.457446;-1.10651
4.97931;-11.2815;0.441593;-1.07264
4.93196;-11.2309;0.428797;-1.05262
4.91867;-11.2161;0.425173;-1.04638
4.86293;-11.1552;0.412747;-1.03062
4.84026;-11.1291;0.40723;-1.02615
4.78586;-11.0662;0.395345;-1.01849
4.74924;-11.0226;0.389563;-1.01487
4.74169;-11.0135;0.391921;-1.01455
4.73492;-11.0052;0.39632;-1.01466
4.7177;-10.9839;0.426316;-1.08778
4.72829;-10.9922;0.432742;-1.12976
4.73562;-10.9976;0.435635;-1.14231
4.79186;-11.033;0.447443;-1.27645
4.80633;-11.0409;0.449501;-1.29362
4.89855;-11.086;0.461844;-1.45625
4.91944;-11.0951;0.464177;-1.47511
4.94146;-11.1043;0.466382;-1.51268
4.9646;-11.1137;0.468577;-1.55466
5.04372;-11.1434;0.476187;-1.64661
5.19054;-11.1915;0.487914;-1.8037
5.34648;-11.2357;0.493389;-1.94116
5.51577;-11.2755;0.498053;-2.0462
5.54728;-11.2821;0.498883;-2.05285
5.61675;-11.296;0.500902;-2.0824
5.71235;-11.3134;0.504753;-2.10762
5.79454;-11.3268;0.508628;-2.12461
5.81952;-11.3307;0.509699;-2.12799
5.91876;-11.3456;0.513465;-2.1422
5.94041;-11.3487;0.514067;-2.14495
6.01775;-11.3576;0.515961;-2.15081
6.04004;-11.3601;0.516531;-2.15195
6.14864;-11.3708;0.531287;-2.12548
6.15118;-11.3734;0.535545;-2.11184
6.14362;-11.3887;0.54947;-2.0601
6.11587;-11.4183;0.565233;-1.97716
6.08606;-11.447;0.578389;-1.9053
6.07472;-11.4583;0.583017;-1.8743
6.06271;-11.4709;0.587727;-1.85843
6.01932;-11.5167;0.603323;-1.77276
6.00466;-11.5314;0.608376;-1.73899
5.87921;-11.6686;0.650729;-1.53303
5.77849;-11.7839;0.676119;-1.40419
5.76329;-11.8011;0.679266;-1.3825
5.69742;-11.8787;0.692666;-1.33389
5.58673;-11.9962;0.713851;-1.2798
5.56701;-12.0183;0.717463;-1.26976
5.48651;-12.0997;0.728183;-1.24741
5.46361;-12.1242;0.731371;-1.24152
5.45037;-12.1387;0.733291;-1.23635
5.37472;-12.2144;0.744202;-1.22408
5.35883;-12.2311;0.746567;-1.22101
5.22587;-12.3651;0.758033;-1.20837
5.18177;-12.4133;0.747582;-1.2161
5.17342;-12.4214;0.740788;-1.2183
5.15855;-12.4441;0.694685;-1.25167
5.16073;-12.4462;0.673118;-1.26465
5.16424;-12.4468;0.66207;-1.27265
5.16912;-12.4473;0.650505;-1.27743
5.20621;-12.4528;0.583973;-1.30737
5.21713;-12.4558;0.564489;-1.31164
5.30028;-12.5024;0.458457;-1.34886
5.31966;-12.5162;0.435688;-1.35411
5.35228;-12.5403;0.402141;-1.36077
5.37205;-12.5548;0.38294;-1.36421
5.43969;-12.6037;0.319216;-1.37259
5.44833;-12.6099;0.311201;-1.37352
5.45689;-12.616;0.303666;-1.37401
5.46747;-12.6235;0.294912;-1.37492
5.49152;-12.6404;0.276245;-1.37656
5.49918;-12.6458;0.270649;-1.37706
5.54688;-12.6803;0.25448;-1.37805
5.55293;-12.6851;0.263526;-1.37723
5.56064;-12.6916;0.271643;-1.37354
5.56169;-12.7109;0.255176;-1.33318
5.55773;-12.7153;0.252264;-1.32293
5.53455;-12.7419;0.233527;-1.27721
5.51322;-12.7697;0.213954;-1.24145
5.50673;-12.7796;0.206414;-1.23331
5.49976;-12.7906;0.198735;-1.21918
5.45705;-12.8626;0.165539;-1.16653
5.44846;-12.8772;0.160376;-1.15579
5.3742;-13.0004;0.118988;-1.10634
5.36302;-13.0183;0.113118;-1.10128
5.32117;-13.0874;0.0911211;-1.08741
5.27879;-13.1565;0.0727323;-1.07864
5.25104;-13.2015;0.0616554;-1.07534
5.24297;-13.215;0.0583561;-1.07451
5.23829;-13.2227;0.056538;-1.07373
5.23222;-13.2326;0.0542923;-1.0734
5.21375;-13.263;0.0482518;-1.07249
5.2084;-13.2718;0.0482973;-1.07263
5.18135;-13.3269;0.0469986;-1.11751
5.17096;-13.3568;0.0466651;-1.18765
5.16674;-13.3663;0.0464509;-1.20717
5.16267;-13.3746;0.04616;-1.23274
5.14549;-13.4084;0.042802;-1.29675
5.14043;-13.4173;0.0421694;-1.30773
5.10581;-13.475;0.0387071;-1.4078
5.09625;-13.4904;0.0378335;-1.43695
5.0495;-13.5635;0.0343223;-1.52555
4.97984;-13.6704;0.029644;-1.66346
4.96508;-13.6932;0.0283289;-1.68231
4.87961;-13.8206;0.020616;-1.82691
4.86202;-13.8469;0.0190231;-1.83951
4.82575;-13.9006;0.0163686;-1.90148
4.70935;-14.0766;0.00878236;-2.00423
4.55193;-14.3295;0.00251446;-2.07276
4.53706;-14.3539;0.0019994;-2.07516
4.5227;-14.3776;0.00153595;-2.07941
4.50886;-14.4003;0.00102318;-2.08307
4.49553;-14.4223;0.000586511;-2.08497
4.45505;-14.4893;-0.0010197;-2.09075
4.44332;-14.509;-0.00170631;-2.09258
4.34986;-14.6619;-0.00510821;-2.09862
4.34387;-14.6714;-0.00437737;-2.09747
4.3274;-14.6983;-0.00101538;-2.09133
4.3216;-14.7079;-1.83963e-05;-2.08288
4.31694;-14.7158;0.000626207;-2.07744
4.31809;-14.7314;0.00656227;-1.98802
4.32308;-14.7286;0.00802115;-1.96331
4.41527;-14.6803;0.0170441;-1.73026
4.42924;-14.6756;0.018044;-1.69303
4.47803;-14.663;0.0215099;-1.596
4.49445;-14.6604;0.0231489;-1.57602
4.52817;-14.657;0.0264765;-1.49184
4.63861;-14.6608;0.039336;-1.29313
4.65618;-14.6631;0.041389;-1.27262
4.76564;-14.6911;0.0503784;-1.09017
4.78674;-14.6987;0.0516708;-1.06252
4.80322;-14.7052;0.0528338;-1.03796
4.8193;-14.7119;0.0539216;-1.02678
4.88383;-14.7427;0.0574534;-0.964507
4.95418;-14.7815;0.0601949;-0.924817
5.02421;-14.8222;0.0660984;-0.898938
5.03766;-14.8301;0.0676131;-0.895706
5.07526;-14.8537;0.0718027;-0.888522
5.11115;-14.8765;0.0756731;-0.885414
5.11886;-14.8817;0.07664;-0.884774
5.12612;-14.8866;0.0771605;-0.883986
5.15313;-14.9034;0.0766732;-0.884534
5.15788;-14.9078;0.0765533;-0.886443
5.16499;-14.9253;0.0785273;-0.900891
5.15012;-14.9618;0.0792302;-0.931021
5.12298;-15.0028;0.0764468;-0.970153
5.1155;-15.0145;0.0752113;-0.975034
5.06385;-15.0854;0.0686226;-1.02885
4.99111;-15.1859;0.0615923;-1.06803
4.9801;-15.2024;0.061303;-1.07094
4.9689;-15.2188;0.0610458;-1.07606
4.95758;-15.235;0.0607131;-1.08046
4.92043;-15.2855;0.0599951;-1.08965
4.91007;-15.3007;0.0603039;-1.0911
4.82929;-15.4146;0.0599816;-1.1027
4.82057;-15.4271;0.0597056;-1.10307
4.78666;-15.4764;0.0589498;-1.10548
4.77939;-15.4872;0.0586665;-1.10598
4.72872;-15.5631;0.0643862;-1.10811
4.72547;-15.5688;0.0646691;-1.11127
4.72419;-15.5739;0.0637797;-1.11351
4.72707;-15.5848;0.0568759;-1.13526
4.74276;-15.5942;0.0489342;-1.16913
4.77015;-15.6077;0.0398845;-1.2128
4.81705;-15.6325;0.022081;-1.28556
4.91425;-15.692;-0.00844744;-1.38856
4.93175;-15.7032;-0.0124501;-1.40509
4.9893;-15.7403;-0.0249635;-1.44004
5.06131;-15.7858;-0.0388;-1.47101
5.08288;-15.7991;-0.0428809;-1.47978
5.09973;-15.8094;-0.0460886;-1.48633
5.11695;-15.8201;-0.0488952;-1.48962
5.18478;-15.8616;-0.0605105;-1.50785
5.3123;-15.9358;-0.0807822;-1.52538
5.32093;-15.9405;-0.0821191;-1.52652
5.36516;-15.9639;-0.0881688;-1.52898
5.37476;-15.9687;-0.087258;-1.52892
5.40825;-15.9873;-0.0680167;-1.51375
5.41143;-15.9906;-0.0644802;-1.50216
5.41165;-15.9954;-0.0589587;-1.47903
5.40878;-15.9995;-0.0539537;-1.45744
5.34142;-16.062;-0.00975851;-1.26151
5.33003;-16.0731;-0.00450345;-1.23049
5.27967;-16.1241;0.0159299;-1.14515
5.26593;-16.1379;0.0198646;-1.12067
5.19078;-16.2118;0.039773;-1.04252
5.17555;-16.226;0.0431387;-1.02625
5.11118;-16.2828;0.0557676;-0.987553
5.09613;-16.2955;0.0583152;-0.98309
5.03311;-16.3464;0.0696902;-0.958969
5.01867;-16.3576;0.072297;-0.954014
4.9346;-16.4215;0.0866211;-0.937862
4.92221;-16.4308;0.0887547;-0.936821
4.91012;-16.4399;0.0907139;-0.935015
4.83028;-16.4975;0.104079;-0.931499
4.80639;-16.5157;0.102565;-0.953149
4.80984;-16.524;0.103182;-1.01143
4.84033;-16.5299;0.101691;-1.09234
4.85347;-16.5324;0.100592;-1.10817
4.8657;-16.5348;0.0995619;-1.13617
4.87936;-16.5375;0.0984824;-1.16195
4.89435;-16.5407;0.0972151;-1.17897
4.98563;-16.5605;0.0898924;-1.30938
5.05798;-16.5785;0.0840323;-1.3914
5.19357;-16.616;0.0733173;-1.52999
5.33974;-16.6613;0.0617681;-1.66237
5.37855;-16.6738;0.0588302;-1.68949
5.47509;-16.7045;0.0533806;-1.7459
5.50779;-16.7147;0.0518244;-1.76589
5.54044;-16.7248;0.0503498;-1.77258
5.8042;-16.8028;0.0390816;-1.8513
5.88896;-16.8261;0.0365866;-1.86497
6.02645;-16.862;0.0326863;-1.87975
6.09204;-16.8783;0.0310146;-1.88525
6.11226;-16.8833;0.0304136;-1.88668
6.20826;-16.9035;0.0324197;-1.89081
6.22326;-16.9068;0.0351349;-1.89136
6.2824;-16.9238;0.0479725;-1.86396
6.28629;-16.9277;0.0501796;-1.86071
6.28883;-16.9323;0.0526725;-1.85024
6.29089;-16.9441;0.058036;-1.83324
6.28345;-17.0025;0.0759152;-1.75672
6.27754;-17.0486;0.08604;-1.70585
6.27553;-17.0687;0.08939;-1.68643
6.27281;-17.0993;0.0930388;-1.65921
6.26031;-17.2376;0.105787;-1.58564
6.25126;-17.3111;0.111594;-1.56239
6.24889;-17.3288;0.112868;-1.56031
6.24598;-17.3506;0.11436;-1.55502
6.24369;-17.3677;0.115532;-1.55098
6.23178;-17.45;0.12002;-1.53861
6.22953;-17.4642;0.120783;-1.53644
6.21256;-17.576;0.13007;-1.52702
6.21044;-17.5854;0.131532;-1.52676
6.20795;-17.5968;0.133401;-1.52635
6.20205;-17.6283;0.138247;-1.53087
6.19622;-17.6448;0.122426;-1.53568
6.19454;-17.6456;0.120282;-1.53521
6.19099;-17.6481;0.114533;-1.53264
6.18619;-17.6537;0.105302;-1.52954
6.17204;-17.671;0.0828026;-1.51986
6.1675;-17.6779;0.0761543;-1.51827
6.12914;-17.7372;0.0380208;-1.50825
6.12223;-17.7491;0.0323885;-1.50675
6.10626;-17.7751;0.0198037;-1.50454
6.06233;-17.8445;-0.0111849;-1.49783
6.05487;-17.8547;-0.0154713;-1.49663
6.00384;-17.9293;-0.0437414;-1.49196
5.99916;-17.9363;-0.0461883;-1.49178
5.99323;-17.9457;-0.0494275;-1.49114
5.9863;-17.9574;-0.0534913;-1.49073
5.95177;-18.0088;-0.0714504;-1.48947
5.94575;-18.0155;-0.0736373;-1.48941
5.91698;-18.0525;-0.0511525;-1.50193
5.9153;-18.0546;-0.0466383;-1.51067
5.92589;-18.0515;-0.0177334;-1.57163
5.93136;-18.0492;-0.0101284;-1.5954
5.9594;-18.0401;0.0165202;-1.65796
5.96859;-18.0369;0.0249563;-1.66904
5.97937;-18.0337;0.0335162;-1.70028
6.02114;-18.0231;0.0610816;-1.77243
6.13118;-17.9974;0.107672;-1.90275
6.21803;-17.9767;0.136615;-1.96145
6.29462;-17.9579;0.158843;-1.99435
6.3476;-17.9438;0.173973;-2.01256
6.40275;-17.9291;0.189557;-2.02474
6.41835;-17.9246;0.193844;-2.02826
6.48348;-17.9075;0.210235;-2.03707
6.49625;-17.9033;0.213796;-2.03799
6.50899;-17.8992;0.217182;-2.03953
6.56202;-17.8834;0.229376;-2.04291
6.56981;-17.8803;0.231234;-2.04327
6.63259;-17.8585;0.238355;-2.02893
6.63112;-17.8658;0.247416;-2.00659
6.62157;-17.8751;0.253324;-1.98808
6.60794;-17.8924;0.26103;-1.96734
6.58411;-17.9254;0.273944;-1.92685
6.54156;-17.9893;0.295026;-1.8634
6.51894;-18.0253;0.303608;-1.83605
6.41339;-18.1976;0.330121;-1.75026
6.38946;-18.2383;0.335877;-1.74009
6.36738;-18.2783;0.340959;-1.73108
6.35701;-18.2979;0.343301;-1.7258
6.29134;-18.4053;0.358096;-1.70808
6.2804;-18.4249;0.36105;-1.70584
6.23917;-18.48;0.368804;-1.70044
6.2306;-18.493;0.370436;-1.69923
6.17639;-18.5642;0.379487;-1.69528
6.16813;-18.5769;0.380249;-1.69591
6.1594;-18.5858;0.379671;-1.69617
6.1347;-18.6165;0.370679;-1.7044
6.13111;-18.6187;0.369483;-1.70694
6.13453;-18.6295;0.358535;-1.73019
6.13562;-18.633;0.355388;-1.73238
6.16154;-18.6665;0.336004;-1.75868
6.16608;-18.6747;0.331704;-1.76174
6.18881;-18.7095;0.318116;-1.77505
6.22293;-18.7609;0.303064;-1.7876
6.25093;-18.8015;0.292336;-1.79521
6.28014;-18.8444;0.281294;-1.80205
6.2913;-18.8605;0.277287;-1.80441
6.32835;-18.9109;0.26495;-1.80954
6.37478;-18.9727;0.250616;-1.81508
6.38144;-18.9838;0.248213;-1.81541
6.42094;-19.0385;0.238256;-1.81825
6.44474;-19.0761;0.232096;-1.81954
6.45124;-19.0848;0.231305;-1.8196
6.46746;-19.1106;0.234774;-1.81817
6.47374;-19.1227;0.23558;-1.81787
6.47851;-19.1366;0.230322;-1.81987
6.47846;-19.14;0.228344;-1.82258
6.4994;-19.1935;0.207112;-1.88808
6.50344;-19.2023;0.204307;-1.89325
6.53064;-19.2459;0.193383;-1.92522
6.54205;-19.2617;0.189873;-1.93177
6.56646;-19.3008;0.181537;-1.94754
6.57578;-19.3141;0.178984;-1.95028
6.62509;-19.3823;0.166517;-1.97023
6.63457;-19.3947;0.164526;-1.97192
6.67363;-19.4451;0.155649;-1.9811
6.72733;-19.5108;0.144183;-1.98855
6.743;-19.5296;0.141038;-1.98987
6.76039;-19.5491;0.13803;-1.99125
6.7794;-19.573;0.133647;-1.99231
6.79213;-19.5871;0.131259;-1.99275
6.81783;-19.617;0.127199;-1.99055
6.8211;-19.6212;0.123695;-1.98745
6.82651;-19.6386;0.0985926;-1.96572
6.82597;-19.6553;0.0752847;-1.94204
6.82498;-19.6625;0.0670517;-1.93653
6.82275;-19.6882;0.0390153;-1.90699
6.82074;-19.734;-0.0023221;-1.85481
6.82077;-19.7968;-0.054006;-1.79996
6.82143;-19.8138;-0.0674729;-1.79155
6.8296;-19.9554;-0.170953;-1.68305
6.83198;-19.9838;-0.190794;-1.66636
6.84201;-20.1067;-0.264297;-1.59789
6.84511;-20.1398;-0.280745;-1.58387
6.84695;-20.1662;-0.293477;-1.57748
6.85263;-20.2451;-0.330014;-1.54987
6.85678;-20.3028;-0.355159;-1.5348
6.87219;-20.5021;-0.440634;-1.50449
6.87399;-20.5246;-0.450025;-1.50216
6.88358;-20.6342;-0.492994;-1.49509
6.8856;-20.6539;-0.49997;-1.49391
6.89395;-20.7305;-0.526146;-1.49134
6.90258;-20.7953;-0.546041;-1.48981
6.90462;-20.8125;-0.544562;-1.48971
6.91362;-20.8623;-0.526824;-1.48812
6.91749;-20.9087;-0.532808;-1.46974
6.91119;-20.9191;-0.532682;-1.45543
6.9051;-20.9338;-0.533677;-1.44355
6.90023;-20.941;-0.534109;-1.435
6.85898;-20.9857;-0.53425;-1.39923
6.8486;-20.9961;-0.534073;-1.39039
6.79563;-21.0422;-0.533643;-1.37088
6.78288;-21.0538;-0.533559;-1.36524
6.7009;-21.1188;-0.530964;-1.34313
6.6846;-21.1317;-0.52994;-1.34033
6.67136;-21.1413;-0.529179;-1.33877
6.60602;-21.19;-0.526879;-1.32881
6.597;-21.1961;-0.526459;-1.32824
6.58493;-21.2039;-0.525623;-1.32689
6.49758;-21.2636;-0.519982;-1.32158
6.48064;-21.2758;-0.519295;-1.3208
6.46993;-21.2822;-0.518842;-1.32058
6.44708;-21.2965;-0.516411;-1.32086
6.43335;-21.3162;-0.516177;-1.32624
6.43593;-21.3214;-0.516076;-1.32623
6.45759;-21.3505;-0.514706;-1.3142
6.46416;-21.3597;-0.514704;-1.31192
6.51817;-21.4843;-0.516023;-1.27022
6.52282;-21.5023;-0.516536;-1.26521
6.53392;-21.5466;-0.517857;-1.25959
6.54392;-21.5888;-0.519134;-1.25232
6.56039;-21.6762;-0.522465;-1.24411
6.57702;-21.7775;-0.526548;-1.23562
6.58126;-21.7971;-0.526794;-1.23487
6.58486;-21.8156;-0.526986;-1.23363
6.59035;-21.8497;-0.527184;-1.23189
6.60472;-21.9436;-0.528427;-1.2286
6.60603;-21.9562;-0.528579;-1.22816
6.6157;-22.0184;-0.533141;-1.22721
6.61715;-22.0536;-0.535265;-1.22802
6.61679;-22.0591;-0.535216;-1.22791
6.62523;-22.0841;-0.532645;-1.22365
6.62581;-22.0879;-0.531566;-1.22078
6.63142;-22.1147;-0.524908;-1.20166
6.63132;-22.1221;-0.522621;-1.19819
6.62788;-22.176;-0.510791;-1.16414
6.62545;-22.1886;-0.508327;-1.16007
6.58805;-22.3429;-0.476418;-1.09549
6.58207;-22.3691;-0.472031;-1.08636
6.55125;-22.4652;-0.455071;-1.0529
6.54687;-22.4842;-0.451923;-1.04808
6.51417;-22.5889;-0.436703;-1.01909
6.50124;-22.6223;-0.432685;-1.01354
6.47651;-22.7074;-0.42517;-1.00051
6.44229;-22.7954;-0.417116;-0.990357
6.43372;-22.823;-0.414445;-0.988517
6.42452;-22.8498;-0.411889;-0.984843
6.36267;-23.003;-0.397607;-0.972347
6.33341;-23.0689;-0.391837;-0.967849
6.27962;-23.1931;-0.383744;-0.962505
6.26847;-23.2138;-0.382091;-0.961867
6.24009;-23.2859;-0.375806;-0.960131
6.23457;-23.2966;-0.374783;-0.959885
6.21137;-23.3562;-0.375844;-0.965945
6.20696;-23.3714;-0.373351;-0.977874
6.20555;-23.3795;-0.36941;-0.990316
6.22336;-23.4121;-0.347877;-1.06115
6.22776;-23.417;-0.343121;-1.08161
6.29607;-23.5005;-0.281075;-1.31168
6.3037;-23.512;-0.273254;-1.33368
6.30923;-23.5209;-0.267521;-1.36997
6.35534;-23.593;-0.234541;-1.49369
6.36368;-23.607;-0.228861;-1.51521
6.40512;-23.6678;-0.206065;-1.57997
6.41448;-23.6812;-0.201021;-1.58701
6.43362;-23.7096;-0.190204;-1.61091
6.4446;-23.7231;-0.185862;-1.61601
6.47523;-23.7625;-0.172509;-1.63711
6.5248;-23.8256;-0.151821;-1.66237
6.55557;-23.8626;-0.141314;-1.67111
6.58075;-23.8923;-0.132583;-1.67613
6.60954;-23.9241;-0.137104;-1.67374
6.61327;-23.9294;-0.142241;-1.67092
6.62682;-23.946;-0.151003;-1.66626
6.62828;-23.9491;-0.15296;-1.66688
6.62953;-23.9528;-0.156087;-1.66916
6.63749;-23.9622;-0.161786;-1.67542
6.66378;-24.0042;-0.181029;-1.71442
6.6895;-24.0501;-0.196638;-1.75443
6.73691;-24.1275;-0.214598;-1.80381
6.74896;-24.1496;-0.219073;-1.81677
6.77881;-24.2068;-0.230322;-1.85038
6.79113;-24.2267;-0.233608;-1.85729
6.87546;-24.3713;-0.256151;-1.92885
6.88661;-24.3894;-0.258503;-1.94355
6.9202;-24.4455;-0.266174;-1.96579
7.04082;-24.6425;-0.28962;-2.03507
7.05744;-24.6703;-0.292554;-2.04291
7.08033;-24.7051;-0.29691;-2.04659
7.13185;-24.7858;-0.306746;-2.06218
7.14794;-24.8117;-0.309828;-2.06742
7.27567;-25.0071;-0.327727;-2.08956
7.29386;-25.0341;-0.329544;-2.09174
7.34346;-25.1123;-0.334803;-2.09671
7.39421;-25.1879;-0.338935;-2.09944
7.41338;-25.2187;-0.340917;-2.10056
7.42447;-25.2341;-0.341841;-2.10079
7.45459;-25.2788;-0.340385;-2.10072
7.4617;-25.2902;-0.337695;-2.10068
7.48913;-25.3306;-0.319557;-2.09197
7.49468;-25.3436;-0.304694;-2.08459
7.49574;-25.3701;-0.267071;-2.07312
7.49664;-25.3767;-0.259373;-2.07172
7.49238;-25.4604;-0.192548;-2.04715
7.49133;-25.4728;-0.186334;-2.04549
7.48997;-25.4855;-0.180102;-2.04252
7.4883;-25.4985;-0.17382;-2.03984
7.48712;-25.54;-0.152969;-2.03467
7.48237;-25.5898;-0.129705;-2.03053
7.47905;-25.627;-0.112777;-2.028
7.4738;-25.6693;-0.0956166;-2.0259
7.46568;-25.7201;-0.0755247;-2.02443
7.46505;-25.7265;-0.072966;-2.02412
7.46204;-25.7446;-0.0657886;-2.02364
7.4573;-25.7663;-0.0575125;-2.02306
7.45611;-25.7727;-0.0556728;-2.02302
7.45135;-25.7916;-0.0618355;-2.02433
7.45161;-25.8098;-0.0595638;-2.01685
7.45506;-25.8293;-0.0536324;-1.98441
7.4486;-25.8954;-0.0343423;-1.91389
7.44294;-25.9236;-0.027999;-1.884
7.44016;-25.9429;-0.0230513;-1.87626
7.42011;-26.0365;-0.000827718;-1.80446
7.41563;-26.0579;0.00372055;-1.79627
7.40922;-26.086;0.00941056;-1.77989
7.40349;-26.1095;0.0142489;-1.76303
7.38324;-26.1853;0.0296806;-1.71813
7.3054;-26.4625;0.0797679;-1.59907
7.29581;-26.4939;0.0834727;-1.59349
7.28587;-26.5255;0.0871608;-1.58243
7.25473;-26.6197;0.098013;-1.56263
7.22324;-26.7152;0.110107;-1.54705
7.19268;-26.8033;0.120525;-1.53494
7.16664;-26.8783;0.129138;-1.52695
7.14995;-26.9247;0.134673;-1.523
7.11744;-27.0144;0.146504;-1.51702
7.11046;-27.0338;0.149184;-1.5157
7.05968;-27.1732;0.164937;-1.51139
7.05284;-27.1909;0.166412;-1.51228
7.03713;-27.2427;0.163412;-1.51435
7.03541;-27.2497;0.162372;-1.51595
7.0346;-27.2613;0.161422;-1.51744
7.03428;-27.2641;0.160887;-1.51718
7.02759;-27.285;0.160997;-1.50891
7.02233;-27.2958;0.160272;-1.50511
7.0174;-27.305;0.159125;-1.50254
6.98636;-27.3645;0.150924;-1.49482
6.98126;-27.3748;0.150026;-1.49421
6.94315;-27.445;0.144116;-1.48906
6.93773;-27.4559;0.143346;-1.48816
6.92623;-27.4775;0.141471;-1.48699
6.89166;-27.5409;0.138125;-1.48394
6.87199;-27.5776;0.137398;-1.48263
6.86636;-27.5885;0.137287;-1.48236
6.85716;-27.6052;0.13693;-1.482
6.85243;-27.6133;0.136687;-1.48183
6.8363;-27.6439;0.136353;-1.48157
6.83226;-27.6506;0.136254;-1.48157
6.8131;-27.6903;0.155638;-1.4788
6.81178;-27.6937;0.159339;-1.47782
6.80031;-27.7049;0.180193;-1.46855
6.79553;-27.7072;0.186422;-1.46476
6.76753;-27.7169;0.216996;-1.45256
6.72479;-27.7283;0.248606;-1.43768
6.7085;-27.7323;0.25831;-1.43355
6.61271;-27.7539;0.298262;-1.41755
6.59614;-27.7573;0.304138;-1.41627
6.52765;-27.7712;0.327821;-1.40945
6.4656;-27.7829;0.346598;-1.40536
6.39175;-27.7967;0.365178;-1.40274
6.37812;-27.7991;0.3684;-1.40236
6.32538;-27.8082;0.381767;-1.4013
6.31338;-27.8101;0.384573;-1.40101
6.29061;-27.8135;0.389895;-1.40075
6.2192;-27.8239;0.405853;-1.39988
6.21143;-27.8252;0.406185;-1.39981
6.2045;-27.8265;0.405961;-1.40023
6.19179;-27.8309;0.402407;-1.41158
6.20555;-27.8401;0.392903;-1.47236
6.21282;-27.8423;0.390237;-1.48242
6.24064;-27.8496;0.379675;-1.54298
6.25478;-27.8529;0.374452;-1.571
6.32437;-27.8672;0.348712;-1.70087
6.3444;-27.871;0.342044;-1.73707
6.44241;-27.8874;0.311281;-1.88559
6.45804;-27.8898;0.306313;-1.92301
6.60114;-27.9105;0.262431;-2.09133
6.78684;-27.954;0.205932;-2.19292
6.81135;-27.9631;0.198515;-2.19737
6.88439;-27.9953;0.175448;-2.21279
6.90885;-28.0074;0.167808;-2.21642
7.03279;-28.0866;0.125025;-2.21746
7.05626;-28.1041;0.116617;-2.21546
7.15114;-28.19;0.0790822;-2.20437
7.17432;-28.2117;0.0700711;-2.20228
7.22436;-28.2638;0.0493683;-2.19306
7.28718;-28.3405;0.0218733;-2.18043
7.39611;-28.4885;-0.0271042;-2.15798
7.54746;-28.745;-0.0899191;-2.12697
7.5991;-28.8435;-0.110506;-2.11973
7.62701;-28.9014;-0.121768;-2.11591
7.64128;-28.9302;-0.127449;-2.1152
7.70396;-29.0698;-0.153931;-2.11095
7.71557;-29.095;-0.159213;-2.11076
7.72642;-29.1192;-0.164295;-2.11028
7.739;-29.1484;-0.170322;-2.1098
7.77385;-29.2341;-0.186393;-2.10915
7.78209;-29.2543;-0.189643;-2.10887
7.83778;-29.4054;-0.19306;-2.10881
7.84074;-29.4151;-0.191399;-2.10776
7.84801;-29.4398;-0.19809;-2.09696
7.84762;-29.4437;-0.200678;-2.09347
7.83378;-29.4468;-0.208038;-2.05979
7.82519;-29.4449;-0.21026;-2.04866
7.80658;-29.4393;-0.215181;-2.03199
7.77216;-29.4267;-0.224554;-2.00105
7.68658;-29.3954;-0.242934;-1.95121
7.57448;-29.3579;-0.27092;-1.8829
7.46688;-29.3265;-0.291166;-1.83524
7.43924;-29.3189;-0.297256;-1.81879
7.25455;-29.2696;-0.336744;-1.73835
7.22229;-29.2616;-0.34252;-1.72349
7.15696;-29.2443;-0.35288;-1.7024
7.11486;-29.2335;-0.359314;-1.69176
6.97724;-29.1984;-0.379757;-1.66257
6.94314;-29.1895;-0.384492;-1.65473
6.8016;-29.1525;-0.402917;-1.63367
6.76193;-29.1413;-0.408649;-1.63136
6.50109;-29.0675;-0.441275;-1.6108
6.47682;-29.0606;-0.443936;-1.60932
6.38302;-29.0324;-0.453686;-1.60599
6.36292;-29.0264;-0.455703;-1.60564
6.32477;-29.0149;-0.459526;-1.60473
6.22784;-28.9868;-0.453083;-1.60351
6.20285;-28.9823;-0.445925;-1.60576
6.19728;-28.9823;-0.444232;-1.60603
6.19343;-28.9835;-0.441692;-1.60597
6.19411;-29.0131;-0.417222;-1.59874
6.19627;-29.022;-0.412263;-1.59552
6.21593;-29.0867;-0.381521;-1.58021
6.24534;-29.1835;-0.339093;-1.56298
6.25199;-29.2043;-0.330144;-1.56105
6.27372;-29.2796;-0.300911;-1.55149
6.31103;-29.4195;-0.245618;-1.53385
6.32489;-29.4782;-0.223763;-1.52853
6.33156;-29.5087;-0.212678;-1.52479
6.34644;-29.5706;-0.19136;-1.51879
6.3681;-29.6772;-0.154019;-1.50962
6.41844;-29.9669;-0.0769874;-1.49183
6.42448;-30.0025;-0.0684562;-1.49008
6.45156;-30.1828;-0.0280616;-1.48519
6.4738;-30.3452;0.00492321;-1.48264
6.48216;-30.4028;0.0160675;-1.48204
6.49273;-30.4888;0.0326922;-1.48131
6.49533;-30.5133;0.0373227;-1.48124
6.4991;-30.5382;0.0415426;-1.4812
6.51631;-30.6734;0.0657513;-1.4811
6.52203;-30.716;0.073219;-1.48106
6.52795;-30.7699;0.0736053;-1.48092
6.53042;-30.7851;0.0696734;-1.48087
6.53542;-30.819;0.0544272;-1.48186
6.54507;-30.855;0.0155273;-1.49186
6.54644;-30.8593;0.0071886;-1.49556
6.56884;-30.9272;-0.0868022;-1.53034
6.57292;-30.9411;-0.101618;-1.53587
6.57612;-30.9531;-0.113578;-1.53854
6.57925;-30.9659;-0.125917;-1.54413
6.58344;-30.9832;-0.141636;-1.55041
6.60419;-31.0658;-0.209018;-1.57315
6.62885;-31.1699;-0.283905;-1.59691
6.63371;-31.1933;-0.298132;-1.60217
6.66247;-31.3251;-0.364218;-1.61916
6.66758;-31.3505;-0.375617;-1.6225
6.69208;-31.4564;-0.42068;-1.63149
6.69752;-31.4801;-0.430172;-1.63264
6.70854;-31.5313;-0.450519;-1.63628
6.71468;-31.5538;-0.45992;-1.63706
6.73467;-31.6366;-0.492633;-1.64146
6.76368;-31.7464;-0.535766;-1.64513
6.77653;-31.7943;-0.554043;-1.64624
6.78934;-31.8477;-0.575527;-1.64724
6.80258;-31.8976;-0.562235;-1.64624
6.80367;-31.904;-0.556032;-1.64382
6.81182;-31.9232;-0.554187;-1.61655
6.81185;-31.925;-0.553154;-1.60426
6.81248;-31.926;-0.55205;-1.59723
6.81297;-31.927;-0.550786;-1.58225
6.81064;-31.9377;-0.547162;-1.5189
6.81026;-31.9422;-0.547118;-1.50795
6.80442;-32.0193;-0.54742;-1.40289
6.80296;-32.0274;-0.547443;-1.39668
6.7991;-32.066;-0.547441;-1.37622
6.79715;-32.0753;-0.547119;-1.37286
6.79576;-32.0824;-0.546738;-1.37133
6.79351;-32.1035;-0.545597;-1.36541
6.78948;-32.1269;-0.542518;-1.36013
6.78915;-32.1321;-0.541566;-1.35908
6.77967;-32.1647;-0.538744;-1.35817
6.77996;-32.1683;-0.53866;-1.36179
6.7852;-32.1857;-0.525286;-1.38956
6.78643;-32.1897;-0.52112;-1.39983
6.79168;-32.2325;-0.483027;-1.47052
6.79292;-32.242;-0.475713;-1.48968
6.79432;-32.2773;-0.451086;-1.53495
6.79525;-32.3048;-0.435428;-1.56525
6.7968;-32.3226;-0.427395;-1.58124
6.79809;-32.354;-0.416091;-1.60505
6.80416;-32.4595;-0.380251;-1.66006
6.8115;-32.5457;-0.355669;-1.68558
6.81285;-32.5613;-0.351533;-1.68933
6.81597;-32.6068;-0.339274;-1.69733
6.82231;-32.6944;-0.316297;-1.70713
6.82441;-32.711;-0.312162;-1.70834
6.82563;-32.7238;-0.309048;-1.70888
6.82695;-32.7483;-0.303151;-1.71041
6.83095;-32.7961;-0.291268;-1.71225
6.83166;-32.8065;-0.289139;-1.71258
6.83259;-32.8346;-0.290538;-1.71297
6.83856;-32.8672;-0.299592;-1.71087
6.84193;-32.8788;-0.302687;-1.70836
6.84546;-32.9125;-0.311787;-1.70081
6.84347;-33.0147;-0.327177;-1.68507
6.83988;-33.0515;-0.33053;-1.68089
6.83819;-33.0645;-0.331432;-1.67998
6.83562;-33.0821;-0.332549;-1.67833
6.83145;-33.1372;-0.336224;-1.67466
6.82933;-33.1544;-0.337426;-1.67359
6.81997;-33.2406;-0.344303;-1.66995
6.81126;-33.3052;-0.347974;-1.66759
6.79979;-33.3749;-0.350912;-1.66616
6.79783;-33.3912;-0.351315;-1.66597
6.7901;-33.4393;-0.352196;-1.66542
6.78763;-33.4502;-0.352446;-1.66525
6.7778;-33.5208;-0.345023;-1.66559
6.77813;-33.5299;-0.341023;-1.66499
6.77848;-33.5348;-0.33829;-1.66357
6.77941;-33.542;-0.332892;-1.66128
6.79578;-33.5792;-0.298617;-1.63833
6.79994;-33.5864;-0.291814;-1.63493
6.8096;-33.6024;-0.276646;-1.61993
6.84111;-33.6532;-0.23087;-1.58526
6.88464;-33.7228;-0.192826;-1.54939
6.89329;-33.7373;-0.186155;-1.54201
6.93115;-33.8002;-0.157192;-1.52303
6.94781;-33.829;-0.144997;-1.51723
6.95845;-33.847;-0.137738;-1.5138
6.99742;-33.9149;-0.111004;-1.50581
7.00661;-33.9308;-0.104747;-1.50458
7.05353;-34.014;-0.0745349;-1.50016
7.05946;-34.0243;-0.0713042;-1.49965
7.06504;-34.0342;-0.0680971;-1.4994
7.09581;-34.0891;-0.0527567;-1.49842
7.09982;-34.0966;-0.0547401;-1.49843
7.11291;-34.1252;-0.0732042;-1.51616
7.11344;-34.1284;-0.0753356;-1.52139
7.11438;-34.1354;-0.0815296;-1.54958
7.11623;-34.1432;-0.0893831;-1.57957
7.12213;-34.1666;-0.106097;-1.65939
7.1424;-34.2283;-0.135889;-1.80371
7.16247;-34.2847;-0.154275;-1.87969
7.16798;-34.3001;-0.158308;-1.89764
7.20068;-34.383;-0.174247;-1.96042
7.20689;-34.3983;-0.176612;-1.97214
7.21485;-34.4175;-0.179071;-1.98257
7.23953;-34.4756;-0.185614;-2.00702
7.26438;-34.532;-0.192009;-2.02541
7.26987;-34.5443;-0.193235;-2.02929
7.28621;-34.5816;-0.196743;-2.03634
7.30341;-34.6232;-0.200967;-2.04176
7.33072;-34.6896;-0.201087;-2.04098
7.33262;-34.6953;-0.201323;-2.03992
7.33541;-34.7056;-0.206538;-2.03644
7.33592;-34.7085;-0.209371;-2.03582
7.33643;-34.7322;-0.230677;-2.03984
7.33634;-34.7442;-0.240577;-2.04352
7.33656;-34.7535;-0.247868;-2.04663
7.33914;-34.7952;-0.277676;-2.05749
7.34297;-34.834;-0.299494;-2.06564
7.35266;-34.9131;-0.328672;-2.0761
7.36271;-34.9902;-0.355035;-2.08301
7.36513;-35.0087;-0.361266;-2.08452
7.37442;-35.0803;-0.384786;-2.08932
7.37663;-35.0973;-0.389868;-2.09007
7.3784;-35.1103;-0.393791;-2.09054
7.38195;-35.1358;-0.401413;-2.09188
7.38371;-35.149;-0.404925;-2.09208
7.39394;-35.2219;-0.422337;-2.09357
7.39538;-35.2326;-0.424806;-2.0937
7.40644;-35.3109;-0.415462;-2.08915
7.40608;-35.3156;-0.415843;-2.08354
7.39871;-35.3247;-0.418489;-2.06314
7.39434;-35.325;-0.418195;-2.0565
7.38232;-35.3242;-0.416254;-2.03401
7.30334;-35.3119;-0.405986;-1.95257
7.28433;-35.3082;-0.404216;-1.93407
7.25024;-35.3005;-0.401862;-1.90914
7.14416;-35.2774;-0.395129;-1.82319
7.01963;-35.2508;-0.390198;-1.74385
6.92806;-35.2308;-0.38764;-1.69731
6.89852;-35.2245;-0.386889;-1.68323
6.83823;-35.2116;-0.385646;-1.66084
6.67907;-35.1735;-0.383609;-1.61872
6.64185;-35.1641;-0.382959;-1.61117
6.50118;-35.1261;-0.380526;-1.58916
6.47451;-35.1189;-0.379705;-1.58536
6.44238;-35.1098;-0.378486;-1.582
6.32297;-35.0747;-0.372593;-1.57287
6.29568;-35.0664;-0.371252;-1.57151
6.12642;-35.0112;-0.360371;-1.56517
6.11175;-35.0068;-0.358332;-1.56566
6.09878;-35.0028;-0.357645;-1.56663
6.0625;-34.9951;-0.368047;-1.56284
6.04737;-35.0246;-0.389036;-1.52052
6.04525;-35.044;-0.398793;-1.50238
6.04456;-35.0583;-0.40591;-1.48917
6.04411;-35.0709;-0.411916;-1.48249
6.04012;-35.1195;-0.433569;-1.44519
6.03555;-35.1544;-0.448428;-1.41569
6.00157;-35.308;-0.508352;-1.32362
5.99458;-35.332;-0.517084;-1.30718
5.97593;-35.3889;-0.536172;-1.2823
5.92486;-35.523;-0.574443;-1.22617
5.84756;-35.6958;-0.616525;-1.18449
5.83807;-35.7147;-0.621195;-1.18121
5.82262;-35.7454;-0.628699;-1.17493
5.81061;-35.769;-0.634538;-1.17027
5.77314;-35.8414;-0.651662;-1.15941
5.76453;-35.8575;-0.654885;-1.15769
5.67405;-36.0274;-0.689242;-1.14208
5.66588;-36.0427;-0.691704;-1.14098
5.64397;-36.0841;-0.698822;-1.13917
5.63522;-36.1006;-0.701077;-1.13859
5.61617;-36.1366;-0.691438;-1.13981
5.5951;-36.1794;-0.672106;-1.17632
5.59506;-36.1814;-0.674425;-1.18285
5.59636;-36.1818;-0.676814;-1.20234
5.6125;-36.1749;-0.681007;-1.29046
5.70986;-36.1286;-0.739899;-1.55423
5.7227;-36.1228;-0.7482;-1.58738
5.73639;-36.1168;-0.75694;-1.62515
5.75464;-36.1089;-0.768278;-1.64794
5.80134;-36.0891;-0.79508;-1.74129
5.85337;-36.0684;-0.822992;-1.84514
5.91444;-36.0462;-0.855343;-1.94249
5.98049;-36.0241;-0.88874;-2.04769
5.99652;-36.019;-0.897008;-2.08433
6.06556;-35.9972;-0.933574;-2.18639
6.18496;-35.9635;-0.996668;-2.35083
6.31231;-35.9324;-1.06222;-2.54105
6.49725;-35.8926;-1.15896;-2.76791
6.57617;-35.8772;-1.20204;-2.87129
6.60291;-35.8721;-1.21646;-2.91267
6.68961;-35.8558;-1.26081;-3.01573
6.71658;-35.8509;-1.27462;-3.05733
6.7437;-35.846;-1.28871;-3.07809
6.94072;-35.8124;-1.39023;2.95758
6.97498;-35.8068;-1.40584;2.92259
7.00215;-35.8025;-1.4176;2.9063
7.08905;-35.7884;-1.4533;2.83663
7.21113;-35.7666;-1.50403;2.75284
7.28241;-35.7528;-1.53285;2.72393
7.30265;-35.7488;-1.5418;2.71926
7.3463;-35.7401;-1.56127;2.70319
7.45236;-35.7176;-1.60371;2.68169
7.46368;-35.7151;-1.60782;2.68053
7.47837;-35.7118;-1.6131;2.67859
7.54385;-35.6961;-1.63956;2.6737
7.55508;-35.6933;-1.64371;2.67309
7.61965;-35.6729;-1.62589;2.67097
7.62345;-35.6777;-1.61998;2.71241
7.62054;-35.683;-1.6171;2.73246
7.60285;-35.7147;-1.60627;2.80774
7.59917;-35.7225;-1.60455;2.84008
7.54622;-35.8304;-1.59074;3.03416
7.53719;-35.8487;-1.58843;3.05198
7.52834;-35.8678;-1.586;3.08857
7.51109;-35.9086;-1.58133;-3.13822
7.45789;-36.0524;-1.56488;-2.93963
7.44876;-36.0763;-1.56217;-2.89828
7.43762;-36.1073;-1.55862;-2.85697
7.39147;-36.2378;-1.54603;-2.69372
7.3411;-36.3863;-1.53289;-2.52999
7.32853;-36.4234;-1.52974;-2.48435
7.26736;-36.6113;-1.51418;-2.27446
7.25419;-36.6521;-1.51117;-2.23666
7.24392;-36.6853;-1.50898;-2.21597
7.23385;-36.7189;-1.50704;-2.17573
7.19992;-36.8202;-1.50472;-2.08514
7.1286;-37.0261;-1.4983;-1.9733
7.05882;-37.2106;-1.49178;-1.91671
7.04568;-37.2444;-1.49074;-1.91023
7.00602;-37.3456;-1.48788;-1.89434
6.99629;-37.3695;-1.48736;-1.89058
6.98488;-37.3982;-1.48658;-1.88738
6.95087;-37.4829;-1.48437;-1.88072
6.94243;-37.5027;-1.48386;-1.87904
6.89837;-37.6099;-1.48178;-1.8745
6.89118;-37.6276;-1.48325;-1.87391
6.87334;-37.6883;-1.48631;-1.8733
6.87407;-37.6923;-1.48575;-1.87333
6.87576;-37.6963;-1.48452;-1.87348
6.87912;-37.7015;-1.48215;-1.87343
6.89128;-37.7174;-1.47378;-1.87251
6.92893;-37.7727;-1.45039;-1.86736
6.956;-37.8128;-1.43561;-1.86421
6.96565;-37.8271;-1.4306;-1.86359
7.00676;-37.8933;-1.41075;-1.85892
7.02083;-37.917;-1.40439;-1.85752
7.09874;-38.0554;-1.36984;-1.85058
7.16756;-38.1874;-1.34141;-1.84538
7.18549;-38.2231;-1.33361;-1.84417
7.20011;-38.2522;-1.32708;-1.84359
7.24489;-38.3432;-1.30649;-1.84014
7.26012;-38.3746;-1.29971;-1.83907
7.31079;-38.4796;-1.27711;-1.83566
7.37851;-38.6238;-1.24634;-1.83141
7.39468;-38.6586;-1.23903;-1.83077
7.46017;-38.8009;-1.2145;-1.82539
7.5458;-38.9889;-1.18863;-1.81872
7.56163;-39.0237;-1.18433;-1.81785
7.65331;-39.2271;-1.16063;-1.81701
7.66992;-39.2643;-1.15649;-1.81727
7.73114;-39.4004;-1.14038;-1.81911
7.74501;-39.4312;-1.13626;-1.81947
7.83177;-39.6193;-1.11122;-1.82305
7.8397;-39.6357;-1.10951;-1.82283
7.8472;-39.6513;-1.1098;-1.82195
7.86171;-39.6821;-1.11525;-1.82102
7.87514;-39.7155;-1.11701;-1.79742
7.85209;-39.7209;-1.10718;-1.71379
7.84254;-39.7208;-1.10461;-1.6943
7.7809;-39.7204;-1.09056;-1.59267
7.7664;-39.7205;-1.08767;-1.56554
7.71604;-39.7213;-1.07849;-1.5015
7.67575;-39.722;-1.07038;-1.45806
7.61168;-39.7231;-1.0575;-1.38181
7.47362;-39.7277;-1.03211;-1.25443
7.45347;-39.7287;-1.029;-1.22409
7.33083;-39.7352;-1.01458;-1.13204
7.30166;-39.7359;-1.01149;-1.12141
7.17399;-39.7392;-0.998161;-1.06425
7.08763;-39.7394;-0.988967;-1.03575
6.91769;-39.7366;-0.971951;-1.0028
6.88577;-39.7357;-0.968694;-0.998741
6.86084;-39.735;-0.966107;-0.996687
6.83645;-39.7343;-0.963593;-0.99397
6.76649;-39.7311;-0.95559;-0.988153
6.5642;-39.7207;-0.941713;-0.980234
6.54607;-39.7193;-0.944606;-0.980503
6.51401;-39.719;-0.954053;-0.981779
6.50726;-39.7202;-0.956932;-0.981274
6.49527;-39.7382;-0.971516;-0.972164
6.49571;-39.745;-0.975309;-0.969642
6.49678;-39.7593;-0.982852;-0.965802
6.49808;-39.7804;-0.991495;-0.960107
6.49891;-39.8307;-1.00856;-0.951927
6.49858;-39.8452;-1.01329;-0.948879
6.49588;-39.8825;-1.0248;-0.944524
6.48358;-39.9794;-1.0534;-0.930116
6.47013;-40.0479;-1.07262;-0.921525
6.43849;-40.1794;-1.10949;-0.905344
6.39508;-40.3284;-1.14597;-0.892137
6.38501;-40.3587;-1.1522;-0.889874
6.37558;-40.3889;-1.1581;-0.887828
6.34533;-40.4861;-1.17543;-0.883391
6.31567;-40.5747;-1.18932;-0.879383
6.30661;-40.6028;-1.19345;-0.878614
6.23014;-40.8179;-1.21881;-0.870847
6.22164;-40.84;-1.221;-0.870451
6.19615;-40.9063;-1.22784;-0.868771
6.16716;-40.9789;-1.23578;-0.867322
6.13091;-41.0662;-1.23395;-0.867349
6.12558;-41.0793;-1.22726;-0.868644
6.12264;-41.0874;-1.2216;-0.869914
6.11641;-41.1049;-1.20577;-0.883444
6.11495;-41.1089;-1.20027;-0.891596
6.11207;-41.1196;-1.15505;-0.936588
6.08606;-41.1601;-1.0546;-1.05349
6.0814;-41.1674;-1.0448;-1.06952
6.06917;-41.1865;-1.02455;-1.0899
6.06464;-41.1936;-1.01806;-1.10392
6.03244;-41.2453;-0.973464;-1.14079
6.02735;-41.254;-0.96542;-1.14768
6.00515;-41.2922;-0.935013;-1.16523
6.001;-41.2995;-0.928242;-1.16703
5.99673;-41.3069;-0.921749;-1.17049
5.97494;-41.3447;-0.891195;-1.17944
5.97148;-41.3508;-0.885922;-1.1809
5.94337;-41.4027;-0.84758;-1.18628
5.94047;-41.4085;-0.846587;-1.18646
5.93747;-41.4152;-0.851937;-1.18603
5.93586;-41.419;-0.856118;-1.18794
5.94134;-41.4227;-0.853104;-1.22567
5.96286;-41.421;-0.851074;-1.29092
5.99116;-41.4191;-0.851381;-1.35447
5.99914;-41.4194;-0.851321;-1.36875
6.0106;-41.4204;-0.851419;-1.3981
6.08665;-41.4259;-0.852414;-1.53145
6.10405;-41.4286;-0.852537;-1.56739
6.23233;-41.4427;-0.854216;-1.758
6.31166;-41.451;-0.854143;-1.84974
6.48476;-41.4742;-0.85243;-2.04167
6.51442;-41.4783;-0.852638;-2.07
6.57431;-41.4878;-0.85319;-2.1145
6.67391;-41.4991;-0.852791;-2.16769
6.70401;-41.5026;-0.852581;-2.18565
6.85631;-41.5188;-0.851442;-2.23681
6.88374;-41.5214;-0.851153;-2.24561
7.06454;-41.5371;-0.850224;-2.27589
7.13514;-41.5421;-0.851561;-2.28266
7.15584;-41.543;-0.852065;-2.28464
7.25183;-41.5492;-0.854416;-2.2892
7.26875;-41.5498;-0.854643;-2.28994
7.28847;-41.5509;-0.854137;-2.29139
7.33832;-41.5537;-0.851878;-2.28994
7.34701;-41.5541;-0.851943;-2.28689
7.36306;-41.5625;-0.850543;-2.27006
7.35986;-41.5907;-0.845649;-2.24012
7.34738;-41.6337;-0.842321;-2.20226
7.32977;-41.6972;-0.839546;-2.16453
7.32553;-41.7145;-0.838993;-2.15134
7.29995;-41.8257;-0.837896;-2.09658
7.29499;-41.8499;-0.838044;-2.08286
7.26422;-42.0226;-0.836828;-2.01113
7.2586;-42.0606;-0.836215;-1.99506
7.25516;-42.0841;-0.835703;-1.98913
7.24524;-42.157;-0.833889;-1.95807
7.23013;-42.2928;-0.831449;-1.91553
7.21581;-42.4465;-0.827698;-1.86387
7.19635;-42.6856;-0.822309;-1.80425
7.19318;-42.7245;-0.821744;-1.79644
7.18216;-42.8496;-0.819605;-1.77897
7.1792;-42.8866;-0.819117;-1.77618
7.16125;-43.071;-0.814833;-1.75861
7.14557;-43.2244;-0.809794;-1.75037
7.14229;-43.2591;-0.808696;-1.74915
7.13959;-43.286;-0.807755;-1.74854
7.12953;-43.3857;-0.804179;-1.74509
7.12652;-43.4142;-0.803231;-1.74457
7.10672;-43.5923;-0.811255;-1.73855
7.1058;-43.6005;-0.813791;-1.73281
7.10445;-43.608;-0.816733;-1.72477
7.10303;-43.6119;-0.819043;-1.72015
7.06753;-43.6154;-0.846617;-1.60709
7.05987;-43.6151;-0.85099;-1.59677
7.05124;-43.6151;-0.85551;-1.5728
7.03915;-43.6158;-0.861235;-1.55259
6.99188;-43.6224;-0.879249;-1.4848
6.93176;-43.6371;-0.903852;-1.42569
6.9171;-43.6417;-0.910789;-1.41479
6.83633;-43.6793;-0.959648;-1.41281
6.82561;-43.6868;-0.967711;-1.41608
6.79742;-43.7177;-0.9959;-1.44196
6.77338;-43.7816;-1.04479;-1.50227
6.77201;-43.7961;-1.05305;-1.50832
6.77089;-43.8551;-1.08514;-1.54411
6.77164;-43.8699;-1.09311;-1.55284
6.79253;-44.0043;-1.15753;-1.59547
6.79568;-44.0169;-1.16396;-1.59767
6.80619;-44.0537;-1.18153;-1.60481
6.80997;-44.0654;-1.18685;-1.60699
6.82946;-44.1214;-1.21397;-1.61316
6.83335;-44.1312;-1.21839;-1.6142
6.84971;-44.1681;-1.23648;-1.61723
6.85353;-44.1762;-1.23867;-1.61727
6.85728;-44.1839;-1.23834;-1.61648
6.86848;-44.2153;-1.23723;-1.60966
6.86869;-44.2193;-1.24047;-1.60509
6.82524;-44.2374;-1.27243;-1.55526
6.81492;-44.2394;-1.2775;-1.54661
6.77688;-44.2467;-1.29437;-1.52136
6.75786;-44.2501;-1.30206;-1.51078
6.57542;-44.2834;-1.34729;-1.45269
6.55416;-44.2874;-1.35117;-1.4501
6.53308;-44.2915;-1.35485;-1.44508
6.51207;-44.2955;-1.3584;-1.44067
6.44492;-44.3067;-1.3703;-1.43192
6.29641;-44.3322;-1.39405;-1.41887
6.28074;-44.3349;-1.39625;-1.41779
6.2061;-44.3461;-1.40489;-1.41448
6.19344;-44.348;-1.40619;-1.41396
6.1439;-44.3535;-1.4116;-1.41295
6.13354;-44.3547;-1.41248;-1.41271
6.10338;-44.3571;-1.40932;-1.41252
6.09627;-44.3579;-1.40734;-1.41295
6.0789;-44.3677;-1.39794;-1.40771
6.07732;-44.3726;-1.39469;-1.40396
6.0729;-44.4408;-1.36929;-1.35631
6.0725;-44.4537;-1.36579;-1.34742
6.07;-44.5356;-1.34415;-1.30946
6.06903;-44.5588;-1.33858;-1.29942
6.06481;-44.6426;-1.3205;-1.26993
6.05533;-44.7722;-1.29632;-1.22202
6.05309;-44.7985;-1.29201;-1.21785
6.05056;-44.8257;-1.2876;-1.20772
6.03688;-44.951;-1.2672;-1.17099
6.03337;-44.9817;-1.26219;-1.16469
5.98923;-45.2953;-1.21078;-1.08552
5.98334;-45.3318;-1.20479;-1.0761
5.95809;-45.4914;-1.17839;-1.04063
5.95157;-45.5298;-1.17267;-1.03495
5.92937;-45.6567;-1.15704;-1.01628
5.9223;-45.696;-1.15266;-1.01047
5.89805;-45.8235;-1.1394;-0.999563
5.89068;-45.8621;-1.13558;-0.995837
5.84534;-46.0884;-1.11406;-0.981812
5.83818;-46.1224;-1.11106;-0.98061
5.8311;-46.1555;-1.1082;-0.978542
5.79573;-46.3138;-1.09383;-0.97213
5.78944;-46.3415;-1.09129;-0.970974
5.73715;-46.5573;-1.07524;-0.967294
5.73117;-46.5807;-1.07741;-0.96809
5.72688;-46.5979;-1.07984;-0.96845
5.71506;-46.6535;-1.07679;-0.977423
5.71914;-46.6628;-1.06801;-0.985823
5.72367;-46.6624;-1.06487;-0.988165
5.73449;-46.6583;-1.05898;-0.996109
5.7585;-46.6488;-1.04716;-1.00329
5.76881;-46.645;-1.04273;-1.00397
5.92717;-46.6313;-0.98638;-1.00973
5.94644;-46.6342;-0.979833;-1.01017
5.96634;-46.6379;-0.973432;-1.01032
6.05614;-46.6623;-0.944044;-1.01194
6.07853;-46.6701;-0.936417;-1.01266
6.20476;-46.7233;-0.895942;-1.01592
6.23031;-46.7357;-0.88807;-1.01691
6.28915;-46.7663;-0.869374;-1.01849
6.42509;-46.8459;-0.82619;-1.02297
6.57411;-46.9457;-0.777879;-1.02872
6.69804;-47.0367;-0.741493;-1.032
6.81455;-47.1272;-0.713802;-1.03386
6.8786;-47.1785;-0.698712;-1.03454
6.90638;-47.2009;-0.692448;-1.03482
7.01742;-47.2923;-0.668428;-1.03624
7.04206;-47.3125;-0.663362;-1.03638
7.15867;-47.4098;-0.638475;-1.03841
7.17849;-47.4266;-0.634376;-1.03855
7.23442;-47.4744;-0.622706;-1.03942
7.31876;-47.5472;-0.603593;-1.04077
7.34704;-47.5713;-0.597447;-1.04114
7.40239;-47.6191;-0.585223;-1.04118
7.43931;-47.6529;-0.589515;-1.03784
7.44496;-47.6589;-0.59038;-1.03301
7.45565;-47.6761;-0.585956;-0.99644
7.45652;-47.6789;-0.585248;-0.991127
7.4573;-47.6817;-0.584857;-0.97728
7.46678;-47.6982;-0.585682;-0.917789
7.52481;-47.756;-0.589463;-0.768503
7.53497;-47.7655;-0.590586;-0.760515
7.57968;-47.807;-0.594067;-0.704848
7.58795;-47.8152;-0.59496;-0.701365
7.6313;-47.8577;-0.598461;-0.67278
7.63869;-47.8653;-0.598497;-0.670543
7.66929;-47.8962;-0.598607;-0.658961
7.67786;-47.9046;-0.598755;-0.656423
7.69727;-47.9234;-0.598942;-0.651852
7.7035;-47.9293;-0.599072;-0.651277
7.7417;-47.9688;-0.599131;-0.646296
7.74627;-47.9735;-0.599495;-0.645939
7.76558;-47.9951;-0.605029;-0.644135
7.76796;-47.9981;-0.608239;-0.641113
7.7723;-48.0031;-0.623397;-0.623805
7.77787;-47.9861;-0.66155;-0.551052
7.77934;-47.9796;-0.668834;-0.539982
7.79048;-47.9316;-0.719516;-0.442983
7.79357;-47.9192;-0.730065;-0.431132
7.80066;-47.8911;-0.74971;-0.383797
7.8308;-47.767;-0.809853;-0.291918
7.83503;-47.7501;-0.816926;-0.27878
7.84394;-47.7166;-0.830139;-0.264657
7.84857;-47.7001;-0.836279;-0.255247
7.86797;-47.6322;-0.8576;-0.233514
7.89335;-47.5431;-0.884238;-0.216814
7.90806;-47.4933;-0.899115;-0.211923
7.91164;-47.4814;-0.902426;-0.210682
7.92896;-47.4268;-0.902691;-0.206957
7.93155;-47.4188;-0.899583;-0.208737
7.93885;-47.3961;-0.89863;-0.236822
7.93926;-47.3923;-0.898768;-0.243765
7.93649;-47.3781;-0.894334;-0.317769
7.92707;-47.3461;-0.889695;-0.426464
7.92495;-47.3373;-0.888972;-0.457177
7.91771;-47.3013;-0.886079;-0.537757
7.9109;-47.2597;-0.884663;-0.615004
7.90334;-47.2079;-0.883087;-0.673659
7.89008;-47.1212;-0.880663;-0.735976
7.88798;-47.1089;-0.880359;-0.74617
7.87327;-47.0289;-0.878307;-0.778086
7.86979;-47.0115;-0.877995;-0.784111
7.86186;-46.972;-0.876314;-0.794242
7.8567;-46.9476;-0.875753;-0.799025
7.84729;-46.8997;-0.873724;-0.806752
7.8453;-46.8892;-0.873122;-0.808101
7.83909;-46.8578;-0.871585;-0.81087
7.83715;-46.8487;-0.870753;-0.811322
7.82973;-46.8163;-0.866395;-0.813155
7.828;-46.8093;-0.864415;-0.812879
7.82242;-46.7808;-0.861752;-0.790145
7.82322;-46.7783;-0.861437;-0.782973
7.82651;-46.7587;-0.86503;-0.742861
7.82696;-46.7505;-0.866972;-0.731744
7.82722;-46.7047;-0.874552;-0.684424
7.82598;-46.6623;-0.879824;-0.652811
7.8255;-46.6472;-0.881645;-0.639825
7.82295;-46.5543;-0.891486;-0.586976
7.82232;-46.5333;-0.893693;-0.573766
7.82015;-46.436;-0.9029;-0.533418
7.81932;-46.4105;-0.905599;-0.521551
7.81463;-46.2946;-0.915669;-0.47411
7.80551;-46.1002;-0.933534;-0.40469
7.80376;-46.0667;-0.93661;-0.397942
7.79828;-45.9629;-0.944167;-0.36835
7.79055;-45.8114;-0.954527;-0.338291
7.78873;-45.7758;-0.957088;-0.331444
7.77946;-45.5963;-0.970386;-0.310308
7.77794;-45.564;-0.972422;-0.306384
7.77229;-45.4352;-0.978962;-0.297258
7.76887;-45.3529;-0.982194;-0.29181
7.76778;-45.327;-0.98271;-0.290145
7.7623;-45.1825;-0.986505;-0.28542
7.76137;-45.1572;-0.987316;-0.28488
7.76064;-45.1379;-0.988162;-0.28459
7.7582;-45.0669;-0.990321;-0.283591
7.7577;-45.0508;-0.990666;-0.283451
7.75609;-44.9889;-0.992718;-0.283382
7.75536;-44.9392;-0.995506;-0.283743
7.75554;-44.8874;-0.998068;-0.284345
7.75561;-44.8791;-0.995852;-0.284851
7.75766;-44.8569;-0.979365;-0.28502
7.75825;-44.8571;-0.978751;-0.286336
7.7634;-44.8688;-0.973874;-0.29286
7.76513;-44.8737;-0.971317;-0.293503
7.76965;-44.8835;-0.965712;-0.296082
7.77127;-44.8856;-0.963993;-0.297113
7.78406;-44.8683;-0.949635;-0.302249
7.78602;-44.8608;-0.947562;-0.302676
7.79816;-44.7856;-0.935914;-0.3089
7.80702;-44.709;-0.926638;-0.313713
7.80919;-44.6883;-0.924296;-0.315069
7.81952;-44.5618;-0.914036;-0.321015
7.82131;-44.5352;-0.912194;-0.322599
7.82825;-44.4268;-0.904866;-0.327113
7.83778;-44.2697;-0.897347;-0.333867
7.83956;-44.238;-0.896343;-0.334803
7.84588;-44.1023;-0.892503;-0.340728
7.84717;-44.0704;-0.89165;-0.341861
7.85208;-43.9379;-0.887347;-0.344269
7.8576;-43.7594;-0.883239;-0.34574
7.85836;-43.7329;-0.882898;-0.345969
7.86119;-43.6326;-0.881262;-0.346269
7.86381;-43.5637;-0.879565;-0.346373
7.86455;-43.542;-0.878949;-0.346348
7.86765;-43.4395;-0.874544;-0.346682
7.86811;-43.4219;-0.873212;-0.346924
7.86943;-43.3727;-0.86714;-0.347351
7.86974;-43.364;-0.865534;-0.348726
7.8701;-43.3327;-0.846719;-0.383745
7.8575;-43.3579;-0.811934;-0.491789
7.85374;-43.3674;-0.805774;-0.518999
7.84312;-43.3937;-0.791731;-0.561578
7.83747;-43.4075;-0.785251;-0.590826
7.80253;-43.4976;-0.754767;-0.703836
7.79485;-43.5175;-0.750209;-0.729249
7.76454;-43.6089;-0.732648;-0.802046
7.75749;-43.631;-0.728619;-0.810235
7.72054;-43.7655;-0.707521;-0.866208
7.71495;-43.7869;-0.704387;-0.873525
7.67724;-43.9351;-0.681209;-0.899853
7.65826;-44.0133;-0.669686;-0.906115
7.65406;-44.0298;-0.667255;-0.907557
7.65005;-44.0461;-0.664945;-0.908706
7.6322;-44.127;-0.654803;-0.912825
7.62924;-44.1403;-0.654433;-0.913915
7.62232;-44.1779;-0.657448;-0.91733
7.62098;-44.1858;-0.65881;-0.918753
7.61993;-44.1922;-0.660285;-0.921123
7.61817;-44.2048;-0.663843;-0.924892
7.61091;-44.2426;-0.679;-0.932453
7.59083;-44.3114;-0.700003;-0.944022
7.58536;-44.3282;-0.704108;-0.946944
7.58067;-44.3421;-0.707443;-0.948447
7.55899;-44.4084;-0.720664;-0.956585
7.54845;-44.4402;-0.726111;-0.95883
7.5432;-44.4556;-0.728663;-0.959879
7.52244;-44.5217;-0.738756;-0.961616
7.5178;-44.536;-0.740848;-0.961688
7.48305;-44.6439;-0.756099;-0.96165
7.47951;-44.6567;-0.757362;-0.9616
7.45956;-44.7231;-0.763204;-0.960727
7.45611;-44.7354;-0.764385;-0.960555
7.45097;-44.7527;-0.766259;-0.960256
7.43679;-44.798;-0.771182;-0.959567
7.43486;-44.8035;-0.771762;-0.959452
7.42761;-44.8228;-0.76587;-0.959543
7.42709;-44.8249;-0.765466;-0.957809
7.42695;-44.8257;-0.765498;-0.955394
7.42925;-44.8155;-0.766728;-0.943599
7.43008;-44.8108;-0.767118;-0.938475
7.43718;-44.7632;-0.770412;-0.914906
7.44445;-44.7076;-0.775176;-0.888216
7.45327;-44.6331;-0.779438;-0.858526
7.4556;-44.6124;-0.780555;-0.853877
7.48078;-44.3743;-0.798581;-0.782741
7.48355;-44.3456;-0.801748;-0.774287
7.48714;-44.3083;-0.805731;-0.763521
7.48937;-44.2852;-0.808052;-0.759592
7.49631;-44.2133;-0.814744;-0.740047
7.49929;-44.1815;-0.818116;-0.735043
7.52613;-43.8937;-0.843403;-0.664756
7.53067;-43.8471;-0.846624;-0.658788
7.55062;-43.6575;-0.859563;-0.615123
7.55601;-43.6087;-0.862964;-0.609192
7.57275;-43.4503;-0.874588;-0.575846
7.57687;-43.4102;-0.877653;-0.565974
7.59503;-43.2359;-0.891935;-0.535982
7.61858;-43.0144;-0.91008;-0.491912
7.6415;-42.7989;-0.927358;-0.453942
7.64627;-42.755;-0.930514;-0.442964
7.66603;-42.5683;-0.943009;-0.415323
7.67077;-42.5238;-0.945491;-0.406847
7.68501;-42.3895;-0.951637;-0.388363
7.70481;-42.1972;-0.959411;-0.372118
7.70914;-42.1521;-0.961416;-0.370472
7.73161;-41.9219;-0.969923;-0.359878
7.73559;-41.8801;-0.971166;-0.359005
7.75666;-41.6664;-0.977445;-0.352181
7.75954;-41.639;-0.978393;-0.351799
7.77407;-41.5035;-0.983266;-0.349292
7.79194;-41.3507;-0.987733;-0.347809
7.80188;-41.27;-0.988291;-0.347444
7.80419;-41.2527;-0.987244;-0.347606
7.81832;-41.1491;-0.983431;-0.343224
7.81998;-41.1383;-0.984801;-0.341426
7.82352;-41.1259;-0.98689;-0.335056
7.82432;-41.1273;-0.987182;-0.332671
7.82551;-41.1371;-0.988584;-0.328978
7.82581;-41.1442;-0.989403;-0.326351
7.8293;-41.3282;-1.00316;-0.296935
7.82957;-41.3516;-1.00489;-0.293368
7.83161;-41.4283;-1.01065;-0.283587
7.83254;-41.4626;-1.01319;-0.280206
7.83577;-41.5802;-1.02163;-0.268534
7.83692;-41.6115;-1.02408;-0.264574
7.83829;-41.6515;-1.0269;-0.26054
7.84254;-41.7855;-1.03489;-0.24874
7.84747;-41.9284;-1.04128;-0.234323
7.85163;-42.0855;-1.04856;-0.220276
7.8531;-42.123;-1.05021;-0.218155
7.86156;-42.3627;-1.05969;-0.198268
7.863;-42.402;-1.06083;-0.195124
7.8672;-42.5312;-1.0645;-0.188291
7.86833;-42.5713;-1.06573;-0.186143
7.87252;-42.7044;-1.06893;-0.181738
7.87941;-42.9654;-1.0734;-0.176924
7.88033;-43.0074;-1.07414;-0.176818
7.88564;-43.215;-1.07664;-0.17627
7.88664;-43.255;-1.07693;-0.176209
7.89093;-43.4086;-1.07849;-0.175332
7.89238;-43.4543;-1.07912;-0.175053
7.89868;-43.7136;-1.06918;-0.175321
7.89915;-43.7362;-1.06867;-0.176256
7.90153;-43.8001;-1.07103;-0.184201
7.90212;-43.8135;-1.07168;-0.187426
7.90559;-43.8581;-1.07624;-0.225302
7.90626;-43.8627;-1.07758;-0.231732
7.90689;-43.8663;-1.07899;-0.243131
7.91058;-43.9124;-1.08734;-0.322798
7.91093;-43.922;-1.08819;-0.333663
7.91106;-43.9586;-1.09112;-0.366421
7.91108;-43.9659;-1.09168;-0.372693
7.9107;-43.9852;-1.09461;-0.384962
7.91008;-44.0153;-1.09895;-0.397726
7.90987;-44.0201;-1.10002;-0.39979
7.90939;-44.0397;-1.10384;-0.405443
7.90926;-44.0435;-1.10469;-0.406037
7.90833;-44.0623;-1.11012;-0.409388
7.90817;-44.0643;-1.1109;-0.409571
7.90714;-44.0747;-1.11092;-0.410756
7.9067;-44.0835;-1.10561;-0.407
7.90869;-44.0938;-1.11274;-0.389986
7.90969;-44.0974;-1.11433;-0.38247
7.91093;-44.1024;-1.1155;-0.377679
7.91634;-44.122;-1.12054;-0.355372
7.93045;-44.1781;-1.13428;-0.306331
7.95095;-44.2624;-1.15035;-0.267731
7.97371;-44.3619;-1.16478;-0.239523
7.98182;-44.4004;-1.16787;-0.229079
7.98578;-44.4192;-1.1694;-0.226789
7.99448;-44.4603;-1.17303;-0.218507
8.01007;-44.5443;-1.18058;-0.206571
8.0137;-44.5635;-1.18249;-0.204496
8.02115;-44.6076;-1.18793;-0.20051
8.02361;-44.6213;-1.1898;-0.199894
8.03708;-44.6856;-1.1978;-0.195739
8.04668;-44.7268;-1.20186;-0.19429
8.04883;-44.7364;-1.20269;-0.194044
8.05776;-44.7799;-1.19193;-0.19835
8.05811;-44.7845;-1.19014;-0.201349
8.05805;-44.7904;-1.187;-0.206166
8.05772;-44.793;-1.1851;-0.210056
8.05253;-44.834;-1.16585;-0.246009
8.04978;-44.8647;-1.15744;-0.263639
8.04882;-44.8761;-1.15524;-0.271209
8.04387;-44.9332;-1.14812;-0.291822
8.04267;-44.9472;-1.14653;-0.297504
8.03895;-44.9915;-1.141;-0.30946
8.03371;-45.0518;-1.13284;-0.320357
8.02534;-45.1381;-1.12178;-0.328587
8.02437;-45.1476;-1.12045;-0.329074
8.01866;-45.1985;-1.11316;-0.331864
8.01731;-45.2098;-1.11146;-0.332377
8.01357;-45.2451;-1.10623;-0.333543
8.01238;-45.2551;-1.10479;-0.333598
8.00729;-45.3041;-1.09848;-0.334172
8.00605;-45.3117;-1.09741;-0.334276
8.00488;-45.3193;-1.0964;-0.3349
7.99784;-45.363;-1.05587;-0.391923
7.99719;-45.3659;-1.0507;-0.408181
7.99285;-45.3786;-1.02901;-0.453918
7.99109;-45.3831;-1.021;-0.471637
7.97681;-45.4154;-0.959596;-0.570041
7.97301;-45.4233;-0.947797;-0.597282
7.9319;-45.5126;-0.877667;-0.733947
7.92673;-45.525;-0.869903;-0.746001
7.92137;-45.5353;-0.862451;-0.752152
7.90062;-45.5815;-0.834614;-0.786067
7.8962;-45.5927;-0.828257;-0.792309
7.88216;-45.6212;-0.809658;-0.805887
7.86085;-45.6692;-0.782;-0.818597
7.83625;-45.724;-0.750391;-0.826947
7.83329;-45.7307;-0.746558;-0.827293
7.82424;-45.7507;-0.736118;-0.828618
7.82141;-45.7554;-0.736464;-0.82915
7.81677;-45.7641;-0.741771;-0.829078
7.81087;-45.7718;-0.753139;-0.817467
7.81024;-45.772;-0.755707;-0.808154
7.81104;-45.775;-0.768779;-0.769562
7.81849;-45.7906;-0.797343;-0.680195
7.83321;-45.8222;-0.829608;-0.581867
7.83784;-45.8328;-0.837859;-0.567746
7.8551;-45.8746;-0.861826;-0.504192
7.88539;-45.9563;-0.893277;-0.418994
7.91658;-46.0547;-0.92755;-0.362934
7.92112;-46.0689;-0.932633;-0.359125
7.92555;-46.0833;-0.93748;-0.352174
7.93821;-46.1267;-0.951181;-0.338141
7.94325;-46.1445;-0.956266;-0.33325
7.95894;-46.2058;-0.973351;-0.320882
7.96842;-46.2449;-0.982573;-0.316219
7.98386;-46.3135;-0.986201;-0.314181
7.98526;-46.3189;-0.981607;-0.314765
7.98882;-46.3327;-0.96619;-0.328213
7.98919;-46.3343;-0.961038;-0.334313
7.98938;-46.3353;-0.945201;-0.350238
7.99077;-46.3412;-0.924661;-0.367904
7.99241;-46.3462;-0.910859;-0.380708
7.99538;-46.3578;-0.894281;-0.392792
8.00167;-46.3874;-0.862004;-0.425163
8.00389;-46.3987;-0.853151;-0.43446
8.01218;-46.4417;-0.828571;-0.458565
8.02349;-46.5019;-0.796429;-0.482352
8.03145;-46.5471;-0.773206;-0.491291
8.0335;-46.5586;-0.768336;-0.493428
8.04192;-46.6018;-0.7495;-0.498616
8.05034;-46.6407;-0.734476;-0.501133
8.05251;-46.6491;-0.731117;-0.501693
8.0689;-46.7104;-0.70671;-0.503607
8.07106;-46.7184;-0.703582;-0.5037
8.07981;-46.7496;-0.691785;-0.504456
8.08179;-46.7563;-0.689193;-0.504564
8.09308;-46.7927;-0.691215;-0.506851
8.09437;-46.7961;-0.696473