2.548;0;0
26.364;0.2;688.128
30.96;0.196;708.608
34.672;0.212;724.992
37.296;0.324;741.376
39.616;0.22;741.376
44.58;0.26;761.856
46.924;0.244;786.432
50.252;0.228;831.488
52.644;0.292;872.448
55.852;0.208;901.12
59.016;0.164;929.792
63.352;0.236;966.656
66.236;0.18;966.656
68.46;0.224;966.656
73.428;0.168;995.328
76.604;0.176;1019.9
82.344;0.14;1093.63
84.752;0.308;1110.02
86.364;0.212;1110.02
89.672;0.3;1134.59
93.828;0.256;1138.69
97.128;0.196;1155.07
100.104;0.176;1163.26
104.336;0.232;1241.09
108.196;0.16;1241.09
112.092;0.192;1282.05
120.352;0.16;1347.58
129.596;0.344;1409.02
131.764;0.168;1409.02
135.928;0.264;1449.98
139.7;0.172;1478.66
144.648;0.148;1495.04
148.428;0.18;1548.29
153.696;0.364;1548.29
159.828;0.228;1552.38
162.896;0.168;1556.48
167.152;0.456;1630.21
174.436;0.284;1691.65
177.904;0.168;1708.03
180.252;0.248;1712.13
182.604;0.252;1724.42
185.8;0.196;1736.7
188.168;0.268;1744.9
192.132;0.164;1806.34
195.3;0.268;1908.74
199.256;0.248;1986.56
204.444;0.188;2056.19
209.644;0.196;2088.96
212.144;0.5;2088.96
217.404;0.16;2093.06
219.68;0.176;2093.06
222.144;0.364;2093.06
224.452;0.208;2101.25
227.704;0.252;2117.63
230.092;0.288;2134.02
232.444;0.252;2142.21
235.684;0.24;2174.98
244.296;0.272;2240.51
249.42;0.224;2265.09
251.812;0.288;2277.38
255.04;0.228;2277.38
257.512;0.268;2310.14
260.944;0.132;2355.2
266.24;0.196;2396.16
270.544;0.204;2396.16
275.032;0.188;2433.02
276.824;0.292;2445.31
279.384;0.256;2465.79
288.828;1.028;2490.37
301.084;9.256;2514.94
316.08;0.296;2543.62
318.344;0.164;2543.62
322.972;2.528;2543.62
397.972;0.8;2576.38
404.688;0.312;2584.58
407.932;0.244;2584.58
410.088;0.056;2592.77
412.532;0.244;2596.86
415.812;0.18;2654.21
421.424;0.412;2666.5
423.588;0.164;2674.69
428.952;0.264;2703.36
433.66;0.208;2756.61
438.772;0.112;2809.86
442.18;0.408;2813.95
448.052;0.352;2891.78
451.196;0.244;2899.97
456.732;0.336;2969.6
460.812;0.28;2994.18
464.212;0.2;2994.18
469.448;0.836;3018.75
474.816;1.248;3043.33
487.184;0.16;3067.9
492.896;0.512;3092.48
495.08;0.184;3129.34
499.504;0.524;3153.92
502.956;0.252;3166.21
511.384;0.128;3182.59
514.892;0.308;3182.59
516.88;0.188;3182.59
521.66;0.276;3227.65
527.596;0.324;3248.13
529.904;0.2;3248.13
533.108;0.204;3260.42
535.272;0.164;3264.51
538.448;0.176;3276.8
541.708;0.26;3305.47
543.968;0.26;3317.76
545.972;0.204;3321.86
549.284;0.312;3338.24
552.7;0.216;3354.62
555.864;0.164;3366.91
558.124;0.26;3391.49
561.704;0.176;3436.54
571.288;0.184;3440.64
581.1;0.78;3457.02
585.76;0.26;3469.31
587.94;0.18;3485.7
590.44;0.2;3497.98
592.856;0.312;3518.46
594.72;0.164;3518.46
604.8;5.98;3534.85
676.56;0.756;3600.38
680.408;0.248;3604.48
682.844;0.336;3616.77
686.228;0.284;3674.11
690.612;0.284;3698.69
692.936;0.224;3698.69
696.116;0.18;3727.36
699.992;0.276;3760.13
703.328;0.236;3784.7
705.6;0.172;3817.47
707.988;0.284;3829.76
713.116;0.328;3907.58
716.352;0.236;3923.97
721.648;0.292;3981.31
723.96;0.212;3981.31
730.42;0.16;4005.89
732.788;0.268;4038.66
734.492;0.504;4046.85
741.356;0.448;4071.42
746.672;0.216;4104.19
749.952;0.28;4128.77
754.14;0.188;4165.63
761.788;0.4;4173.82
763.828;0.24;4173.82
767.108;0.28;4177.92
769.468;0.26;4177.92
773.648;0.18;4206.59
778.036;0.28;4243.46
784.164;0.304;4288.51
787.612;0.248;4317.18
790.5;0.288;4370.43
793.032;0.432;4370.43
798.288;0.256;4415.49
804.708;0.204;4415.49
807.02;0.212;4431.87
809.352;0.232;4452.35
813.372;0.22;4456.45
818.864;0.592;4501.5
823.416;0.252;4558.85
826.748;0.232;4567.04
830;0.252;4583.42
832.368;0.268;4595.71
836.648;0.276;4653.06
840.06;0.212;4710.4
843.268;0.204;4730.88
845.52;0.252;4739.07
848.984;0.264;4759.55
851.228;0.244;4771.84
854.648;0.32;4812.8
858.032;0.18;4829.18
860.24;0.208;4841.47
863.44;0.2;4857.86
865.772;0.232;4886.53
868.756;0.284;4886.53
871.22;0.456;4907.01
873.54;0.22;4915.2
875.784;0.244;4943.87
883.256;0.276;4943.87
886.436;0.18;4960.26
889.72;0.28;4972.54
893.924;0.204;4984.83
896.284;0.26;4984.83
900.564;0.28;4984.83
906.3;0.332;4984.83
908.544;0.244;4988.93
920.284;8.736;4988.93
1019.5;0.216;5038.08
1022.92;1.316;5042.18
1027.34;0.324;5054.46
1031.3;0.252;5107.71
1036.6;0.304;5107.71
1039.92;0.216;5107.71
1044.35;0.328;5111.81
1047.5;0.244;5111.81
1049.86;0.356;5111.81
1052.43;0.376;5111.81
1057.29;0.256;5132.29
1061.29;0.296;5144.58
1065.14;0.252;5177.34
1067.46;0.216;5210.11
1070.74;0.28;5287.94
1074.44;0.204;5287.94
1079.66;0.12;5300.22
1083.59;0.532;5300.22
1090.84;0.144;5312.51
1094.56;0.62;5337.09
1098.3;0.24;5369.86
1100.64;0.24;5373.95
1103.91;0.268;5410.82
1108.22;0.316;5447.68
1111.43;0.208;5455.87
1115.69;0.256;5496.83
1127.52;0.184;5517.31
1132.73;0.208;5517.31
1137.9;0.172;5529.6
1141.29;0.188;5533.7
1144.85;0.164;5541.89
1148.06;0.204;5562.37
1151.98;0.224;5599.23
1156.41;0.228;5599.23
1163.95;0.344;5636.1
1166.25;0.3;5656.58
1169.38;0.328;5660.67
1174.12;0.244;5664.77
1180.5;2.676;5693.44
1185.98;0.276;5705.73
1188.3;0.324;5705.73
1190.67;0.272;5726.21
1196.05;0.256;5795.84
1199.33;1.076;5795.84
1204.01;0.284;5836.8
1206.26;0.244;5857.28
1208.52;0.264;5885.95
1212.81;0.392;5939.2
1215.41;0.196;5951.49
1217.88;0.372;5967.87
1220.62;0.236;6000.64
1222.87;0.148;6008.83
1226.93;0.16;6062.08
1230.33;0.2;6062.08
1233.35;0.224;6062.08
1237.6;0.244;6062.08
1246.08;2.58;6062.08
1250.93;0.94;6078.46
1254.08;0.156;6090.75
1256.36;0.176;6094.85
