0;0;0
48.184;0.14;565.248
49.396;0.112;565.248
50.596;0.1;573.44
53.6;0.104;589.824
54.804;0.104;626.688
56.128;0.124;630.784
57.336;0.108;630.784
61.008;0.172;700.416
65.48;0.272;704.512
66.752;0.144;704.512
68.012;0.16;704.512
71.572;0.132;753.664
73.796;0.42;753.664
75.408;0.604;753.664
78.496;0.284;786.432
82.404;0.284;786.432
85.456;0.252;786.432
89.148;0.184;790.528
90.46;0.164;790.528
94.612;0.144;794.624
97.78;0.144;798.72
99.488;0.172;798.72
101.956;0.164;802.816
103.212;0.156;811.008
106.352;0.14;823.296
110.436;0.152;823.296
113.42;0.184;892.928
114.656;0.136;897.024
117.44;0.14;897.024
120.608;0.468;909.312
122.904;0.28;929.792
126.248;0.244;929.792
130.712;0.236;929.792
134.252;0.208;942.08
135.528;0.168;946.176
136.836;0.204;946.176
139.756;0.22;978.944
141.056;0.188;983.04
143.936;1.056;991.232
145.228;0.192;999.424
148.628;0.172;999.424
149.796;0.168;1028.1
152.372;1.068;1032.19
156.564;0.692;1048.58
160.472;0.408;1060.86
165.04;0.36;1073.15
167.864;0.324;1073.15
169.248;0.28;1081.34
173.1;0.24;1085.44
174.54;0.228;1085.44
176.572;0.228;1089.54
177.792;0.216;1089.54
179.024;0.228;1089.54
183.804;1.976;1097.73
186.144;0.636;1114.11
190.204;0.548;1114.11
191.692;0.388;1114.11
195.94;0.44;1118.21
199.38;0.408;1118.21
200.908;0.404;1118.21
203.304;0.348;1118.21
205.032;0.328;1118.21
207.428;0.288;1118.21
211.896;0.252;1118.21
213.144;0.248;1126.4
215.744;0.192;1126.4
220.012;0.164;1130.5
222.724;0.192;1130.5
224.98;0.152;1130.5
227.452;0.16;1130.5
230.984;0.192;1130.5
234.576;0.18;1175.55
236.1;0.416;1208.32
239.576;0.172;1216.51
240.644;0.164;1216.51
241.844;0.188;1216.51
243.212;0.168;1245.18
245;0.176;1249.28
254.068;4.944;1249.28
256.064;0.896;1249.28
257.992;0.824;1249.28
260.356;0.856;1249.28
262.18;0.704;1249.28
264.108;0.8;1249.28
266.008;0.8;1249.28
270.704;0.696;1249.28
272.492;0.688;1249.28
276.396;0.592;1249.28
280.032;0.632;1249.28
281.644;0.508;1249.28
283.34;0.46;1249.28
284.888;0.424;1253.38
286.368;0.38;1253.38
289.82;0.344;1253.38
292.348;0.324;1253.38
293.756;0.276;1253.38
295.556;0.248;1253.38
299.068;0.2;1253.38
300.256;0.18;1253.38
302.448;0.148;1253.38
303.52;0.168;1253.38
307.844;0.184;1253.38
309.176;0.192;1253.38
311.32;0.14;1253.38
312.572;0.148;1253.38
313.836;0.16;1265.66
317.912;0.176;1282.05
321.14;0.168;1282.05
324.916;0.172;1331.2
326.152;0.136;1331.2
329.708;0.156;1368.06
331.084;0.164;1368.06
332.444;0.128;1368.06
336.44;0.096;1409.02
337.676;0.136;1409.02
339.088;0.312;1409.02
341.62;0.128;1409.02
344.572;0.1;1409.02
346.568;0.096;1409.02
347.904;0.1;1409.02
350.1;0.096;1409.02
354.344;0.2;1441.79
358.18;0.136;1458.18
361.104;0.12;1458.18
364.144;0.64;1490.94
368.064;0.1;1507.33
372.172;0.104;1531.9
373.404;0.108;1531.9
376.808;0.104;1531.9
380.896;0.184;1531.9
382.648;0.152;1531.9
384.172;0.368;1531.9
385.432;0.128;1531.9
388.832;0.1;1536
391.344;0.1;1536
395.064;0.092;1536
396.668;0.096;1536
399.6;0.032;1540.1
400.812;0.112;1540.1
403.596;0.184;1552.38
405.708;1.012;1564.67
409.816;0.108;1576.96
411.62;0.104;1576.96
414.068;0.096;1576.96
417.392;0.092;1576.96
418.664;0.172;1576.96
422.684;0.116;1576.96
425.772;0.088;1581.06
427.676;0.8;1581.06
431.872;0.196;1581.06
434.46;0.16;1581.06
437.22;0.156;1581.06
439.596;0.132;1581.06
443.604;0.108;1581.06
445.636;0.132;1581.06
446.86;0.12;1585.15
450.084;0.104;1609.73
453.564;0.16;1613.82
456.616;0.248;1626.11
457.972;0.256;1630.21
460.432;0.12;1638.4
464.548;0.212;1638.4
466.976;1.116;1638.4
468.08;0.104;1638.4
470.556;0.076;1638.4
474.472;0.108;1642.5
477.564;0.092;1642.5
481.02;0.648;1642.5
483.352;1.332;1642.5
486.024;0.168;1642.5
488.816;0.152;1642.5
492.96;0.132;1642.5
495.584;0.104;1642.5
498.796;0.112;1642.5
502.476;0.072;1642.5
504.392;0.076;1642.5
508.408;0.208;1671.17
511.104;0.096;1671.17
513.604;0.092;1675.26
516.392;0.088;1703.94
519.412;0.092;1708.03
523.332;0.112;1708.03
525.352;0.112;1708.03
530.632;4.16;1708.03
533.16;0.828;1708.03
536.028;0.768;1708.03
538.556;0.724;1708.03
541.428;0.672;1708.03
543.228;0.696;1708.03
547.184;0.652;1708.03
552.032;0.648;1708.03
553.784;0.64;1708.03
555.492;0.608;1708.03
557.256;0.564;1708.03
561.648;0.592;1708.03
563.324;0.572;1708.03
566.66;0.504;1708.03
569.884;0.496;1708.03
571.372;0.48;1708.03
575.552;0.48;1716.22
578.98;0.428;1716.22
580.296;0.412;1716.22
583.416;0.4;1716.22
585.724;0.4;1716.22
589.184;0.36;1716.22
590.656;0.344;1716.22
592.092;0.328;1716.22
594.94;0.3;1716.22
596.304;0.264;1716.22
598.396;0.256;1716.22
600.792;0.184;1716.22
602.536;0.224;1716.22
604.832;0.196;1716.22
606.936;0.2;1716.22
608.208;0.168;1716.22
610.764;0.124;1720.32
611.98;0.112;1720.32
615.596;0.112;1720.32
616.704;0.108;1720.32
619.032;0.124;1720.32
621.836;0.1;1720.32
625.164;1.02;1732.61
626.66;0.34;1765.38
629.216;0.348;1765.38
631.124;0.304;1769.47
634.912;0.28;1769.47
636.4;0.244;1769.47
639.952;0.248;1769.47
644.272;0.22;1769.47
645.576;0.196;1769.47
649.852;0.172;1769.47
653.888;0.136;1769.47
655.804;0.116;1769.47
657.316;0.112;1769.47
658.524;0.108;1769.47
660.936;0.112;1769.47
663.344;0.108;1769.47
664.576;0.096;1769.47
666.308;0.124;1769.47
667.564;0.156;1806.34
670.172;0.1;1810.43
672.588;0.112;1810.43
675.7;0.112;1810.43
679.916;0.1;1814.53
683.868;2.848;1814.53
688.468;0.488;1867.78
690.06;0.488;1867.78
692.256;0.48;1867.78
693.804;0.444;1867.78
696.44;0.436;1867.78
698.936;0.396;1867.78
700.412;0.372;1867.78
701.784;0.368;1867.78
703.136;0.324;1867.78
707.308;0.316;1867.78
709.112;0.288;1867.78
713.08;0.26;1867.78
715.636;0.244;1867.78
719.868;0.212;1867.78
722.752;0.184;1867.78
725.32;0.168;1867.78
726.572;0.152;1867.78
727.792;0.112;1867.78
731.5;0.104;1867.78
735.24;0.1;1867.78
737.484;0.144;1871.87
738.484;0.096;1871.87
741.496;0.108;1908.74
743.52;0.12;1908.74
746.772;0.12;1908.74
752.188;1.864;1908.74
753.424;0.1;1908.74
755.936;0.112;1908.74
758.26;0.112;1908.74
762.38;0.108;1908.74
765.88;0.1;1908.74
767.896;0.104;1908.74
770.372;0.372;1908.74
773.988;0.112;1921.02
777.996;0.108;1929.22
779.444;0.292;1929.22
781.732;0.384;1994.75
785.94;0.104;2007.04
788.596;0.104;2007.04
794.336;2.332;2048
795.584;0.092;2048
798.492;0.096;2048
800.992;0.104;2048
802.232;0.112;2048
803.444;0.112;2076.67
804.668;0.116;2125.82
805.92;0.104;2125.82
807.14;0.104;2129.92
810.944;0.904;2129.92
814.844;0.1;2129.92
817.348;0.104;2134.02
818.84;0.092;2134.02
821.956;0.112;2179.07
827.824;1.664;2195.46
829.516;0.084;2240.51
832.304;0.08;2240.51
836.1;0.096;2240.51
838.096;0.088;2240.51
841.812;0.104;2240.51
845.408;0.688;2244.61
846.532;0.12;2244.61
848.092;0.108;2244.61
848.652;0.156;2244.61
855.36;4.7;2256.9
856.628;0.12;2269.18
859.16;0.132;2269.18
860.332;0.168;2269.18
861.396;0.16;2269.18
869.212;3.552;2297.86
871.832;0.112;2297.86
875.468;0.112;2310.14
877.784;0.116;2310.14
879.336;0.152;2330.62
882.116;0.872;2330.62
885.952;0.124;2379.78
890.092;0.536;2404.35
893.808;0.116;2408.45
896.324;0.112;2408.45
899.536;0.112;2420.74
901.988;0.14;2424.83
905.312;0.124;2433.02
907.952;0.116;2433.02
910.876;0.124;2449.41
912.512;0.132;2449.41
913.652;0.14;2469.89
915.944;1.788;2490.37
920.268;0.92;2502.66
923.68;0.112;2506.75
924.816;0.128;2519.04
928.696;0.68;2555.9
931.512;0.116;2592.77
933.492;0.836;2605.06
937.7;0.108;2605.06
941.712;0.212;2605.06
943.752;0.108;2605.06
947.36;0.104;2605.06
950.776;0.212;2605.06
952.684;0.108;2605.06
954.716;0.896;2605.06
955.984;0.468;2605.06
958.088;0.096;2617.34
962.648;0.652;2617.34
963.888;0.232;2637.82
965.832;0.84;2646.02
966.776;0.112;2646.02
970.296;0.112;2650.11
974.432;0.108;2654.21
977.644;0.112;2654.21
979.136;0.088;2654.21
981.024;0.36;2678.78
982.988;0.264;2703.36
984.488;0.492;2719.74
987.8;0.108;2744.32
988.696;0.096;2744.32
992.636;0.136;2744.32
993.84;0.104;2744.32
995.316;0.144;2748.42
999.5;0.168;2785.28
1000.63;0.12;2785.28
1003.88;0.152;2785.28
1006.68;0.176;2801.66
1010.56;2.872;2826.24
1012.44;0.088;2826.24
1014.36;0.108;2826.24
1015.58;0.084;2826.24
1018.52;0.124;2953.22
1019.84;0.12;3276.8
1023.87;0.124;3518.46
1025.86;0.892;3518.46
1026.89;0.124;3518.46
1028.95;0.56;3518.46
1030.57;0.116;3518.46
1031.41;0.14;3518.46
1032.67;0.144;3518.46
1034.27;0.596;3518.46
1036.17;0.1;3518.46
1038.98;0.112;3518.46
1040.1;0.12;3518.46
1043.41;0.108;3518.46
1045.33;0.116;3518.46
1046.76;0.324;3518.46
1048.28;0.128;3518.46
1050.41;1.12;3518.46
1051.82;0.4;3518.46
1053.94;0.12;3518.46
1056.98;0.244;3518.46
1060.8;0.116;3518.46
