-11.6924;10.2827;0.756968;2.01976;0;-12.6779;10.4523;0.752643;3.0915
-10.6946;10.2172;0.750924;1.31026;0;-11.6924;10.2827;0.756968;2.01976
-9.72771;9.96206;0.74893;2.62969;0;-10.6946;10.2172;0.750924;1.31026
-8.869;9.4496;0.747561;-0.185246;0;-9.72771;9.96206;0.74893;2.62969
-12.598;9.76433;0.630494;3.10684;0;-13.5515;10.0648;0.651214;2.1028
-11.5991;9.81128;0.624368;1.06956;0;-12.598;9.76433;0.630494;3.10684
-10.9533;10.574;0.589795;-2.74161;0;-11.5991;9.81128;0.624368;1.06956
-10.0027;10.2645;0.565956;2.46776;0;-10.9533;10.574;0.589795;-2.74161
-9.03157;10.0263;0.575829;-1.91848;0;-10.0027;10.2645;0.565956;2.46776
-8.07457;10.3162;0.565401;0.535187;0;-9.03157;10.0263;0.575829;-1.91848
-7.15482;9.92399;0.548898;-1.76144;0;-8.07457;10.3162;0.565401;0.535187
-6.35443;9.32478;0.566388;-1.96756;0.021;-7.15482;9.92399;0.548898;-1.76144
-6.06532;8.36748;0.566675;-0.469375;0.021;-6.35443;9.32478;0.566388;-1.96756
-5.52054;9.87624;0.54331;-2.74821;0.021;-6.35443;9.32478;0.566388;-1.96756
-6.7001;7.5953;0.538303;2.27111;0.021;-6.06532;8.36748;0.566675;-0.469375
-4.56221;9.59313;0.505298;-1.80714;0.228;-5.52054;9.87624;0.54331;-2.74821
-3.58907;9.36315;0.515742;1.0507;0.228;-4.56221;9.59313;0.505298;-1.80714
-2.61599;9.59358;0.511229;-0.519121;0.228;-3.58907;9.36315;0.515742;1.0507
-10.6528;9.81669;0.552796;-0.506306;0;-10.0027;10.2645;0.565956;2.46776
-1.65145;9.85645;0.487682;1.92381;0.228;-2.61599;9.59358;0.511229;-0.519121
-5.57858;10.8744;0.526587;2.49461;0.021;-5.52054;9.87624;0.54331;-2.74821
-9.00501;10.319;0.803183;2.05488;0;-9.03157;10.0263;0.575829;-1.91848
-4.63427;10.714;0.612128;-1.30559;0.034;-5.57858;10.8744;0.526587;2.49461
-6.30277;9.06338;0.645021;1.55699;0.021;-6.35443;9.32478;0.566388;-1.96756
-7.27662;8.3989;0.686095;1.40251;0.021;-6.7001;7.5953;0.538303;2.27111
-4.32901;11.6647;0.556946;-2.37612;0.034;-4.63427;10.714;0.612128;-1.30559
-6.48841;9.24549;0.587654;1.79731;0.021;-6.35443;9.32478;0.566388;-1.96756
-6.01675;9.94938;0.718874;2.26223;0.021;-5.52054;9.87624;0.54331;-2.74821
-5.96327;10.864;0.446961;0.136194;0.021;-5.57858;10.8744;0.526587;2.49461
-2.65049;9.75116;0.609552;0.0330227;0.228;-2.61599;9.59358;0.511229;-0.519121
-6.57719;10.0387;0.194766;-0.271563;0;-7.15482;9.92399;0.548898;-1.76144
-8.12127;7.86384;0.702639;1.91097;0.021;-7.27662;8.3989;0.686095;1.40251
-3.09027;10.2233;0.593075;-1.50999;0.378;-2.65049;9.75116;0.609552;0.0330227
-3.54499;12.2849;0.582063;-0.68006;0.034;-4.32901;11.6647;0.556946;-2.37612
-3.16864;10.0476;0.45286;1.71644;0.378;-3.09027;10.2233;0.593075;-1.50999
-13.6106;11.0616;0.597233;1.95719;0;-13.5515;10.0648;0.651214;2.1028
-5.41397;10.9362;0.288944;2.9931;0.021;-5.57858;10.8744;0.526587;2.49461
-13.6285;12.0604;0.551713;-1.26548;0;-13.6106;11.0616;0.597233;1.95719
-14.05;12.2685;0.429891;-2.58233;0;-13.6285;12.0604;0.551713;-1.26548
-13.9773;10.597;0.551456;0.933131;0;-13.6106;11.0616;0.597233;1.95719
-2.6767;9.94516;0.67939;-2.91807;0.228;-2.65049;9.75116;0.609552;0.0330227
-6.59754;9.49122;0.519928;-0.671593;0.021;-6.48841;9.24549;0.587654;1.79731
-9.08157;7.74575;0.449895;2.27652;0.021;-8.12127;7.86384;0.702639;1.91097
-14.5356;10.2023;0.420452;-1.24245;0;-13.9773;10.597;0.551456;0.933131
-6.28189;8.9904;0.323733;0.923299;0.021;-6.30277;9.06338;0.645021;1.55699
-2.65032;12.5541;0.722309;0.815867;0.034;-3.54499;12.2849;0.582063;-0.68006
-6.06635;11.8497;0.313314;-0.296083;0.021;-5.96327;10.864;0.446961;0.136194
-13.1415;10.1296;0.787434;-3.13641;0;-13.5515;10.0648;0.651214;2.1028
-4.50238;9.93545;0.317445;3.10848;0.228;-4.56221;9.59313;0.505298;-1.80714
-10.9898;10.3185;0.230453;0.379377;0;-10.9533;10.574;0.589795;-2.74161
-2.30162;9.89205;0.653751;1.00188;0.228;-2.65049;9.75116;0.609552;0.0330227
-1.65691;12.6675;0.738655;-2.94029;0.034;-2.65032;12.5541;0.722309;0.815867
-5.99405;9.30291;0.527941;0.674935;0.021;-6.35443;9.32478;0.566388;-1.96756
-3.88529;11.753;0.816916;-0.772539;0.034;-4.32901;11.6647;0.556946;-2.37612
-13.4499;9.81248;0.70762;-0.0674811;0;-13.5515;10.0648;0.651214;2.1028
-7.28577;9.66309;0.58182;1.34943;0;-7.15482;9.92399;0.548898;-1.76144
-10.0565;7.91969;0.588626;2.49494;0.021;-9.08157;7.74575;0.449895;2.27652
-5.53872;12.3331;0.729567;2.15881;0.021;-6.06635;11.8497;0.313314;-0.296083
-3.81496;12.2646;0.293775;-1.56671;0.034;-3.54499;12.2849;0.582063;-0.68006
-3.91589;10.6723;0.452108;-1.87379;0.141;-4.63427;10.714;0.612128;-1.30559
-5.06425;11.7214;0.681369;2.78665;0.034;-4.32901;11.6647;0.556946;-2.37612
-12.8584;10.4344;0.528082;0.09179;0;-13.1415;10.1296;0.787434;-3.13641
-3.94184;11.3519;0.372914;2.0011;0.034;-4.32901;11.6647;0.556946;-2.37612
-14.1585;9.88957;0.721839;1.34411;0;-14.5356;10.2023;0.420452;-1.24245
-3.09823;11.1624;0.221618;-1.40813;0.094;-3.94184;11.3519;0.372914;2.0011
-6.03725;8.14146;0.730681;-0.422869;0.021;-6.06532;8.36748;0.566675;-0.469375
-13.2713;10.4542;0.167617;-2.9634;0;-12.8584;10.4344;0.528082;0.09179
-3.93085;9.69662;0.465244;-2.61842;0.228;-3.58907;9.36315;0.515742;1.0507
-14.5022;12.0152;0.843451;-2.592;0;-14.05;12.2685;0.429891;-2.58233
-6.66235;7.70149;0.473878;1.22969;0.021;-6.7001;7.5953;0.538303;2.27111
-6.00802;8.88086;0.28813;2.75541;0.021;-6.28189;8.9904;0.323733;0.923299
-14.4168;11.9335;0.336041;2.23354;0;-14.05;12.2685;0.429891;-2.58233
-6.68228;8.35533;0.553352;1.88673;0.021;-7.27662;8.3989;0.686095;1.40251
-5.95871;11.9197;0.667754;1.95962;0.021;-6.06635;11.8497;0.313314;-0.296083
-2.41019;10.0996;0.152878;3.09315;0.228;-2.30162;9.89205;0.653751;1.00188
-6.0089;7.66352;0.461087;-1.89008;0.021;-6.03725;8.14146;0.730681;-0.422869
-2.40757;11.3207;0.201038;2.82086;0.094;-3.09823;11.1624;0.221618;-1.40813
-10.9733;7.52537;0.652485;1.09404;0.021;-10.0565;7.91969;0.588626;2.49494
-8.30595;9.64567;0.620538;-2.37145;0;-8.07457;10.3162;0.565401;0.535187
-12.1765;11.1465;0.361331;3.09537;0;-12.8584;10.4344;0.528082;0.09179
-11.936;11.2867;0.635335;-1.90011;0;-12.1765;11.1465;0.361331;3.09537
-5.51559;11.8478;0.507199;1.99178;0.021;-5.95871;11.9197;0.667754;1.95962
-6.44719;7.57935;0.320036;2.13293;0.021;-6.66235;7.70149;0.473878;1.22969
-1.90624;10.1946;0.790864;2.04134;0.228;-2.30162;9.89205;0.653751;1.00188
-6.22157;7.60109;0.531311;-1.47416;0.211;-6.0089;7.66352;0.461087;-1.89008
-13.9755;11.2653;0.812017;-2.36118;0;-13.6106;11.0616;0.597233;1.95719
-13.8731;11.8333;0.497303;2.84578;0;-13.6285;12.0604;0.551713;-1.26548
-11.5705;12.2157;0.692985;0.76333;0;-11.936;11.2867;0.635335;-1.90011
-3.58294;11.0168;0.694761;1.45198;0.141;-3.91589;10.6723;0.452108;-1.87379
-5.70465;11.2347;0.680748;2.87993;0.021;-5.57858;10.8744;0.526587;2.49461
-4.45361;10.9544;0.405604;-1.81811;0.111;-4.63427;10.714;0.612128;-1.30559
-14.0929;10.4143;0.439989;-0.960408;0;-13.9773;10.597;0.551456;0.933131
-2.56832;12.3005;0.699783;0.048915;0.034;-2.65032;12.5541;0.722309;0.815867
-2.47372;10.3346;0.571607;-0.999576;0.368;-2.6767;9.94516;0.67939;-2.91807
-14.5005;10.2107;0.522031;1.08612;0;-14.5356;10.2023;0.420452;-1.24245
-5.93078;7.65655;0.521057;-3.061;0.021;-6.0089;7.66352;0.461087;-1.89008
-3.18024;11.9666;0.668661;2.05088;0.034;-3.54499;12.2849;0.582063;-0.68006
-12.1302;10.0812;0.666827;-0.0596054;0;-12.598;9.76433;0.630494;3.10684
-13.3978;10.035;0.790945;0.683493;0;-13.5515;10.0648;0.651214;2.1028
-10.333;10.4451;0.468919;1.46748;0;-10.0027;10.2645;0.565956;2.46776
-12.0135;13.1052;0.580665;-0.706654;0;-11.5705;12.2157;0.692985;0.76333
-7.01187;10.2733;0.652786;-2.34647;0;-7.15482;9.92399;0.548898;-1.76144
-7.05049;8.424;0.723665;-2.95154;0.021;-7.27662;8.3989;0.686095;1.40251
-4.90243;10.2318;0.182492;-0.851435;0.228;-4.50238;9.93545;0.317445;3.10848
-11.5257;13.9781;0.587848;-0.746043;0;-12.0135;13.1052;0.580665;-0.706654
-11.7241;12.9473;0.841702;-3.00853;0;-12.0135;13.1052;0.580665;-0.706654
-6.3392;9.97699;0.564571;0.0746623;0.021;-6.01675;9.94938;0.718874;2.26223
-10.1356;7.98045;0.647791;2.58316;0.021;-10.0565;7.91969;0.588626;2.49494
-12.4402;13.4944;0.574222;-1.04144;0;-12.0135;13.1052;0.580665;-0.706654
-2.50842;12.4252;0.484648;1.43973;0.241;-2.56832;12.3005;0.699783;0.048915
-11.8281;7.98413;0.410179;-1.43905;0.021;-10.9733;7.52537;0.652485;1.09404
-6.83395;9.68062;0.734206;1.93888;0.021;-6.59754;9.49122;0.519928;-0.671593
-6.15044;9.7286;0.731613;-1.15507;0.022;-6.01675;9.94938;0.718874;2.26223
-7.42679;10.337;0.593638;2.56726;0;-7.01187;10.2733;0.652786;-2.34647
-11.8673;7.85372;0.247831;2.06822;0.021;-11.8281;7.98413;0.410179;-1.43905
-5.3739;10.7353;0.827143;0.552946;0.021;-5.57858;10.8744;0.526587;2.49461
-11.5616;7.62798;0.749665;-0.530615;0.021;-11.8281;7.98413;0.410179;-1.43905
-7.44853;8.18735;0.769174;-2.1606;0.021;-7.27662;8.3989;0.686095;1.40251
-12.8622;7.75417;0.265506;1.07133;0.021;-11.8673;7.85372;0.247831;2.06822
-5.63255;10.898;0.374491;-0.59424;0.021;-5.57858;10.8744;0.526587;2.49461
-6.01006;11.1986;0.846527;-1.03286;0.021;-5.70465;11.2347;0.680748;2.87993
-11.4525;14.9692;0.517971;1.88387;0;-11.5257;13.9781;0.587848;-0.746043
-1.74593;9.72308;0.815248;0.710467;0.228;-1.65145;9.85645;0.487682;1.92381
-14.2613;11.056;0.411004;-1.05997;0;-13.9755;11.2653;0.812017;-2.36118
-6.07851;9.94335;0.448236;-0.283591;0.021;-6.01675;9.94938;0.718874;2.26223
-2.57972;9.64179;0.490883;-2.56516;0.228;-2.61599;9.59358;0.511229;-0.519121
-6.03567;9.84668;0.563197;1.58192;0.021;-6.07851;9.94335;0.448236;-0.283591
-4.35898;10.5436;0.741179;-2.6486;0.034;-4.63427;10.714;0.612128;-1.30559
-10.8274;7.49759;0.468007;1.0538;0.021;-10.9733;7.52537;0.652485;1.09404
-4.25184;10.8232;0.160163;2.33574;0.111;-4.45361;10.9544;0.405604;-1.81811
-6.81842;9.83869;0.23095;-2.25989;0;-6.57719;10.0387;0.194766;-0.271563
-8.00302;7.87394;0.464184;1.70446;0.021;-8.12127;7.86384;0.702639;1.91097
-1.58582;12.5573;0.404084;-2.41976;0.034;-1.65691;12.6675;0.738655;-2.94029
-2.09237;10.0369;0.221638;-0.00483203;0.228;-2.41019;10.0996;0.152878;3.09315
-7.13462;9.84313;0.220661;-1.03447;0;-6.81842;9.83869;0.23095;-2.25989
-3.05273;11.7701;0.42044;-2.26195;0.034;-3.18024;11.9666;0.668661;2.05088
-12.0357;10.2334;0.775507;-1.92031;0;-12.1302;10.0812;0.666827;-0.0596054
-4.14256;11.1687;0.728362;1.42968;0.034;-3.94184;11.3519;0.372914;2.0011
-11.1245;7.6379;0.451859;-1.22356;0.021;-10.9733;7.52537;0.652485;1.09404
-13.953;9.73164;0.302297;1.27164;0;-14.1585;9.88957;0.721839;1.34411
-14.1085;11.9604;0.224804;-3.02601;0;-14.4168;11.9335;0.336041;2.23354
-8.02018;10.2688;0.467763;0.0320109;0;-8.07457;10.3162;0.565401;0.535187
-4.0251;11.1428;0.158404;0.589048;0.034;-3.94184;11.3519;0.372914;2.0011
-9.43133;10.3456;0.444451;0.129857;0;-9.03157;10.0263;0.575829;-1.91848
-8.52589;10.0056;0.434991;-2.31212;0;-8.30595;9.64567;0.620538;-2.37145
-12.3986;15.2926;0.537546;1.54208;0;-11.4525;14.9692;0.517971;1.88387
-9.31733;9.70995;0.233958;-2.19219;0;-9.03157;10.0263;0.575829;-1.91848
-4.48675;10.799;0.279079;-0.85976;0.111;-4.45361;10.9544;0.405604;-1.81811
-8.18354;9.95687;0.551453;2.07658;0;-8.30595;9.64567;0.620538;-2.37145
-7.75151;9.59188;0.819267;1.69383;0;-7.28577;9.66309;0.58182;1.34943
-10.5472;7.50084;0.706225;-0.589407;0.021;-10.8274;7.49759;0.468007;1.0538
-3.03363;12.0875;0.791705;2.52262;0.034;-3.18024;11.9666;0.668661;2.05088
-11.6112;11.1788;0.745088;-0.237101;0;-11.936;11.2867;0.635335;-1.90011
-13.2521;15.8134;0.551605;2.2544;0;-12.3986;15.2926;0.537546;1.54208
-2.40258;9.98962;0.745068;-0.00465725;0.228;-2.30162;9.89205;0.653751;1.00188
-9.29786;7.89582;0.783508;0.812111;0.021;-9.08157;7.74575;0.449895;2.27652
-3.70645;11.7827;0.237075;-3.06593;0.034;-3.81496;12.2646;0.293775;-1.56671
-5.9963;8.24722;0.7325;1.65874;0.021;-6.03725;8.14146;0.730681;-0.422869
-5.49569;11.3286;0.711877;0.457579;0.021;-5.70465;11.2347;0.680748;2.87993
-12.2013;11.2758;0.211727;1.87449;0;-12.1765;11.1465;0.361331;3.09537
-11.8147;9.71584;0.344298;-1.45765;0;-11.5991;9.81128;0.624368;1.06956
-14.2032;11.9;0.733223;-1.58651;0;-14.5022;12.0152;0.843451;-2.592
-2.6614;9.51087;0.68094;1.86606;0.228;-2.61599;9.59358;0.511229;-0.519121
-10.6852;9.98589;0.655377;-2.7016;0;-10.6528;9.81669;0.552796;-0.506306
-11.786;12.6881;0.447267;-0.802108;0;-11.7241;12.9473;0.841702;-3.00853
-13.0672;15.9099;0.571332;0.324478;0;-13.2521;15.8134;0.551605;2.2544
-11.8872;15.6703;0.26509;-1.58222;0;-12.3986;15.2926;0.537546;1.54208
-3.02963;12.226;0.387192;-0.102902;0.034;-3.18024;11.9666;0.668661;2.05088
-11.1192;15.7418;0.632881;-1.89007;0;-11.4525;14.9692;0.517971;1.88387
-13.9154;11.9665;0.64378;0.910623;0;-13.8731;11.8333;0.497303;2.84578
-11.3912;15.7381;0.350578;1.98061;0;-11.1192;15.7418;0.632881;-1.89007
-13.4877;7.47568;0.74712;2.74235;0.021;-12.8622;7.75417;0.265506;1.07133
-13.4694;6.47758;0.688365;2.5551;0.021;-13.4877;7.47568;0.74712;2.74235
-6.54924;10.5097;0.63971;-2.2542;0;-7.01187;10.2733;0.652786;-2.34647
-8.46673;9.76651;0.563778;-1.1893;0;-8.30595;9.64567;0.620538;-2.37145
-10.126;15.8482;0.680688;-3.09987;0;-11.1192;15.7418;0.632881;-1.89007
-5.93854;9.58839;0.637129;0.692274;0.022;-6.15044;9.7286;0.731613;-1.15507
-11.8101;10.9172;0.77239;0.172266;0;-11.6112;11.1788;0.745088;-0.237101
-9.01385;10.1277;0.427077;2.33282;0;-9.03157;10.0263;0.575829;-1.91848
-13.6153;5.49732;0.554963;-0.154027;0.021;-13.4694;6.47758;0.688365;2.5551
-9.81808;16.0208;0.734332;0.0801878;0;-10.126;15.8482;0.680688;-3.09987
-13.4269;4.51523;0.555699;-1.23361;0.021;-13.6153;5.49732;0.554963;-0.154027
-12.6315;3.90991;0.586905;0.820888;0.024;-13.4269;4.51523;0.555699;-1.23361
-8.94566;15.5328;0.761087;2.17;0;-9.81808;16.0208;0.734332;0.0801878
-10.0989;14.8715;0.467427;-0.0459358;0;-10.126;15.8482;0.680688;-3.09987
-11.6586;4.1268;0.666168;-1.34602;0.024;-12.6315;3.90991;0.586905;0.820888
-9.21443;16.1702;0.357021;1.90888;0;-9.81808;16.0208;0.734332;0.0801878
-9.51645;16.1198;0.592098;2.23631;0;-9.81808;16.0208;0.734332;0.0801878
-11.748;5.11985;0.742745;-0.448077;0.024;-11.6586;4.1268;0.666168;-1.34602
-13.8875;10.7964;0.224677;0.387794;0;-13.9773;10.597;0.551456;0.933131
-14.3842;7.65568;0.414681;-0.209355;0.021;-13.4877;7.47568;0.74712;2.74235
-11.87;13.2382;0.301337;3.04552;0;-12.0135;13.1052;0.580665;-0.706654
-13.9744;11.0531;0.41704;-0.195425;0;-14.2613;11.056;0.411004;-1.05997
-4.41083;12.4678;0.834981;-1.9106;0.034;-3.81496;12.2646;0.293775;-1.56671
-10.8001;16.5273;0.779529;-0.510232;0;-11.1192;15.7418;0.632881;-1.89007
-13.8189;11.4157;0.432032;2.67106;0;-13.9744;11.0531;0.41704;-0.195425
-8.42968;14.6766;0.786551;0.828181;0;-8.94566;15.5328;0.761087;2.17
-11.8164;11.4673;0.660913;2.49038;0;-11.936;11.2867;0.635335;-1.90011
-14.2129;6.12287;0.597143;-2.91047;0.021;-13.4694;6.47758;0.688365;2.5551
-9.94304;15.7036;0.764419;2.41404;0;-10.126;15.8482;0.680688;-3.09987
-5.59376;11.0221;0.731472;2.30048;0.021;-5.70465;11.2347;0.680748;2.87993
-6.06449;10.068;0.709745;0.44238;0.021;-6.01675;9.94938;0.718874;2.26223
-4.33883;11.5688;0.409841;2.0407;0.034;-4.32901;11.6647;0.556946;-2.37612
-14.1969;5.14112;0.577542;-2.78618;0.021;-13.6153;5.49732;0.554963;-0.154027
-14.0964;5.88871;0.434863;1.4554;0.021;-14.2129;6.12287;0.597143;-2.91047
-12.2207;13.964;0.342483;-0.591829;0;-12.4402;13.4944;0.574222;-1.04144
-3.86928;9.81959;0.756677;-0.629569;0.228;-3.93085;9.69662;0.465244;-2.61842
-8.72848;16.4165;0.564314;-2.77628;0;-9.21443;16.1702;0.357021;1.90888
-11.7787;4.7694;0.493095;2.40903;0.024;-11.748;5.11985;0.742745;-0.448077
-7.962;14.2129;0.423348;1.00212;0;-8.42968;14.6766;0.786551;0.828181
-5.54854;8.74241;0.826895;-2.35024;0.021;-5.9963;8.24722;0.7325;1.65874
-11.6493;13.3401;0.251533;-1.48215;0;-11.87;13.2382;0.301337;3.04552
-5.4067;9.43435;0.169581;0.116959;0.021;-5.52054;9.87624;0.54331;-2.74821
-12.5111;12.9694;0.25517;-1.82645;0;-12.0135;13.1052;0.580665;-0.706654
-12.4059;15.3857;0.586358;0.01307;0;-12.3986;15.2926;0.537546;1.54208
-14.3456;4.30157;0.240461;-2.77862;0.021;-14.1969;5.14112;0.577542;-2.78618
-9.332;15.4982;0.162512;-2.49457;0;-9.21443;16.1702;0.357021;1.90888
-14.2668;4.34066;0.563284;0.0435881;0.027;-14.3456;4.30157;0.240461;-2.77862
-10.0727;13.9861;0.816154;1.4253;0;-10.0989;14.8715;0.467427;-0.0459358
-6.54164;8.59318;0.729381;-2.54184;0.021;-6.68228;8.35533;0.553352;1.88673
-10.0032;9.84769;0.788007;1.91587;0;-10.0027;10.2645;0.565956;2.46776
-2.09069;9.95418;0.254808;0.355417;0.228;-2.09237;10.0369;0.221638;-0.00483203
-7.53899;15.077;0.390831;0.0360701;0;-7.962;14.2129;0.423348;1.00212
-5.31018;10.8612;0.672775;-1.71282;0.021;-5.3739;10.7353;0.827143;0.552946
-8.48321;13.5036;0.702585;1.0764;0;-7.962;14.2129;0.423348;1.00212
-4.09065;10.0006;0.307191;-2.42124;0.228;-3.93085;9.69662;0.465244;-2.61842
-5.91177;11.0991;0.151297;1.96682;0.021;-5.96327;10.864;0.446961;0.136194
-7.71863;12.8619;0.763664;-1.27732;0;-8.48321;13.5036;0.702585;1.0764
-8.47863;12.5583;0.567075;1.12621;0;-7.71863;12.8619;0.763664;-1.27732
-5.27021;10.88;0.399962;-1.97464;0.021;-5.41397;10.9362;0.288944;2.9931
-3.75526;11.9154;0.703012;-0.259981;0.034;-3.88529;11.753;0.816916;-0.772539
-5.52081;10.3682;0.829509;1.40727;0.021;-5.3739;10.7353;0.827143;0.552946
-12.8511;7.81802;0.697387;1.87617;0.021;-12.8622;7.75417;0.265506;1.07133
-9.48054;14.7981;0.433435;-0.00031526;0;-10.0989;14.8715;0.467427;-0.0459358
-11.1154;16.4355;0.169077;-1.76517;0;-10.8001;16.5273;0.779529;-0.510232
-12.3493;4.66062;0.78234;-1.89007;0.024;-11.7787;4.7694;0.493095;2.40903
-12.1083;5.59353;0.422064;2.83446;0.024;-11.748;5.11985;0.742745;-0.448077
-3.01426;9.65329;0.695703;1.5628;0.228;-2.6614;9.51087;0.68094;1.86606
-12.1246;4.21004;0.463407;0.803441;0.024;-11.6586;4.1268;0.666168;-1.34602
-5.72829;10.1627;0.571292;1.29902;0.021;-5.52054;9.87624;0.54331;-2.74821
-3.28431;11.7632;0.553411;-3.05487;0.034;-3.18024;11.9666;0.668661;2.05088
-8.96616;9.60752;0.791856;-2.309;0;-9.03157;10.0263;0.575829;-1.91848
-11.2401;9.54071;0.775788;-1.05411;0;-11.5991;9.81128;0.624368;1.06956
-11.8062;11.017;0.75783;-0.766602;0;-11.8101;10.9172;0.77239;0.172266
-9.43889;15.7816;0.64053;-1.56118;0;-9.51645;16.1198;0.592098;2.23631
-11.7112;12.1367;0.502591;0.938971;0;-11.5705;12.2157;0.692985;0.76333
-1.70135;10.048;0.168338;-1.29993;0.38;-1.65145;9.85645;0.487682;1.92381
-8.12618;7.99459;0.481363;2.45825;0.021;-8.00302;7.87394;0.464184;1.70446
-8.31172;12.2148;0.237986;1.71054;0;-8.47863;12.5583;0.567075;1.12621
-5.65174;11.3331;0.441639;-2.8138;0.021;-5.70465;11.2347;0.680748;2.87993
-12.6775;10.7423;0.625721;-2.96839;0;-12.8584;10.4344;0.528082;0.09179
-7.52154;10.3618;0.799605;0.192274;0;-7.42679;10.337;0.593638;2.56726
-14.5484;5.4606;0.190409;-2.10984;0.021;-14.1969;5.14112;0.577542;-2.78618
-9.96475;10.1099;0.542989;-1.23246;0;-10.0027;10.2645;0.565956;2.46776
-5.40785;11.8308;0.695056;-0.613417;0.021;-5.51559;11.8478;0.507199;1.99178
-13.9892;4.90527;0.618941;1.59258;0.021;-14.1969;5.14112;0.577542;-2.78618
-14.589;7.47955;0.460955;1.29845;0.021;-14.3842;7.65568;0.414681;-0.209355
-7.61627;12.4057;0.572945;1.67326;0;-7.71863;12.8619;0.763664;-1.27732
-8.99891;13.1032;0.391424;-1.97448;0;-8.48321;13.5036;0.702585;1.0764
-7.32258;10.3432;0.563169;-0.684267;0;-7.42679;10.337;0.593638;2.56726
-13.0331;16.0532;0.352675;-1.97321;0.002;-13.0672;15.9099;0.571332;0.324478
-13.4882;6.6309;0.717962;-1.11128;0.021;-13.4694;6.47758;0.688365;2.5551
-5.43201;8.96047;0.287864;0.205471;0.021;-5.4067;9.43435;0.169581;0.116959
-12.1486;12.0796;0.528971;-2.36128;0;-11.7112;12.1367;0.502591;0.938971
-13.4745;10.223;0.629887;2.4656;0;-13.5515;10.0648;0.651214;2.1028
-4.08685;10.4592;0.551886;0.268104;0.141;-3.91589;10.6723;0.452108;-1.87379
-6.61728;7.8385;0.334212;0.319;0.021;-6.66235;7.70149;0.473878;1.22969
-12.8716;7.64652;0.799915;-0.357139;0.021;-12.8511;7.81802;0.697387;1.87617
-10.2534;13.9223;0.269062;-1.95612;0;-10.0727;13.9861;0.816154;1.4253
-12.3021;4.19149;0.259969;-1.90194;0.024;-12.1246;4.21004;0.463407;0.803441
-7.41319;10.2607;0.329735;-0.753151;0;-7.32258;10.3432;0.563169;-0.684267
-11.7794;15.823;0.437211;-2.11351;0;-11.8872;15.6703;0.26509;-1.58222
-8.3378;15.7844;0.64376;-2.09073;0;-8.94566;15.5328;0.761087;2.17
-4.5729;12.047;0.481497;-0.742202;0.034;-4.32901;11.6647;0.556946;-2.37612
-11.6772;15.4806;0.660364;1.62007;0;-11.7794;15.823;0.437211;-2.11351
-8.94819;8.17023;0.713471;1.59027;0.021;-9.29786;7.89582;0.783508;0.812111
-10.5068;15.3045;0.382928;0.517966;0;-10.0989;14.8715;0.467427;-0.0459358
-12.538;4.57158;0.791282;2.20946;0.024;-12.3493;4.66062;0.78234;-1.89007
-12.32;10.6171;0.59922;-0.620962;0;-12.6775;10.7423;0.625721;-2.96839
-14.0825;5.19311;0.359393;-1.55604;0.021;-14.1969;5.14112;0.577542;-2.78618
-7.71137;12.5825;0.695238;-1.46129;0;-7.61627;12.4057;0.572945;1.67326
-13.2466;4.55055;0.819399;0.684474;0.021;-13.4269;4.51523;0.555699;-1.23361
-8.4588;10.3918;0.490498;2.61568;0;-8.52589;10.0056;0.434991;-2.31212
-9.70202;13.6278;0.189885;-0.514042;0;-10.2534;13.9223;0.269062;-1.95612
-10.8115;10.5155;0.284654;0.278452;0;-10.9898;10.3185;0.230453;0.379377
-12.8893;8.14078;0.707869;1.73358;0.021;-12.8511;7.81802;0.697387;1.87617
-10.8883;9.74437;0.736162;0.732674;0;-10.6528;9.81669;0.552796;-0.506306
-14.2468;15.8787;0.630918;2.49447;0;-13.2521;15.8134;0.551605;2.2544
-8.39553;11.8218;0.225572;-3.13192;0;-8.31172;12.2148;0.237986;1.71054
-10.5243;8.11808;0.235819;-2.17871;0.021;-10.1356;7.98045;0.647791;2.58316
-13.7433;16.1412;0.50492;2.93128;0;-14.2468;15.8787;0.630918;2.49447
-7.95888;12.5383;0.633724;2.70062;0;-7.71137;12.5825;0.695238;-1.46129
-11.7068;14.1007;0.301476;-1.54629;0;-11.5257;13.9781;0.587848;-0.746043
-9.98167;13.4615;0.426278;-0.910986;0;-9.70202;13.6278;0.189885;-0.514042
-11.3631;10.5568;0.836476;-0.0146555;0;-10.9533;10.574;0.589795;-2.74161
-13.6911;10.438;0.727261;-2.23221;0;-13.4745;10.223;0.629887;2.4656
-4.16222;10.1313;0.296172;-1.04404;0.383;-4.09065;10.0006;0.307191;-2.42124
-12.4913;5.14117;0.288983;2.08844;0.024;-12.1083;5.59353;0.422064;2.83446
-9.17946;12.4148;0.837699;2.71805;0;-8.47863;12.5583;0.567075;1.12621
-14.3489;4.86341;0.550113;-0.10428;0.025;-14.1969;5.14112;0.577542;-2.78618
-12.2361;16.1484;0.691657;2.5721;0;-11.7794;15.823;0.437211;-2.11351
-2.59973;9.71653;0.409636;-0.994195;0.38;-2.57972;9.64179;0.490883;-2.56516
-11.8562;14.8378;0.560696;0.115821;0;-11.4525;14.9692;0.517971;1.88387
-8.64686;14.8964;0.219023;0.344818;0;-8.42968;14.6766;0.786551;0.828181
-13.1111;4.07283;0.610856;0.687798;0.03;-12.6315;3.90991;0.586905;0.820888
-14.6065;12.2912;0.787337;-2.81078;0;-14.5022;12.0152;0.843451;-2.592
-2.57971;12.311;0.384198;-0.122972;0.241;-2.50842;12.4252;0.484648;1.43973
-12.9367;8.11443;0.165767;-2.93344;0.021;-12.8622;7.75417;0.265506;1.07133
-8.73039;16.3907;0.344408;1.24345;0;-8.72848;16.4165;0.564314;-2.77628
-9.5352;7.87208;0.390606;2.24301;0.021;-9.29786;7.89582;0.783508;0.812111
-4.44587;9.78499;0.563314;2.414;0.228;-4.56221;9.59313;0.505298;-1.80714
-10.8531;10.4707;0.619105;1.4035;0;-10.9533;10.574;0.589795;-2.74161
-11.5945;16.0407;0.488314;-2.10855;0;-11.7794;15.823;0.437211;-2.11351
-12.3644;10.9053;0.342454;1.11485;0;-12.1765;11.1465;0.361331;3.09537
-5.55193;12.1956;0.344508;-2.51352;0.021;-5.51559;11.8478;0.507199;1.99178
-4.2282;9.82062;0.435577;-2.13748;0.413;-4.44587;9.78499;0.563314;2.414
-8.85734;13.0889;0.637813;-2.34227;0;-8.99891;13.1032;0.391424;-1.97448
-7.32689;7.79043;0.599245;2.43326;0.021;-7.44853;8.18735;0.769174;-2.1606
-5.85274;12.3529;0.172517;-1.57318;0.021;-5.55193;12.1956;0.344508;-2.51352
-10.4703;14.5091;0.809057;1.67152;0;-10.0989;14.8715;0.467427;-0.0459358
-6.14439;9.26918;0.676217;-2.46704;0.021;-5.99405;9.30291;0.527941;0.674935
-6.12852;7.691;0.545446;-1.84594;0.211;-6.22157;7.60109;0.531311;-1.47416
-13.9833;14.9155;0.683561;2.35829;0;-14.2468;15.8787;0.630918;2.49447
-5.44769;11.0778;0.34057;-2.32524;0.021;-5.41397;10.9362;0.288944;2.9931
-13.842;12.1798;0.594282;-2.54977;0;-13.9154;11.9665;0.64378;0.910623
-6.96493;7.63094;0.192559;0.0741839;0.021;-6.66235;7.70149;0.473878;1.22969
-14.1183;15.3882;0.671528;-2.98046;0;-13.9833;14.9155;0.683561;2.35829
-8.85897;11.9042;0.499857;0.727517;0;-8.39553;11.8218;0.225572;-3.13192
-3.26925;10.9608;0.196688;-0.737808;0.094;-3.09823;11.1624;0.221618;-1.40813
-12.3109;6.04273;0.391523;-0.4029;0.028;-12.1083;5.59353;0.422064;2.83446
-7.52518;9.45161;0.654191;-2.84256;0;-7.75151;9.59188;0.819267;1.69383
-5.51916;9.26846;0.281579;1.2932;0.021;-5.4067;9.43435;0.169581;0.116959
-2.7031;11.4193;0.829559;-1.78847;0.063;-3.05273;11.7701;0.42044;-2.26195
-13.9372;14.7178;0.382503;-2.68667;0;-13.9833;14.9155;0.683561;2.35829
-2.97016;11.3633;0.343464;-2.35218;0.094;-3.09823;11.1624;0.221618;-1.40813
-13.2845;7.77676;0.159218;-0.104986;0.021;-12.8622;7.75417;0.265506;1.07133
-6.03891;8.3427;0.809304;1.69484;0.021;-5.9963;8.24722;0.7325;1.65874
-5.73325;11.982;0.362581;-1.05284;0.021;-5.55193;12.1956;0.344508;-2.51352
-14.257;10.7192;0.708603;-0.091371;0;-13.9773;10.597;0.551456;0.933131
-14.1567;8.26352;0.150592;2.24402;0.021;-14.3842;7.65568;0.414681;-0.209355
-7.27821;9.89989;0.481558;2.20316;0;-7.15482;9.92399;0.548898;-1.76144
-7.74652;15.1967;0.677541;-2.36474;0;-7.53899;15.077;0.390831;0.0360701
-7.41313;9.72354;0.351205;-0.154728;0;-7.27821;9.89989;0.481558;2.20316
-12.5005;10.9002;0.39246;1.57221;0;-12.3644;10.9053;0.342454;1.11485
-5.21784;10.9988;0.227043;0.575943;0.021;-5.41397;10.9362;0.288944;2.9931
-4.82619;10.7411;0.163912;-0.887068;0.111;-4.48675;10.799;0.279079;-0.85976
-9.32881;12.7089;0.158903;-1.10885;0;-8.99891;13.1032;0.391424;-1.97448
-5.37442;8.21142;0.269619;1.85776;0.021;-5.43201;8.96047;0.287864;0.205471
-8.88973;13.5427;0.662194;0.933154;0;-8.48321;13.5036;0.702585;1.0764
-2.2101;12.0241;0.259211;0.192438;0.241;-2.57971;12.311;0.384198;-0.122972
-12.83;7.7624;0.715572;-0.140556;0.021;-12.8511;7.81802;0.697387;1.87617
-9.52395;11.8499;0.547983;1.75046;0;-8.85897;11.9042;0.499857;0.727517
-12.2563;4.05157;0.613299;-1.85242;0.024;-12.1246;4.21004;0.463407;0.803441
-13.6873;16.5103;0.599179;3.07126;0;-13.7433;16.1412;0.50492;2.93128
-4.73944;10.1671;0.578549;-0.41305;0.228;-4.50238;9.93545;0.317445;3.10848
-8.36703;15.29;0.690142;-0.0958438;0;-8.3378;15.7844;0.64376;-2.09073
-5.93278;9.63154;0.818986;-1.61716;0.025;-5.93854;9.58839;0.637129;0.692274
-4.94451;10.7878;0.563968;1.35556;0.034;-4.63427;10.714;0.612128;-1.30559
-13.7483;10.9054;0.752147;2.02785;0;-13.6106;11.0616;0.597233;1.95719
-2.19167;10.0528;0.417592;-2.87278;0.228;-2.09069;9.95418;0.254808;0.355417
-8.27676;16.6184;0.216418;1.73101;0;-8.73039;16.3907;0.344408;1.24345
-5.96557;7.53521;0.638675;-0.470961;0.021;-5.93078;7.65655;0.521057;-3.061
-8.39915;12.8233;0.421185;-0.215353;0;-8.47863;12.5583;0.567075;1.12621
-3.69484;10.164;0.224581;-1.17059;0.384;-4.09065;10.0006;0.307191;-2.42124
-2.42165;12.0668;0.647912;-1.6906;0.034;-2.56832;12.3005;0.699783;0.048915
-8.79262;10.1885;0.833682;0.86823;0;-9.00501;10.319;0.803183;2.05488
-11.7542;10.3866;0.508153;-0.357396;0;-12.0357;10.2334;0.775507;-1.92031
-5.62865;7.69158;0.710023;1.61204;0.021;-5.93078;7.65655;0.521057;-3.061
-9.11036;13.4174;0.615921;-2.70949;0;-8.88973;13.5427;0.662194;0.933154
-3.94447;9.70639;0.669786;-1.86905;0.415;-3.86928;9.81959;0.756677;-0.629569
-11.1431;16.4287;0.672405;-1.3631;0;-10.8001;16.5273;0.779529;-0.510232
-13.7821;16.5706;0.163731;3.022;0;-13.6873;16.5103;0.599179;3.07126
-9.4502;14.1418;0.448986;-2.25454;0;-9.70202;13.6278;0.189885;-0.514042
-6.93792;15.7299;0.614384;-0.190066;0;-7.53899;15.077;0.390831;0.0360701
-13.9128;7.32725;0.369918;0.550275;0.021;-14.3842;7.65568;0.414681;-0.209355
-13.4394;3.72878;0.782052;-2.80866;0.03;-13.1111;4.07283;0.610856;0.687798
-13.6662;11.7744;0.269702;-2.9731;0;-13.8731;11.8333;0.497303;2.84578
-9.49905;15.0492;0.451122;2.71258;0;-9.48054;14.7981;0.433435;-0.00031526
-13.6677;7.98058;0.531647;-2.53343;0.021;-13.2845;7.77676;0.159218;-0.104986
-7.78725;12.5747;0.599598;1.07071;0;-7.71137;12.5825;0.695238;-1.46129
-12.2666;5.54787;0.236509;-2.0793;0.024;-12.1083;5.59353;0.422064;2.83446
-6.56597;16.428;0.6653;1.45032;0;-6.93792;15.7299;0.614384;-0.190066
-3.63323;9.83859;0.717445;-2.8299;0.228;-3.86928;9.81959;0.756677;-0.629569
-13.964;14.736;0.533157;-2.17205;0;-13.9372;14.7178;0.382503;-2.68667
-8.23671;7.98962;0.464014;1.64285;0.021;-8.12618;7.99459;0.481363;2.45825
-14.35;3.95909;0.156056;-2.2972;0.021;-14.3456;4.30157;0.240461;-2.77862
-5.76332;11.0035;0.66412;-2.89606;0.021;-5.59376;11.0221;0.731472;2.30048
-13.9821;15.7462;0.156046;-2.10167;0.059;-14.2468;15.8787;0.630918;2.49447
-10.6441;15.245;0.721066;-0.864973;0;-10.5068;15.3045;0.382928;0.517966
-1.54264;12.3663;0.840075;0.24569;0.034;-1.65691;12.6675;0.738655;-2.94029
-13.0152;4.23399;0.718068;-1.44381;0.03;-13.1111;4.07283;0.610856;0.687798
-5.56836;16.3743;0.621692;0.908055;0;-6.56597;16.428;0.6653;1.45032
-10.9913;5.67275;0.393833;-2.99171;0.024;-11.748;5.11985;0.742745;-0.448077
-7.70939;8.23599;0.472548;1.67831;0.021;-7.44853;8.18735;0.769174;-2.1606
-4.58421;16.1994;0.592458;0.459458;0;-5.56836;16.3743;0.621692;0.908055
-2.38784;9.99594;0.571821;-0.277914;0.228;-2.30162;9.89205;0.653751;1.00188
-4.13222;16.625;0.726563;2.39527;0;-4.58421;16.1994;0.592458;0.459458
-9.24383;14.5747;0.496367;-0.57915;0;-9.48054;14.7981;0.433435;-0.00031526
-4.36236;16.2882;0.530011;-1.14654;0;-4.58421;16.1994;0.592458;0.459458
-13.766;7.64974;0.552977;-1.40272;0.021;-13.6677;7.98058;0.531647;-2.53343
-11.9255;6.20253;0.484118;0.490014;0.028;-12.3109;6.04273;0.391523;-0.4029
-3.53619;15.7301;0.452822;2.23298;0;-4.36236;16.2882;0.530011;-1.14654
-5.40245;10.3056;0.573429;-3.03566;0.021;-5.52081;10.3682;0.829509;1.40727
-14.2594;3.76693;0.626896;0.874812;0.025;-14.35;3.95909;0.156056;-2.2972
-5.19046;9.70907;0.580519;-2.61278;0.021;-5.52054;9.87624;0.54331;-2.74821
-10.0029;5.68379;0.242495;2.01976;0.024;-10.9913;5.67275;0.393833;-2.99171
-7.07233;10.2564;0.789656;-1.70761;0;-7.01187;10.2733;0.652786;-2.34647
-10.1964;15.0488;0.329501;0.289267;0;-10.0989;14.8715;0.467427;-0.0459358
-4.96843;10.5934;0.196934;-0.847671;0.111;-4.82619;10.7411;0.163912;-0.887068
-10.6137;6.29753;0.63552;2.08244;0.024;-10.9913;5.67275;0.393833;-2.99171
-13.7383;8.1614;0.25243;1.13245;0.021;-13.6677;7.98058;0.531647;-2.53343
-5.16751;10.0169;0.742501;-1.45345;0.022;-5.19046;9.70907;0.580519;-2.61278
-5.31545;9.56368;0.375415;2.06069;0.021;-5.4067;9.43435;0.169581;0.116959
-5.51942;15.3759;0.649426;2.52884;0;-5.56836;16.3743;0.621692;0.908055
-9.41685;6.31068;0.622913;0.220857;0.024;-10.0029;5.68379;0.242495;2.01976
-12.3506;4.94122;0.361269;-2.19078;0.024;-12.4913;5.14117;0.288983;2.08844
-5.49395;15.3173;0.292744;-2.46075;0.047;-5.51942;15.3759;0.649426;2.52884
-12.4676;11.9307;0.602386;2.25528;0;-12.1486;12.0796;0.528971;-2.36128
-10.4483;7.51693;0.71859;2.36909;0.021;-10.5472;7.50084;0.706225;-0.589407
-9.95165;12.6451;0.561294;2.77052;0;-9.32881;12.7089;0.158903;-1.10885
-12.0999;5.42734;0.783934;-0.472754;0.024;-12.1083;5.59353;0.422064;2.83446
-13.7799;7.2814;0.360058;3.11137;0.021;-13.9128;7.32725;0.369918;0.550275
-6.07757;10.2169;0.217259;-0.637869;0.021;-6.07851;9.94335;0.448236;-0.283591
-5.49171;8.33905;0.184692;0.101298;0.021;-5.37442;8.21142;0.269619;1.85776
-6.60274;8.16754;0.738899;-0.794962;0.021;-6.68228;8.35533;0.553352;1.88673
-7.68127;10.3382;0.158274;-2.46616;0;-7.41319;10.2607;0.329735;-0.753151
-12.4194;10.8485;0.400222;-0.404684;0;-12.5005;10.9002;0.39246;1.57221
-8.74159;5.5747;0.574293;2.69128;0.024;-9.41685;6.31068;0.622913;0.220857
-8.29642;4.67948;0.554206;-2.73952;0.024;-8.74159;5.5747;0.574293;2.69128
-12.5864;11.2575;0.712005;-0.274987;0;-12.5005;10.9002;0.39246;1.57221
-7.56836;3.99468;0.585487;1.82901;0.024;-8.29642;4.67948;0.554206;-2.73952
-6.28683;10.3057;0.398729;-1.38082;0.021;-6.07757;10.2169;0.217259;-0.637869
-3.55902;16.5748;0.594899;1.39788;0;-4.13222;16.625;0.726563;2.39527
-8.77908;5.19258;0.259547;-0.165519;0.024;-8.74159;5.5747;0.574293;2.69128
-10.1684;15.1816;0.195175;-2.14968;0;-10.1964;15.0488;0.329501;0.289267
-4.67717;15.0697;0.781947;1.37564;0;-5.51942;15.3759;0.649426;2.52884
-14.034;10.6912;0.223028;3.0935;0;-13.8875;10.7964;0.224677;0.387794
-8.54953;4.15142;0.67484;3.07253;0.024;-8.29642;4.67948;0.554206;-2.73952
-6.10579;15.1003;0.816647;-2.36552;0;-5.51942;15.3759;0.649426;2.52884
-5.7381;11.1313;0.34774;1.68431;0.021;-5.65174;11.3331;0.441639;-2.8138
-7.42324;7.83707;0.632764;-2.96;0.021;-7.32689;7.79043;0.599245;2.43326
-10.4639;6.26749;0.294119;2.36703;0.024;-10.6137;6.29753;0.63552;2.08244
-7.21689;15.9519;0.336148;-2.63265;0;-6.93792;15.7299;0.614384;-0.190066
-1.80842;9.88366;0.311346;1.02674;0.228;-1.65145;9.85645;0.487682;1.92381
-6.35341;10.6213;0.603272;1.84751;0;-6.54924;10.5097;0.63971;-2.2542
-9.34336;13.1875;0.806365;0.321738;0;-9.11036;13.4174;0.615921;-2.70949
-13.8037;16.374;0.721268;2.98261;0;-13.6873;16.5103;0.599179;3.07126
-11.5172;6.21463;0.23023;2.37947;0.028;-11.9255;6.20253;0.484118;0.490014
-9.28848;15.5929;0.459737;-0.437714;0;-9.43889;15.7816;0.64053;-1.56118
-3.38824;9.71393;0.599621;0.293217;0.228;-3.63323;9.83859;0.717445;-2.8299
-8.32842;5.22311;0.26859;0.762373;0.024;-8.77908;5.19258;0.259547;-0.165519
-10.4584;8.26132;0.599762;-1.36021;0.021;-10.5243;8.11808;0.235819;-2.17871
-11.6679;11.9084;0.591127;0.431809;0;-11.7112;12.1367;0.502591;0.938971
-10.513;5.77513;0.298233;0.772784;0.024;-10.4639;6.26749;0.294119;2.36703
-9.18784;3.38896;0.56891;2.72662;0.024;-8.54953;4.15142;0.67484;3.07253
-8.23034;16.1547;0.616225;-1.39172;0;-8.3378;15.7844;0.64376;-2.09073
-5.37183;12.2443;0.233663;2.05266;0.021;-5.55193;12.1956;0.344508;-2.51352
-8.12848;3.62359;0.325436;-0.148662;0.024;-7.56836;3.99468;0.585487;1.82901
-9.29261;16.5065;0.400246;-1.80895;0;-9.21443;16.1702;0.357021;1.90888
-7.75084;4.15773;0.662814;1.6068;0.024;-7.56836;3.99468;0.585487;1.82901
-7.81442;16.3347;0.562801;-1.41883;0.013;-8.23034;16.1547;0.616225;-1.39172
-10.1105;14.4746;0.692111;2.55569;0;-10.4703;14.5091;0.809057;1.67152
-3.59844;16.3357;0.30231;-2.69287;0.002;-3.55902;16.5748;0.594899;1.39788
-4.33096;14.1952;0.442396;-1.77671;0;-4.67717;15.0697;0.781947;1.37564
-9.46592;6.18287;0.490063;-0.983097;0.024;-9.41685;6.31068;0.622913;0.220857
-1.85212;9.63124;0.366219;-0.57473;0.228;-1.80842;9.88366;0.311346;1.02674
-12.4443;7.65854;0.545442;1.38883;0.021;-12.83;7.7624;0.715572;-0.140556
-5.62096;8.38375;0.399335;-0.847306;0.052;-5.49171;8.33905;0.184692;0.101298
-10.0477;9.86074;0.201203;3.0051;0;-9.96475;10.1099;0.542989;-1.23246
-5.94101;8.35264;0.304407;0.386523;0.021;-6.06532;8.36748;0.566675;-0.469375
-5.23634;13.7741;0.387877;-1.38522;0;-4.33096;14.1952;0.442396;-1.77671
-11.1538;7.84833;0.530649;1.07271;0.021;-11.1245;7.6379;0.451859;-1.22356
-9.1614;10.2743;0.269007;1.4738;0;-9.01385;10.1277;0.427077;2.33282
-11.6881;13.7576;0.443964;-0.63025;0;-11.5257;13.9781;0.587848;-0.746043
-8.80741;5.53731;0.576516;-3.13469;0.024;-8.74159;5.5747;0.574293;2.69128
-9.70786;13.0869;0.644135;2.08302;0;-9.34336;13.1875;0.806365;0.321738
-8.56529;9.52796;0.816221;2.3535;0;-8.30595;9.64567;0.620538;-2.37145
-11.1927;16.3775;0.74412;-2.27879;0;-11.1431;16.4287;0.672405;-1.3631
-6.4968;8.72105;0.309049;-2.33105;0.021;-6.28189;8.9904;0.323733;0.923299
-5.71471;11.3984;0.82084;1.51325;0.021;-5.70465;11.2347;0.680748;2.87993
-14.0888;5.96561;0.371085;-3.12941;0.021;-14.0964;5.88871;0.434863;1.4554
-3.78421;13.7596;0.628905;-2.98862;0.043;-4.33096;14.1952;0.442396;-1.77671
-9.58998;12.4366;0.581961;-1.63427;0;-9.95165;12.6451;0.561294;2.77052
-2.76441;11.6194;0.157688;1.70833;0.094;-2.97016;11.3633;0.343464;-2.35218
-3.08819;11.7984;0.614199;0.185145;0.034;-3.05273;11.7701;0.42044;-2.26195
-13.686;8.25003;0.641889;3.10839;0.021;-13.6677;7.98058;0.531647;-2.53343
-5.25602;16.6024;0.740527;-1.3558;0.025;-5.56836;16.3743;0.621692;0.908055
-12.2722;14.2558;0.580145;0.304109;0;-12.2207;13.964;0.342483;-0.591829
-3.92169;14.1231;0.726907;-0.574077;0.043;-3.78421;13.7596;0.628905;-2.98862
-9.89524;14.2898;0.421733;-1.62274;0;-10.1105;14.4746;0.692111;2.55569
-8.43051;15.3937;0.691476;-1.25076;0;-8.36703;15.29;0.690142;-0.0958438
-9.86424;5.98026;0.217912;-1.8385;0.024;-10.0029;5.68379;0.242495;2.01976
-4.51326;16.2804;0.269272;-2.43635;0.047;-4.36236;16.2882;0.530011;-1.14654
-8.32859;13.0602;0.603589;-3.05358;0;-8.39915;12.8233;0.421185;-0.215353
-12.714;3.76612;0.361029;-2.35327;0.024;-12.6315;3.90991;0.586905;0.820888
-7.89113;11.9774;0.82244;0.268642;0;-7.61627;12.4057;0.572945;1.67326
-9.18648;5.51551;0.664241;-2.14272;0.024;-8.80741;5.53731;0.576516;-3.13469
-13.4518;15.6329;0.847693;-2.81129;0;-13.2521;15.8134;0.551605;2.2544
-8.23204;9.7712;0.704695;1.67311;0;-8.30595;9.64567;0.620538;-2.37145
-12.4217;7.89658;0.593462;-1.46314;0.021;-12.4443;7.65854;0.545442;1.38883
-5.02355;10.5834;0.515972;-0.283126;0.034;-4.94451;10.7878;0.563968;1.35556
-11.7053;5.71092;0.38692;-0.876905;0.031;-12.1083;5.59353;0.422064;2.83446
-6.27597;7.45744;0.158389;-2.20783;0.205;-6.44719;7.57935;0.320036;2.13293
-6.57006;9.63471;0.604866;-1.04126;0.022;-6.59754;9.49122;0.519928;-0.671593
-7.6406;5.9483;0.265528;1.76612;0.024;-8.32842;5.22311;0.26859;0.762373
-9.37004;15.8918;0.727781;-2.17349;0;-9.43889;15.7816;0.64053;-1.56118
-11.4534;11.0089;0.467529;0.715782;0;-11.6112;11.1788;0.745088;-0.237101
-8.70458;12.4611;0.776214;2.0083;0;-8.47863;12.5583;0.567075;1.12621
-10.4659;16.0856;0.327979;-3.10638;0;-10.126;15.8482;0.680688;-3.09987
-14.4275;7.90205;0.29128;-2.25609;0.021;-14.3842;7.65568;0.414681;-0.209355
-11.0423;8.02309;0.434378;-2.89378;0.021;-11.1538;7.84833;0.530649;1.07271
-8.47422;15.2872;0.775182;0.879263;0;-8.36703;15.29;0.690142;-0.0958438
-3.73122;14.0846;0.399496;-0.842769;0.043;-3.92169;14.1231;0.726907;-0.574077
-10.0061;5.9998;0.305023;-2.68736;0.024;-9.86424;5.98026;0.217912;-1.8385
-13.6034;15.7638;0.66209;1.64684;0;-13.4518;15.6329;0.847693;-2.81129
-13.6688;7.45566;0.826516;-0.130664;0.021;-13.4877;7.47568;0.74712;2.74235
-3.47113;12.0253;0.408486;-3.07232;0.034;-3.54499;12.2849;0.582063;-0.68006
-8.00675;5.7438;0.39696;-2.89372;0.024;-7.6406;5.9483;0.265528;1.76612
-6.26706;11.3895;0.692579;-0.357246;0.021;-6.01006;11.1986;0.846527;-1.03286
-9.7853;2.59006;0.63815;0.0842804;0.024;-9.18784;3.38896;0.56891;2.72662
-11.5715;11.4306;0.408638;-0.063339;0;-11.8164;11.4673;0.660913;2.49038
-8.13096;12.2479;0.381658;0.627396;0;-8.31172;12.2148;0.237986;1.71054
-14.4252;6.24868;0.600063;-0.829582;0.021;-14.2129;6.12287;0.597143;-2.91047
-10.4361;6.36077;0.191348;0.0679325;0.024;-10.4639;6.26749;0.294119;2.36703
-1.43527;11.9514;0.396314;-0.546324;0.034;-1.54264;12.3663;0.840075;0.24569
-9.46661;14.5574;0.182547;1.4176;0;-9.48054;14.7981;0.433435;-0.00031526
-13.8;16.2275;0.260091;1.15945;0;-13.7433;16.1412;0.50492;2.93128
-3.7445;10.1072;0.349324;-0.423566;0.384;-3.69484;10.164;0.224581;-1.17059
-10.4237;1.82691;0.537639;-0.187982;0.024;-9.7853;2.59006;0.63815;0.0842804
-8.5862;4.11123;0.321612;1.37812;0.024;-8.54953;4.15142;0.67484;3.07253
-10.1032;13.473;0.767866;-2.75431;0;-9.98167;13.4615;0.426278;-0.910986
-8.00747;12.0663;0.522796;-0.0902475;0;-8.13096;12.2479;0.381658;0.627396
-12.4786;10.0341;0.246852;1.3424;0;-12.598;9.76433;0.630494;3.10684
-12.2598;4.91597;0.766845;1.55338;0.024;-12.3493;4.66062;0.78234;-1.89007
-11.7313;10.8408;0.518076;-3.0649;0;-11.8101;10.9172;0.77239;0.172266
-8.09864;4.58939;0.68902;-2.34691;0.024;-8.29642;4.67948;0.554206;-2.73952
-4.30379;14.6742;0.395505;-0.51351;0;-4.33096;14.1952;0.442396;-1.77671
-6.08012;14.7221;0.765893;0.706346;0;-6.10579;15.1003;0.816647;-2.36552
-13.7443;10.9707;0.483745;-1.23405;0;-13.6106;11.0616;0.597233;1.95719
-12.2407;5.49836;0.301513;-0.724716;0.03;-12.2666;5.54787;0.236509;-2.0793
-5.81441;7.65189;0.824928;-0.407998;0.021;-5.62865;7.69158;0.710023;1.61204
-4.3927;14.4695;0.75807;-1.29287;0;-4.33096;14.1952;0.442396;-1.77671
-5.94477;8.34107;0.744848;-1.43279;0.153;-5.9963;8.24722;0.7325;1.65874
-5.63546;8.88074;0.244767;2.21468;0.021;-5.43201;8.96047;0.287864;0.205471
-11.2084;6.50426;0.832974;-0.40665;0.024;-10.6137;6.29753;0.63552;2.08244
-5.39176;15.4028;0.555238;-0.592067;0;-5.51942;15.3759;0.649426;2.52884
-10.2441;10.0373;0.195404;-0.198162;0;-10.0477;9.86074;0.201203;3.0051
-9.40431;14.398;0.537607;-2.40475;0;-9.24383;14.5747;0.496367;-0.57915
-7.55381;5.88657;0.419837;2.44882;0.024;-7.6406;5.9483;0.265528;1.76612
-14.2195;10.7871;0.507713;2.10286;0;-14.257;10.7192;0.708603;-0.091371
-9.36497;4.06881;0.303031;1.38195;0.024;-9.18784;3.38896;0.56891;2.72662
-12.5675;8.05636;0.477569;1.16332;0.021;-12.4217;7.89658;0.593462;-1.46314
-3.6055;11.5992;0.341955;0.992234;0.034;-3.70645;11.7827;0.237075;-3.06593
-13.9709;7.27837;0.273369;2.04704;0.021;-13.9128;7.32725;0.369918;0.550275
-10.0733;12.3833;0.16168;-0.626528;0;-9.95165;12.6451;0.561294;2.77052
-11.4186;1.74386;0.594347;1.44205;0.026;-10.4237;1.82691;0.537639;-0.187982
-9.42036;14.9867;0.249217;-2.57919;0;-9.49905;15.0492;0.451122;2.71258
-10.0556;2.77604;0.686302;1.6195;0.024;-9.7853;2.59006;0.63815;0.0842804
-10.0348;14.1698;0.596836;0.873134;0;-9.89524;14.2898;0.421733;-1.62274
-14.2363;15.9893;0.822591;0.298103;0;-14.2468;15.8787;0.630918;2.49447
-14.205;7.99575;0.645457;-0.551863;0.021;-14.4275;7.90205;0.29128;-2.25609
-9.46742;3.84142;0.462861;1.40956;0.024;-9.36497;4.06881;0.303031;1.38195
-14.1946;15.6608;0.642395;2.2611;0;-14.2468;15.8787;0.630918;2.49447
-9.98556;16.5232;0.511343;0.562423;0;-9.81808;16.0208;0.734332;0.0801878
-11.1155;2.12092;0.412254;-2.32886;0.026;-11.4186;1.74386;0.594347;1.44205
-8.04094;11.8721;0.203008;3.06609;0;-8.39553;11.8218;0.225572;-3.13192
-14.434;11.3416;0.794881;-1.24223;0;-13.9755;11.2653;0.812017;-2.36118
-8.99372;11.8636;0.392285;0.918024;0;-8.85897;11.9042;0.499857;0.727517
-4.32018;12.3413;0.213259;-2.03936;0.034;-4.5729;12.047;0.481497;-0.742202
-12.5464;13.9086;0.208196;2.56527;0;-12.2207;13.964;0.342483;-0.591829
-6.97505;16.3004;0.174639;-0.828486;0.035;-7.21689;15.9519;0.336148;-2.63265
-14.4932;11.4795;0.514015;2.17157;0;-14.434;11.3416;0.794881;-1.24223
-5.42656;15.1123;0.58358;-2.45192;0.022;-5.51942;15.3759;0.649426;2.52884
-13.6082;10.1052;0.832539;-1.42095;0;-13.5515;10.0648;0.651214;2.1028
-5.57418;9.00629;0.596544;-1.83094;0.08;-5.43201;8.96047;0.287864;0.205471
-13.4186;4.28197;0.791074;0.710061;0.025;-13.2466;4.55055;0.819399;0.684474
-3.52418;10.8711;0.303642;-2.02514;0.181;-3.26925;10.9608;0.196688;-0.737808
-4.36287;16.0354;0.363931;-1.7615;0.017;-4.36236;16.2882;0.530011;-1.14654
-2.67362;12.0086;0.401672;2.92145;0.241;-2.57971;12.311;0.384198;-0.122972
-11.9419;4.87743;0.661803;-1.56254;0.024;-11.7787;4.7694;0.493095;2.40903
-12.1325;11.2598;0.3304;-0.824357;0;-12.1765;11.1465;0.361331;3.09537
-9.35537;13.5036;0.229852;2.47016;0;-9.70202;13.6278;0.189885;-0.514042
-14.0892;11.9466;0.810357;0.448711;0;-14.2032;11.9;0.733223;-1.58651
-12.8364;16.0803;0.624519;1.09574;0;-13.0672;15.9099;0.571332;0.324478
-12.8735;4.18434;0.168034;1.20264;0.024;-12.714;3.76612;0.361029;-2.35327
-7.89169;14.2189;0.241023;-2.55359;0;-7.962;14.2129;0.423348;1.00212
-7.77043;4.64795;0.633516;3.00727;0.024;-8.09864;4.58939;0.68902;-2.34691
-13.4306;15.7597;0.630357;1.49448;0;-13.6034;15.7638;0.66209;1.64684
-1.55397;9.86653;0.455613;1.70877;0.228;-1.65145;9.85645;0.487682;1.92381
-13.9015;8.1586;0.360337;-0.181103;0.021;-13.7383;8.1614;0.25243;1.13245
-9.5823;3.94318;0.8423;1.20768;0.024;-9.46742;3.84142;0.462861;1.40956
-9.10231;12.8705;0.605869;2.42571;0;-8.85734;13.0889;0.637813;-2.34227
-5.92658;14.0783;0.484451;2.8236;0;-6.08012;14.7221;0.765893;0.706346
-7.64765;10.2294;0.243488;-1.60631;0;-7.68127;10.3382;0.158274;-2.46616
-5.89341;13.8068;0.573411;-0.195194;0;-5.92658;14.0783;0.484451;2.8236
-10.2297;1.77912;0.586101;1.18671;0.024;-10.4237;1.82691;0.537639;-0.187982
-8.86221;4.41616;0.383186;1.6886;0.024;-8.5862;4.11123;0.321612;1.37812
-7.55725;13.8296;0.830625;-2.9206;0;-7.962;14.2129;0.423348;1.00212
-11.1515;10.3099;0.541019;-2.57269;0;-10.9533;10.574;0.589795;-2.74161
-11.9383;12.6634;0.237701;2.87376;0;-11.786;12.6881;0.447267;-0.802108
-7.62771;15.6871;0.176618;-2.20465;0;-7.21689;15.9519;0.336148;-2.63265
-5.95615;11.9656;0.576561;-0.85746;0.021;-5.95871;11.9197;0.667754;1.95962
-12.5533;4.14156;0.676202;1.99389;0.024;-12.6315;3.90991;0.586905;0.820888
-5.60837;11.6575;0.470465;-1.43011;0.021;-5.51559;11.8478;0.507199;1.99178
-12.2699;10.3308;0.554628;2.72504;0;-12.32;10.6171;0.59922;-0.620962
-14.271;6.04827;0.784195;-0.0725118;0.021;-14.2129;6.12287;0.597143;-2.91047
-9.71116;14.9819;0.260128;-1.69105;0;-9.42036;14.9867;0.249217;-2.57919
-10.1827;16.0856;0.211633;1.06801;0;-10.4659;16.0856;0.327979;-3.10638
-4.83634;10.2507;0.649566;-0.501895;0.228;-4.73944;10.1671;0.578549;-0.41305
-5.05789;15.0959;0.672812;-2.31656;0.044;-5.42656;15.1123;0.58358;-2.45192
-2.3876;10.0384;0.814746;-2.71722;0.228;-2.40258;9.98962;0.745068;-0.00465725
-6.22329;15.3142;0.833862;1.66675;0;-6.10579;15.1003;0.816647;-2.36552
-14.0171;3.70366;0.661583;-1.23889;0.025;-14.2594;3.76693;0.626896;0.874812
-10.1701;13.948;0.191948;-2.49298;0;-10.2534;13.9223;0.269062;-1.95612
-11.322;5.75999;0.239309;0.200529;0.024;-10.9913;5.67275;0.393833;-2.99171
-5.49008;16.1385;0.665248;1.5121;0;-5.56836;16.3743;0.621692;0.908055
-5.95598;15.353;0.632297;-2.47328;0;-6.22329;15.3142;0.833862;1.66675
-8.29988;15.0722;0.477773;-1.14068;0;-8.36703;15.29;0.690142;-0.0958438
-8.25904;16.0275;0.506969;1.37734;0;-8.23034;16.1547;0.616225;-1.39172
-5.84831;9.67056;0.220706;-0.175358;0.021;-6.07851;9.94335;0.448236;-0.283591
-12.9524;4.1947;0.736758;-1.26256;0.03;-13.0152;4.23399;0.718068;-1.44381
-10.6862;1.89751;0.222422;0.337685;0.024;-10.4237;1.82691;0.537639;-0.187982
-13.2445;15.7568;0.548299;2.62871;0;-13.2521;15.8134;0.551605;2.2544
-11.2278;1.98589;0.24959;-0.968478;0.026;-11.1155;2.12092;0.412254;-2.32886
-11.0308;9.67116;0.303873;-0.80147;0;-10.8883;9.74437;0.736162;0.732674
-7.34379;15.5796;0.395922;1.25118;0;-7.62771;15.6871;0.176618;-2.20465
-14.5908;7.15609;0.170956;-2.94227;0.021;-14.589;7.47955;0.460955;1.29845
-14.2163;4.48775;0.405116;-2.45465;0.027;-14.2668;4.34066;0.563284;0.0435881
-10.7146;16.3377;0.799772;2.02294;0;-10.8001;16.5273;0.779529;-0.510232
-8.25029;13.921;0.400515;-0.750739;0;-7.962;14.2129;0.423348;1.00212
-6.74752;8.57905;0.677792;-2.89681;0.021;-6.54164;8.59318;0.729381;-2.54184
-9.7177;16.51;0.490467;-1.10198;0;-9.98556;16.5232;0.511343;0.562423
-8.84823;4.26062;0.158467;-0.400848;0.024;-8.86221;4.41616;0.383186;1.6886
-4.80884;12.5234;0.709229;3.00013;0.034;-4.41083;12.4678;0.834981;-1.9106
-5.24135;9.61783;0.847416;-2.37471;0.022;-5.19046;9.70907;0.580519;-2.61278
-8.22905;9.81192;0.814715;-2.60302;0;-8.23204;9.7712;0.704695;1.67311
-12.3478;1.45723;0.36111;-0.559157;0.026;-11.4186;1.74386;0.594347;1.44205
-11.8485;11.5384;0.625824;-2.40033;0;-11.8164;11.4673;0.660913;2.49038
-7.93107;7.9565;0.471428;-0.935003;0.021;-8.00302;7.87394;0.464184;1.70446
-8.25552;10.1156;0.633011;-1.79731;0;-8.18354;9.95687;0.551453;2.07658
-10.5413;15.6175;0.268334;-2.26939;0;-10.5068;15.3045;0.382928;0.517966
-11.728;7.83397;0.461633;2.08184;0.021;-11.8281;7.98413;0.410179;-1.43905
-4.02537;11.8013;0.848327;1.97234;0.034;-3.88529;11.753;0.816916;-0.772539
-10.0591;2.98159;0.211903;-2.21617;0.024;-10.0556;2.77604;0.686302;1.6195
-13.0308;1.97765;0.300818;1.57233;0.026;-12.3478;1.45723;0.36111;-0.559157
-9.69069;12.6372;0.318506;1.26112;0;-9.58998;12.4366;0.581961;-1.63427
-6.20657;7.83144;0.203582;-0.269036;0.022;-6.0089;7.66352;0.461087;-1.89008
-2.32098;12.3751;0.288155;-2.50908;0.241;-2.50842;12.4252;0.484648;1.43973
-10.0245;15.7454;0.837357;-0.525415;0;-9.94304;15.7036;0.764419;2.41404
-2.92385;11.8495;0.198208;2.35298;0.034;-3.05273;11.7701;0.42044;-2.26195
-12.2446;14.5454;0.193178;-2.72806;0;-12.2722;14.2558;0.580145;0.304109
-8.65164;8.16731;0.498311;2.74886;0.021;-8.94819;8.17023;0.713471;1.59027
-8.69078;8.42964;0.192908;1.46701;0.021;-8.65164;8.16731;0.498311;2.74886
-4.84832;10.223;0.72905;-2.44178;0.228;-4.83634;10.2507;0.649566;-0.501895
-5.42041;10.2781;0.428078;1.45064;0.021;-5.40245;10.3056;0.573429;-3.03566
-12.1128;5.01064;0.32635;0.124762;0.024;-12.3506;4.94122;0.361269;-2.19078
-12.2368;15.8773;0.573361;-0.373066;0;-12.2361;16.1484;0.691657;2.5721
-8.75988;3.36764;0.546254;-1.35336;0.024;-9.18784;3.38896;0.56891;2.72662
-3.65298;9.65223;0.75235;1.44566;0.228;-3.63323;9.83859;0.717445;-2.8299
-13.1222;10.4841;0.516872;2.20403;0;-12.8584;10.4344;0.528082;0.09179
-4.95096;12.274;0.604423;-3.01806;0.034;-4.80884;12.5234;0.709229;3.00013
-9.2338;12.4689;0.631155;2.72958;0;-9.17946;12.4148;0.837699;2.71805
-14.2849;5.37115;0.266133;0.632911;0.021;-14.0825;5.19311;0.359393;-1.55604
-3.91056;9.71689;0.725296;3.04261;0.415;-3.94447;9.70639;0.669786;-1.86905
-8.10448;14.5555;0.425451;1.42567;0;-7.962;14.2129;0.423348;1.00212
-14.0904;15.1816;0.653865;1.69444;0;-14.1183;15.3882;0.671528;-2.98046
-13.9256;14.0679;0.630071;0.265081;0;-13.964;14.736;0.533157;-2.17205
-11.5838;16.1276;0.312124;-2.30956;0;-11.5945;16.0407;0.488314;-2.10855
-12.7616;1.88065;0.402266;-2.18038;0.026;-13.0308;1.97765;0.300818;1.57233
-3.91221;13.8691;0.777841;1.23167;0.043;-3.78421;13.7596;0.628905;-2.98862
-9.72952;15.0321;0.451144;3.09355;0;-9.71116;14.9819;0.260128;-1.69105
-14.1104;12.3038;0.724719;-1.29468;0;-14.05;12.2685;0.429891;-2.58233
-11.8595;15.8669;0.643991;-1.35805;0;-11.7794;15.823;0.437211;-2.11351
-10.3483;9.69878;0.654543;-1.84521;0;-10.6528;9.81669;0.552796;-0.506306
-10.7304;16.4555;0.813838;0.700043;0;-10.8001;16.5273;0.779529;-0.510232
-7.70834;15.8335;0.543547;0.732231;0;-7.62771;15.6871;0.176618;-2.20465
-10.4404;15.6883;0.237828;2.90032;0;-10.5413;15.6175;0.268334;-2.26939
-9.99534;15.4352;0.386406;0.792521;0;-10.1684;15.1816;0.195175;-2.14968
-8.02752;14.2496;0.205531;-1.64551;0;-7.89169;14.2189;0.241023;-2.55359
-5.53171;14.3103;0.737395;2.29826;0;-5.92658;14.0783;0.484451;2.8236
-5.27459;15.6;0.731725;0.375206;0;-5.39176;15.4028;0.555238;-0.592067
-13.1249;8.04604;0.692108;-2.09242;0.021;-12.8893;8.14078;0.707869;1.73358
-8.09867;16.5018;0.63308;0.281232;0.013;-7.81442;16.3347;0.562801;-1.41883
-5.65447;15.0175;0.183689;0.927022;0.047;-5.49395;15.3173;0.292744;-2.46075
-10.7833;15.4449;0.405135;-2.49065;0;-10.5068;15.3045;0.382928;0.517966
-3.34652;10.0644;0.701602;0.386385;0.378;-3.16864;10.0476;0.45286;1.71644
-5.73716;10.8102;0.186606;1.36455;0.021;-5.63255;10.898;0.374491;-0.59424
-12.1395;12.4688;0.52634;1.95716;0;-12.1486;12.0796;0.528971;-2.36128
-12.3361;16.15;0.58342;-2.45271;0;-12.2361;16.1484;0.691657;2.5721
-8.7852;6.25189;0.258236;2.8292;0.024;-9.46592;6.18287;0.490063;-0.983097
-6.36177;15.3553;0.780967;2.945;0;-6.22329;15.3142;0.833862;1.66675
-10.8455;6.43039;0.382194;3.09312;0.024;-10.6137;6.29753;0.63552;2.08244
-7.90971;3.8917;0.635735;2.11311;0.024;-7.75084;4.15773;0.662814;1.6068
-6.67512;10.171;0.833218;2.5247;0;-7.01187;10.2733;0.652786;-2.34647
-13.9233;10.0104;0.829281;2.43785;0;-14.1585;9.88957;0.721839;1.34411
-7.10486;16.1315;0.800964;-2.47964;0;-6.93792;15.7299;0.614384;-0.190066
-3.90746;14.9595;0.749072;-0.806998;0;-4.30379;14.6742;0.395505;-0.51351
-9.42585;5.55332;0.473453;1.09675;0.024;-9.18648;5.51551;0.664241;-2.14272
-3.34133;10.8173;0.588425;0.585748;0.141;-3.58294;11.0168;0.694761;1.45198
-8.25782;5.94255;0.781378;-0.692972;0.024;-8.00675;5.7438;0.39696;-2.89372
-5.88468;14.1375;0.500301;0.651451;0;-5.92658;14.0783;0.484451;2.8236
-9.09469;8.01651;0.594405;1.39379;0.021;-8.94819;8.17023;0.713471;1.59027
-9.37025;12.1902;0.734664;-0.727428;0;-9.17946;12.4148;0.837699;2.71805
-5.13138;12.3829;0.509229;-0.151032;0.034;-4.95096;12.274;0.604423;-3.01806
-4.0733;11.825;0.509139;0.99456;0.034;-4.32901;11.6647;0.556946;-2.37612
-14.0292;7.95118;0.445984;1.05874;0.021;-13.9015;8.1586;0.360337;-0.181103
-9.2206;12.4277;0.376309;0.774866;0;-9.2338;12.4689;0.631155;2.72958
-10.3545;12.4904;0.483649;-1.26237;0;-9.95165;12.6451;0.561294;2.77052
-7.52967;15.0242;0.379058;1.95518;0;-7.53899;15.077;0.390831;0.0360701
-5.49413;9.21117;0.369607;-1.21624;0.06;-5.51916;9.26846;0.281579;1.2932
-11.808;8.05106;0.649447;1.63124;0.021;-11.8281;7.98413;0.410179;-1.43905
-9.44063;4.23742;0.496296;0.260206;0.024;-9.36497;4.06881;0.303031;1.38195
-8.23965;8.07143;0.747365;2.12019;0.021;-8.12127;7.86384;0.702639;1.91097
-9.34001;13.9177;0.283395;0.520393;0;-9.4502;14.1418;0.448986;-2.25454
-13.9822;6.2593;0.611811;-2.84527;0.021;-14.2129;6.12287;0.597143;-2.91047
-9.82815;10.2371;0.223431;-1.55049;0;-9.96475;10.1099;0.542989;-1.23246
-13.7954;8.14289;0.825983;1.29895;0.021;-13.686;8.25003;0.641889;3.10839
-9.85088;2.32013;0.349916;-0.450432;0.024;-9.7853;2.59006;0.63815;0.0842804
-13.4877;2.47187;0.15932;1.04105;0.026;-13.0308;1.97765;0.300818;1.57233
-11.6868;1.78205;0.185805;-2.5425;0.026;-11.4186;1.74386;0.594347;1.44205
-12.147;5.17738;0.669172;-0.832703;0.024;-12.0999;5.42734;0.783934;-0.472754
-1.76786;10.1899;0.244175;1.59183;0.38;-1.70135;10.048;0.168338;-1.29993
-9.41566;8.06628;0.421017;-1.91349;0.021;-9.5352;7.87208;0.390606;2.24301
-11.6422;9.63618;0.684879;2.78298;0;-11.5991;9.81128;0.624368;1.06956
-1.55889;9.65594;0.154699;0.101281;0.228;-1.85212;9.63124;0.366219;-0.57473
-12.35;11.3419;0.373387;2.4689;0;-12.2013;11.2758;0.211727;1.87449
-13.0243;16.1288;0.763823;2.58767;0;-12.8364;16.0803;0.624519;1.09574
-13.51;16.5281;0.442378;1.64207;0;-13.6873;16.5103;0.599179;3.07126
-1.98631;12.5326;0.381646;-0.312654;0.241;-2.32098;12.3751;0.288155;-2.50908
-12.2525;3.92823;0.751159;-0.500415;0.024;-12.2563;4.05157;0.613299;-1.85242
-8.13974;5.45358;0.636268;-2.53671;0.024;-8.00675;5.7438;0.39696;-2.89372
-8.64229;14.2465;0.224078;2.54598;0;-8.25029;13.921;0.400515;-0.750739
-12.156;5.70326;0.490802;-1.1747;0.03;-12.1083;5.59353;0.422064;2.83446
-3.42884;12.46;0.831022;-2.77957;0.034;-3.54499;12.2849;0.582063;-0.68006
-11.7916;5.90473;0.468836;0.345681;0.031;-11.7053;5.71092;0.38692;-0.876905
-13.4847;1.09484;0.421687;0.547491;0.026;-13.0308;1.97765;0.300818;1.57233
-13.4753;0.0951191;0.443409;0.191781;0.026;-13.4847;1.09484;0.421687;0.547491
-9.46118;15.9863;0.593731;-2.45097;0;-9.51645;16.1198;0.592098;2.23631
-4.64278;12.0779;0.223174;-2.08498;0.034;-4.5729;12.047;0.481497;-0.742202
-5.09206;10.7426;0.649136;2.47611;0.034;-4.94451;10.7878;0.563968;1.35556
-14.4997;4.23094;0.646409;2.71689;0.027;-14.2668;4.34066;0.563284;0.0435881
-7.75069;5.34504;0.266193;0.34723;0.024;-8.00675;5.7438;0.39696;-2.89372
-5.9536;12.1272;0.638383;-2.32397;0.021;-5.95615;11.9656;0.576561;-0.85746
-5.28853;15.2933;0.243347;-1.91634;0.075;-5.49395;15.3173;0.292744;-2.46075
-5.17169;11.4377;0.334723;-0.603323;0.021;-5.44769;11.0778;0.34057;-2.32524
-12.2875;11.4079;0.232767;-1.22534;0;-12.2013;11.2758;0.211727;1.87449
-4.57554;15.3394;0.763326;0.403594;0;-4.67717;15.0697;0.781947;1.37564
-8.91769;7.6784;0.527396;2.19753;0.021;-9.08157;7.74575;0.449895;2.27652
-12.2594;11.0526;0.738337;0.840063;0;-12.5864;11.2575;0.712005;-0.274987
-13.7732;1.39133;0.421715;-3.0336;0.026;-13.4847;1.09484;0.421687;0.547491
-14.4582;7.76943;0.341863;1.01808;0.021;-14.4275;7.90205;0.29128;-2.25609
-9.71229;5.55101;0.176003;1.9784;0.024;-10.0029;5.68379;0.242495;2.01976
-13.6831;10.1252;0.752453;-0.279996;0;-13.6082;10.1052;0.832539;-1.42095
-12.8811;4.00031;0.607035;-3.07905;0.03;-13.1111;4.07283;0.610856;0.687798
-14.5469;10.4731;0.539782;0.56209;0;-14.5005;10.2107;0.522031;1.08612
-10.3227;2.09675;0.19391;0.499301;0.024;-10.6862;1.89751;0.222422;0.337685
-8.38485;15.6404;0.748834;-2.78738;0;-8.3378;15.7844;0.64376;-2.09073
-10.7639;1.89439;0.216963;1.68958;0.024;-10.6862;1.89751;0.222422;0.337685
-7.27897;15.6972;0.521235;1.09603;0;-7.34379;15.5796;0.395922;1.25118
-8.06813;4.92599;0.212905;-0.573493;0.024;-8.32842;5.22311;0.26859;0.762373
-11.8416;2.3327;0.613982;1.33589;0.026;-11.6868;1.78205;0.185805;-2.5425
-9.09091;14.5858;0.272383;0.413987;0;-9.24383;14.5747;0.496367;-0.57915
-3.47484;14.5863;0.511502;-3.02593;0.067;-3.73122;14.0846;0.399496;-0.842769
-9.33383;8.27744;0.225628;1.27456;0.021;-9.41566;8.06628;0.421017;-1.91349
-1.85514;11.6347;0.547035;1.26436;0.034;-1.43527;11.9514;0.396314;-0.546324
-8.67188;15.9803;0.569434;-2.23716;0;-8.3378;15.7844;0.64376;-2.09073
-8.97578;4.49853;0.207101;-2.02146;0.024;-8.86221;4.41616;0.383186;1.6886
-5.99162;15.5161;0.836887;-2.48795;0;-5.95598;15.353;0.632297;-2.47328
-2.54582;9.84645;0.334462;0.20794;0.38;-2.59973;9.71653;0.409636;-0.994195
-8.70369;4.14424;0.358794;-1.01747;0.024;-8.5862;4.11123;0.321612;1.37812
-5.50016;8.72852;0.386257;0.43462;0.021;-5.63546;8.88074;0.244767;2.21468
-10.4787;15.4579;0.403708;2.45934;0;-10.5068;15.3045;0.382928;0.517966
-5.94768;9.4662;0.470355;-0.810779;0.022;-5.99405;9.30291;0.527941;0.674935
-12.3066;12.0646;0.247375;-0.662213;0;-12.1486;12.0796;0.528971;-2.36128
-9.99835;2.83758;0.769293;1.00719;0.024;-10.0556;2.77604;0.686302;1.6195
-4.94382;10.87;0.451661;2.58093;0.034;-4.94451;10.7878;0.563968;1.35556
-9.53785;5.91836;0.333528;-2.03828;0.024;-9.46592;6.18287;0.490063;-0.983097
-9.65979;4.07269;0.352342;-0.404522;0.024;-9.36497;4.06881;0.303031;1.38195
-4.29761;11.9908;0.66421;1.62182;0.034;-4.0733;11.825;0.509139;0.99456
-10.5788;10.0232;0.234427;1.17825;0;-10.2441;10.0373;0.195404;-0.198162
-10.1946;6.3398;0.65133;-2.59615;0.029;-10.6137;6.29753;0.63552;2.08244
-7.63713;9.72593;0.260063;1.12388;0;-7.41313;9.72354;0.351205;-0.154728
-8.45181;12.5296;0.396472;1.17286;0;-8.47863;12.5583;0.567075;1.12621
-4.7079;15.9313;0.233505;-1.80023;0.059;-4.36287;16.0354;0.363931;-1.7615
-4.35344;9.78749;0.53612;0.411206;0.228;-4.44587;9.78499;0.563314;2.414
-4.91001;14.4523;0.842078;1.86149;0;-4.3927;14.4695;0.75807;-1.29287
-8.3042;5.00367;0.395981;0.14821;0.024;-8.32842;5.22311;0.26859;0.762373
-12.1257;11.2831;0.35381;-0.343701;0;-12.1325;11.2598;0.3304;-0.824357
-3.73552;14.088;0.512917;-1.47112;0.043;-3.73122;14.0846;0.399496;-0.842769
-10.8887;7.72571;0.420367;-1.20828;0.021;-10.8274;7.49759;0.468007;1.0538
-6.00145;10.314;0.261447;-1.71508;0.021;-6.07757;10.2169;0.217259;-0.637869
-9.96148;14.9525;0.46911;2.03701;0;-10.0989;14.8715;0.467427;-0.0459358
-10.1108;6.1412;0.750213;1.74228;0.029;-10.1946;6.3398;0.65133;-2.59615
-9.89026;13.8416;0.581352;1.35802;0;-10.0727;13.9861;0.816154;1.4253
-13.9953;0.481403;0.608761;-0.555973;0.026;-13.4753;0.0951191;0.443409;0.191781
-9.3575;6.37005;0.771582;-1.17627;0.024;-9.41685;6.31068;0.622913;0.220857
-12.9122;0.331668;0.342599;0.34663;0.026;-13.4753;0.0951191;0.443409;0.191781
-9.15527;16.2591;0.654607;-2.31663;0;-9.21443;16.1702;0.357021;1.90888
-13.6416;11.2495;0.544163;1.28011;0;-13.6106;11.0616;0.597233;1.95719
-12.4116;-0.533832;0.360228;2.98832;0.026;-12.9122;0.331668;0.342599;0.34663
-12.36;-1.53178;0.398227;-1.68058;0.026;-12.4116;-0.533832;0.360228;2.98832
-10.9813;2.46472;0.629636;-0.24642;0.026;-11.1155;2.12092;0.412254;-2.32886
-6.56645;16.003;0.402257;2.69841;0;-6.56597;16.428;0.6653;1.45032
-13.6837;10.2283;0.174194;-2.34837;0;-13.2713;10.4542;0.167617;-2.9634
-13.0728;-2.22847;0.317734;1.27652;0.026;-12.36;-1.53178;0.398227;-1.68058
-8.00428;16.1406;0.298405;-3.06414;0;-8.25904;16.0275;0.506969;1.37734
-5.97333;9.34686;0.583886;1.35291;0.021;-5.99405;9.30291;0.527941;0.674935
-6.38726;7.88432;0.698705;-2.73111;0.211;-6.12852;7.691;0.545446;-1.84594
-12.5688;15.5566;0.562354;-1.85583;0;-12.4059;15.3857;0.586358;0.01307
-13.0451;1.80965;0.562328;0.664304;0.026;-13.0308;1.97765;0.300818;1.57233
-13.3045;1.33419;0.474225;2.49245;0.026;-13.4847;1.09484;0.421687;0.547491
-6.99651;8.00694;0.608366;1.30132;0.021;-7.32689;7.79043;0.599245;2.43326
-4.61105;11.7859;0.550414;-2.3026;0.034;-4.5729;12.047;0.481497;-0.742202
-10.9519;10.1497;0.286133;-2.62048;0;-10.9898;10.3185;0.230453;0.379377
-8.2808;13.4057;0.406849;2.658;0;-8.48321;13.5036;0.702585;1.0764
-13.7408;6.99016;0.825691;0.71726;0.021;-13.4882;6.6309;0.717962;-1.11128
-4.49035;16.4316;0.205006;2.41927;0.047;-4.51326;16.2804;0.269272;-2.43635
-3.27781;10.8072;0.659658;-2.01989;0.23;-3.34133;10.8173;0.588425;0.585748
-9.87898;13.0407;0.364284;2.6372;0;-9.70786;13.0869;0.644135;2.08302
-12.507;15.4319;0.588788;1.3878;0;-12.4059;15.3857;0.586358;0.01307
-4.92446;11.594;0.838162;-3.07727;0.034;-5.06425;11.7214;0.681369;2.78665
-13.8532;-2.84876;0.239058;2.49103;0.026;-13.0728;-2.22847;0.317734;1.27652
-4.17031;13.5943;0.154659;1.79914;0.043;-3.78421;13.7596;0.628905;-2.98862
-4.45086;10.4477;0.413843;-2.95657;0.034;-4.35898;10.5436;0.741179;-2.6486
-8.67995;15.6905;0.556044;-0.91258;0.001;-8.67188;15.9803;0.569434;-2.23716
-7.93812;12.0389;0.210089;0.335662;0;-8.04094;11.8721;0.203008;3.06609
-2.27295;9.71981;0.285685;-2.02484;0.228;-2.09069;9.95418;0.254808;0.355417
-13.3267;-3.69621;0.307008;-0.0558252;0.026;-13.8532;-2.84876;0.239058;2.49103
-5.7603;13.6707;0.723285;0.780233;0;-5.89341;13.8068;0.573411;-0.195194
-4.49862;15.9429;0.606016;3.0868;0.033;-4.58421;16.1994;0.592458;0.459458
-12.5844;-4.36571;0.332733;0.687376;0.026;-13.3267;-3.69621;0.307008;-0.0558252
-13.8097;-4.55279;0.488656;-1.31442;0.026;-13.3267;-3.69621;0.307008;-0.0558252
-11.5892;-4.26818;0.323463;-1.6866;0.026;-12.5844;-4.36571;0.332733;0.687376
-10.595;-4.16104;0.332187;-0.704977;0.026;-11.5892;-4.26818;0.323463;-1.6866
-9.60936;-4.31457;0.402925;0.78647;0.026;-10.595;-4.16104;0.332187;-0.704977
-4.23426;11.2975;0.53711;0.111318;0.034;-4.14256;11.1687;0.728362;1.42968
-11.0132;10.2961;0.652419;1.19645;0;-11.1515;10.3099;0.541019;-2.57269
-7.43427;16.4292;0.728739;0.756417;0.013;-7.81442;16.3347;0.562801;-1.41883
-4.67882;10.8626;0.74157;-0.669724;0.034;-4.63427;10.714;0.612128;-1.30559
-7.97689;15.2209;0.15372;1.72461;0;-8.29988;15.0722;0.477773;-1.14068
-12.5848;12.6491;0.847601;-0.285629;0;-12.1395;12.4688;0.52634;1.95716
-7.43693;13.5878;0.339157;-2.90127;0;-7.55725;13.8296;0.830625;-2.9206
-13.4971;6.788;0.543055;-2.82448;0.021;-13.4882;6.6309;0.717962;-1.11128
-9.17023;12.5154;0.748604;-0.664737;0;-9.17946;12.4148;0.837699;2.71805
-8.70043;3.86778;0.420758;-1.35349;0.024;-8.70369;4.14424;0.358794;-1.01747
-11.7047;11.1402;0.587319;1.37249;0;-11.6112;11.1788;0.745088;-0.237101
-8.96524;10.0533;0.325665;-0.0733197;0;-9.01385;10.1277;0.427077;2.33282
-11.7312;-3.60254;0.468715;1.68127;0.026;-11.5892;-4.26818;0.323463;-1.6866
-2.26585;12.0515;0.806795;-1.7313;0.034;-2.42165;12.0668;0.647912;-1.6906
-11.6661;10.907;0.443253;1.655;0;-11.7313;10.8408;0.518076;-3.0649
-9.54646;6.28337;0.604372;2.69518;0.024;-9.41685;6.31068;0.622913;0.220857
-3.26989;10.9793;0.619307;0.94235;0.23;-3.27781;10.8072;0.659658;-2.01989
-3.86112;10.6674;0.320387;-1.9561;0.248;-3.91589;10.6723;0.452108;-1.87379
-13.7184;11.6009;0.153838;2.62804;0;-13.6662;11.7744;0.269702;-2.9731
-9.83554;16.654;0.658122;-1.6438;0;-9.98556;16.5232;0.511343;0.562423
-14.1476;16.1212;0.832847;1.12006;0;-14.2363;15.9893;0.822591;0.298103
-3.43203;15.2942;0.741555;2.85228;0.016;-3.53619;15.7301;0.452822;2.23298
-14.4599;-2.17311;0.657961;-0.548463;0.026;-13.8532;-2.84876;0.239058;2.49103
-13.3399;16.036;0.680274;-0.381702;0;-13.2521;15.8134;0.551605;2.2544
-6.04813;8.58119;0.388336;-2.30844;0.021;-5.94101;8.35264;0.304407;0.386523
-9.57013;-3.31683;0.348354;2.92771;0.026;-9.60936;-4.31457;0.402925;0.78647
-8.97563;14.2609;0.788549;0.384792;0;-9.24383;14.5747;0.496367;-0.57915
-6.34986;9.62061;0.535084;1.26223;0.022;-6.57006;9.63471;0.604866;-1.04126
-14.3411;14.7965;0.722979;0.394224;0;-13.9833;14.9155;0.683561;2.35829
-9.68369;4.47079;0.805108;0.693936;0.024;-9.44063;4.23742;0.496296;0.260206
-12.8865;-1.71679;0.787067;0.343379;0.026;-12.36;-1.53178;0.398227;-1.68058
-8.51684;13.7049;0.399374;-0.137996;0;-8.25029;13.921;0.400515;-0.750739
-10.9807;-4.44953;0.556213;1.65205;0.026;-10.595;-4.16104;0.332187;-0.704977
-11.7174;-4.0414;0.449749;2.29512;0.026;-11.5892;-4.26818;0.323463;-1.6866
-5.99777;9.23673;0.410692;-2.20091;0.063;-5.99405;9.30291;0.527941;0.674935
-12.3932;-1.10064;0.464918;-2.05917;0.026;-12.36;-1.53178;0.398227;-1.68058
-4.62587;11.8992;0.390808;-1.9096;0.034;-4.5729;12.047;0.481497;-0.742202
-11.6236;14.8995;0.595316;-2.63502;0;-11.4525;14.9692;0.517971;1.88387
-9.8462;-4.32465;0.489961;-1.23465;0.212;-9.60936;-4.31457;0.402925;0.78647
-13.9656;5.70808;0.515295;-1.40465;0.021;-14.0964;5.88871;0.434863;1.4554
-5.64727;9.5144;0.470784;2.50152;0.022;-5.94768;9.4662;0.470355;-0.810779
-3.58921;16.5507;0.487631;0.961668;0;-3.55902;16.5748;0.594899;1.39788
-3.81219;10.2889;0.234814;-2.42689;0.384;-3.69484;10.164;0.224581;-1.17059
-10.4219;3.23085;0.391807;-0.096632;0.024;-10.0591;2.98159;0.211903;-2.21617
-11.583;12.3651;0.256847;-2.02182;0;-11.7112;12.1367;0.502591;0.938971
-1.72698;12.0883;0.157994;-0.41119;0.034;-1.43527;11.9514;0.396314;-0.546324
-10.7049;-3.39761;0.402015;0.933797;0.026;-10.595;-4.16104;0.332187;-0.704977
-8.62499;13.3122;0.208952;1.72604;0;-8.2808;13.4057;0.406849;2.658
-13.1099;0.143701;0.544436;1.71281;0.026;-12.9122;0.331668;0.342599;0.34663
-2.31222;11.2714;0.424923;2.30335;0.094;-2.40757;11.3207;0.201038;2.82086
-13.5778;-3.10218;0.513649;1.214;0.026;-13.8532;-2.84876;0.239058;2.49103
-12.3109;5.61977;0.563878;0.452442;0.03;-12.156;5.70326;0.490802;-1.1747
-7.99435;5.43248;0.362583;-2.16749;0.024;-7.75069;5.34504;0.266193;0.34723
-13.8949;12.0257;0.25758;-2.96386;0;-14.1085;11.9604;0.224804;-3.02601
-10.8962;5.7107;0.509938;0.596881;0.024;-10.9913;5.67275;0.393833;-2.99171
-13.5439;0.639086;0.285111;-0.815576;0.026;-13.4847;1.09484;0.421687;0.547491
-13.156;16.3973;0.319345;2.31383;0.002;-13.0331;16.0532;0.352675;-1.97321
-5.29635;14.4127;0.761698;-0.169847;0;-5.53171;14.3103;0.737395;2.29826
-12.5273;11.6439;0.593065;-3.06931;0;-12.4676;11.9307;0.602386;2.25528
-5.86627;14.1668;0.67512;-2.13147;0;-5.88468;14.1375;0.500301;0.651451
-9.3074;14.1956;0.408509;1.67742;0;-9.4502;14.1418;0.448986;-2.25454
-9.46294;3.41595;0.292311;0.941256;0.024;-9.18784;3.38896;0.56891;2.72662
-9.08935;13.8682;0.594078;0.682275;0;-8.88973;13.5427;0.662194;0.933154
-4.04687;16.2479;0.825169;2.96334;0.002;-4.13222;16.625;0.726563;2.39527
-12.8033;-3.9372;0.701688;-2.85758;0.026;-12.5844;-4.36571;0.332733;0.687376
-10.2694;13.3036;0.269592;1.75421;0;-9.98167;13.4615;0.426278;-0.910986
-8.27752;16.2097;0.49456;1.82532;0;-8.23034;16.1547;0.616225;-1.39172
-14.4321;11.5031;0.150279;-0.851477;0;-14.4932;11.4795;0.514015;2.17157
-10.0135;15.3733;0.52073;-0.0425759;0;-9.99534;15.4352;0.386406;0.792521
-9.98655;12.2542;0.393574;2.84814;0;-10.0733;12.3833;0.16168;-0.626528
-2.9968;9.95302;0.21341;2.55254;0.378;-3.16864;10.0476;0.45286;1.71644
-5.39484;14.0607;0.666154;2.80733;0.014;-5.53171;14.3103;0.737395;2.29826
-1.89681;12.4376;0.245935;-0.00339929;0.241;-1.98631;12.5326;0.381646;-0.312654
-2.01629;12.1008;0.459351;-0.608138;0.241;-2.2101;12.0241;0.259211;0.192438
-7.82946;5.89392;0.247204;-1.06367;0.024;-7.6406;5.9483;0.265528;1.76612
-7.13973;15.6399;0.547658;2.52018;0;-7.27897;15.6972;0.521235;1.09603
-8.84828;16.1367;0.605185;1.04064;0;-8.67188;15.9803;0.569434;-2.23716
-11.0951;10.2649;0.220783;1.71547;0;-10.9898;10.3185;0.230453;0.379377
-12.0536;4.21921;0.40279;1.73814;0.024;-12.1246;4.21004;0.463407;0.803441
-5.48441;10.1739;0.654922;1.02408;0.021;-5.40245;10.3056;0.573429;-3.03566
-7.58;4.78019;0.414798;0.855389;0.024;-7.77043;4.64795;0.633516;3.00727
-9.60212;-2.77545;0.700257;-1.47672;0.053;-9.57013;-3.31683;0.348354;2.92771
-11.555;11.5552;0.754841;-2.97735;0;-11.8164;11.4673;0.660913;2.49038
-14.0631;-1.97265;0.613356;-2.885;0.026;-14.4599;-2.17311;0.657961;-0.548463
-13.9044;-2.82692;0.358943;2.32068;0.026;-13.8532;-2.84876;0.239058;2.49103
-12.3;11.5238;0.766313;1.14519;0;-12.5273;11.6439;0.593065;-3.06931
-11.0345;10.6518;0.312552;-0.581385;0;-10.8115;10.5155;0.284654;0.278452
-5.1881;9.74185;0.264159;-1.60194;0.022;-5.31545;9.56368;0.375415;2.06069
-12.2216;-2.03047;0.58164;0.128303;0.026;-12.36;-1.53178;0.398227;-1.68058
-13.5343;2.40317;0.578137;-1.51014;0.026;-13.4877;2.47187;0.15932;1.04105
-13.7496;16.3517;0.418009;-1.32844;0.104;-13.8;16.2275;0.260091;1.15945
-12.9987;-1.80937;0.355493;-0.113318;0.026;-13.0728;-2.22847;0.317734;1.27652
-9.80171;-3.62714;0.473616;1.51667;0.026;-9.57013;-3.31683;0.348354;2.92771
-9.98898;-1.93345;0.324256;2.03823;0.053;-9.60212;-2.77545;0.700257;-1.47672
-11.5257;12.9762;0.235994;-0.766985;0;-11.6493;13.3401;0.251533;-1.48215
-1.76818;11.5108;0.20338;1.13386;0.034;-1.85514;11.6347;0.547035;1.26436
-11.4758;6.18278;0.326608;1.61225;0.028;-11.5172;6.21463;0.23023;2.37947
-9.28744;13.4666;0.721247;-1.15039;0;-9.11036;13.4174;0.615921;-2.70949
-9.44473;13.4055;0.564515;1.68969;0;-9.28744;13.4666;0.721247;-1.15039
-12.4484;-0.851146;0.348832;-0.111801;0.026;-12.3932;-1.10064;0.464918;-2.05917
-9.21135;14.0069;0.756326;2.82998;0;-9.08935;13.8682;0.594078;0.682275
-11.6823;4.70158;0.400718;0.868639;0.024;-11.7787;4.7694;0.493095;2.40903
-9.56362;9.75585;0.715026;1.09741;0;-10.0032;9.84769;0.788007;1.91587
-14.3192;15.597;0.518524;2.15039;0;-14.1946;15.6608;0.642395;2.2611
-12.6726;2.27055;0.225846;2.78619;0.026;-12.7616;1.88065;0.402266;-2.18038
-10.5566;10.3244;0.17041;1.46592;0;-10.5788;10.0232;0.234427;1.17825
-12.7952;4.69107;0.688256;-0.970723;0.024;-12.538;4.57158;0.791282;2.20946
-8.8992;12.7149;0.613417;1.83536;0;-9.10231;12.8705;0.605869;2.42571
-3.55083;16.4941;0.752958;1.50188;0;-3.55902;16.5748;0.594899;1.39788
-9.99262;9.69269;0.766405;-0.294908;0;-10.0032;9.84769;0.788007;1.91587
-12.8513;-1.53722;0.418436;-1.70897;0.026;-12.9987;-1.80937;0.355493;-0.113318
-13.3453;9.79462;0.294889;1.07635;0;-13.4499;9.81248;0.70762;-0.0674811
-4.07346;15.5824;0.476154;-2.90423;0.063;-4.36287;16.0354;0.363931;-1.7615
-8.2883;15.6418;0.582408;-2.09278;0;-8.3378;15.7844;0.64376;-2.09073
-2.79305;10.2289;0.714277;-2.27464;0.363;-2.6767;9.94516;0.67939;-2.91807
-12.0499;14.5751;0.788435;2.82157;0;-11.8562;14.8378;0.560696;0.115821
-8.31375;16.0635;0.596796;1.43956;0;-8.25904;16.0275;0.506969;1.37734
-10.276;13.9059;0.544336;2.63838;0;-10.2534;13.9223;0.269062;-1.95612
-14.3518;2.33245;0.775735;-2.93831;0.026;-13.5343;2.40317;0.578137;-1.51014
-8.21816;13.0245;0.709128;-0.24125;0;-8.32859;13.0602;0.603589;-3.05358
-2.91655;10.3674;0.498038;1.34736;0.378;-3.09027;10.2233;0.593075;-1.50999
-12.1029;10.4782;0.709189;2.48521;0;-12.0357;10.2334;0.775507;-1.92031
-12.162;9.69282;0.226021;1.89695;0;-11.8147;9.71584;0.344298;-1.45765
-13.6243;9.72339;0.400955;1.53589;0;-13.3453;9.79462;0.294889;1.07635
-12.4434;-1.84314;0.745629;1.39112;0.026;-12.2216;-2.03047;0.58164;0.128303
-14.415;11.802;0.567579;-1.70291;0;-14.4168;11.9335;0.336041;2.23354
-13.5605;5.77204;0.738352;-0.0586509;0.021;-13.6153;5.49732;0.554963;-0.154027
-14.1595;16.5416;0.795339;2.40209;0;-13.8037;16.374;0.721268;2.98261
-11.3071;7.96568;0.410335;-2.1187;0.021;-11.1538;7.84833;0.530649;1.07271
-14.5319;8.21053;0.738796;-2.35243;0.021;-14.205;7.99575;0.645457;-0.551863
-5.22029;11.8217;0.581729;-3.07634;0.034;-5.06425;11.7214;0.681369;2.78665
-9.76218;13.8275;0.335592;2.78474;0;-9.70202;13.6278;0.189885;-0.514042
-14.1967;-4.16313;0.246582;0.638154;0.026;-13.8097;-4.55279;0.488656;-1.31442
-11.6304;4.52729;0.476348;1.4398;0.024;-11.6823;4.70158;0.400718;0.868639
-12.6095;-2.13501;0.34792;-0.932797;0.026;-12.2216;-2.03047;0.58164;0.128303
-11.8446;15.1832;0.734245;1.209;0;-11.6772;15.4806;0.660364;1.62007
-8.20619;9.96096;0.152278;0.72192;0;-8.18354;9.95687;0.551453;2.07658
-7.83319;14.3816;0.684836;-0.74369;0;-7.962;14.2129;0.423348;1.00212
-13.2322;4.12056;0.180256;-2.06617;0.024;-12.8735;4.18434;0.168034;1.20264
-8.07528;3.74854;0.333201;-2.70788;0.024;-8.12848;3.62359;0.325436;-0.148662
-10.9301;15.9335;0.233621;-2.71786;0;-11.1192;15.7418;0.632881;-1.89007
-5.43881;11.1944;0.253357;0.570153;0.021;-5.44769;11.0778;0.34057;-2.32524
-4.0234;11.8466;0.467043;0.100925;0.034;-4.0733;11.825;0.509139;0.99456
-7.68659;7.92677;0.801135;-1.27143;0.021;-7.42324;7.83707;0.632764;-2.96
-10.6369;-3.67603;0.426298;-2.59192;0.026;-10.7049;-3.39761;0.402015;0.933797
-13.6768;5.2019;0.583212;-0.573179;0.021;-13.6153;5.49732;0.554963;-0.154027
-12.2804;13.3079;0.509412;-0.535184;0;-12.4402;13.4944;0.574222;-1.04144
-14.4269;1.8432;0.812602;-3.06215;0.026;-14.3518;2.33245;0.775735;-2.93831
-9.44479;5.94051;0.773974;-1.54202;0.024;-9.46592;6.18287;0.490063;-0.983097
-12.1648;14.7144;0.300252;-0.953474;0;-12.2446;14.5454;0.193178;-2.72806
-13.4189;15.5823;0.405155;2.11653;0;-13.2445;15.7568;0.548299;2.62871
-14.3712;10.3893;0.816198;2.49016;0;-14.5469;10.4731;0.539782;0.56209
-8.52739;10.4765;0.276241;-2.86156;0;-8.4588;10.3918;0.490498;2.61568
-8.70945;15.7939;0.525008;1.24746;0.001;-8.67995;15.6905;0.556044;-0.91258
-5.82816;13.7301;0.744108;-0.878876;0;-5.7603;13.6707;0.723285;0.780233
-11.2732;15.8109;0.298779;-2.24243;0;-11.3912;15.7381;0.350578;1.98061
-7.57818;8.33821;0.556233;-2.72682;0.021;-7.70939;8.23599;0.472548;1.67831
-12.2807;7.65122;0.768496;-1.91755;0.021;-12.4443;7.65854;0.545442;1.38883
-9.52186;14.8326;0.33292;1.74915;0;-9.48054;14.7981;0.433435;-0.00031526
-9.83606;-2.07933;0.820682;2.99393;0.053;-9.98898;-1.93345;0.324256;2.03823
-10.5099;5.53777;0.43335;-0.715913;0.024;-10.513;5.77513;0.298233;0.772784
-13.9569;11.4241;0.420312;0.448642;0;-13.8189;11.4157;0.432032;2.67106
-12.5686;12.926;0.725759;2.42525;0;-12.5848;12.6491;0.847601;-0.285629
-4.59384;15.4978;0.393103;2.92921;0.033;-4.57554;15.3394;0.763326;0.403594
-2.22901;12.0104;0.815762;0.296525;0.034;-2.26585;12.0515;0.806795;-1.7313
-10.0612;13.7011;0.668716;1.75977;0;-9.89026;13.8416;0.581352;1.35802
-14.1451;5.27623;0.482311;-0.971868;0.021;-14.0825;5.19311;0.359393;-1.55604
-7.60041;10.3336;0.371037;-0.847155;0;-7.64765;10.2294;0.243488;-1.60631
-3.24442;11.9369;0.680368;1.45471;0.034;-3.18024;11.9666;0.668661;2.05088
-3.39649;11.7401;0.528921;1.53718;0.034;-3.28431;11.7632;0.553411;-3.05487
-10.3738;10.3152;0.63159;-0.304416;0;-10.333;10.4451;0.468919;1.46748
-9.94593;4.16723;0.657766;-1.55716;0.024;-9.68369;4.47079;0.805108;0.693936
-4.35292;15.5714;0.244713;0.587463;0.033;-4.59384;15.4978;0.393103;2.92921
-13.6195;-4.36376;0.319589;1.50678;0.026;-13.8097;-4.55279;0.488656;-1.31442
-8.56008;5.42582;0.786596;-2.62094;0.024;-8.74159;5.5747;0.574293;2.69128
-7.73599;9.85947;0.548107;-1.1422;0;-7.63713;9.72593;0.260063;1.12388
-9.16722;13.3038;0.754477;-0.178031;0;-9.11036;13.4174;0.615921;-2.70949
-6.00458;10.173;0.502838;-1.82147;0.021;-6.06449;10.068;0.709745;0.44238
-10.551;2.90672;0.558203;2.80611;0.024;-10.4219;3.23085;0.391807;-0.096632
-7.233;16.5479;0.498421;1.46937;0.013;-7.43427;16.4292;0.728739;0.756417
-14.5057;-3.57438;0.370833;0.517583;0.026;-14.1967;-4.16313;0.246582;0.638154
-10.387;-1.05331;0.58301;-0.485755;0.053;-9.98898;-1.93345;0.324256;2.03823
-9.13839;3.66157;0.591044;-0.526244;0.024;-9.18784;3.38896;0.56891;2.72662
-7.11356;15.7359;0.800089;-2.10745;0;-6.93792;15.7299;0.614384;-0.190066
-5.79197;15.5997;0.633342;-2.09199;0.017;-5.95598;15.353;0.632297;-2.47328
-4.46119;11.1251;0.271941;1.58602;0.111;-4.45361;10.9544;0.405604;-1.81811
-12.112;4.0556;0.286116;-1.31007;0.024;-12.0536;4.21921;0.40279;1.73814
-9.52027;-4.02934;0.27533;-2.26114;0.181;-9.60936;-4.31457;0.402925;0.78647
-8.28453;5.86581;0.366878;-0.625661;0.024;-8.00675;5.7438;0.39696;-2.89372
-10.4262;7.98995;0.583858;-0.564554;0.021;-10.4584;8.26132;0.599762;-1.36021
-11.459;16.0588;0.802206;-1.41114;0;-11.5945;16.0407;0.488314;-2.10855
-12.1811;16.3222;0.462837;0.18505;0;-12.3361;16.15;0.58342;-2.45271
-12.5837;1.8698;0.766486;-2.51354;0.026;-12.7616;1.88065;0.402266;-2.18038
-12.1424;-1.42174;0.174298;-0.423334;0.026;-12.36;-1.53178;0.398227;-1.68058
-3.73572;11.0485;0.687282;-0.281441;0.141;-3.58294;11.0168;0.694761;1.45198
-4.10233;14.9859;0.338512;-2.05361;0;-4.30379;14.6742;0.395505;-0.51351
-14.2767;6.52176;0.227745;2.38569;0.021;-14.4252;6.24868;0.600063;-0.829582
-9.61636;-2.50546;0.351504;-3.04826;0.053;-9.60212;-2.77545;0.700257;-1.47672
-5.98187;16.5188;0.814288;2.62015;0;-5.56836;16.3743;0.621692;0.908055
-5.11674;13.8879;0.509938;-0.612485;0;-5.23634;13.7741;0.387877;-1.38522
-5.441;12.0951;0.687872;-0.947582;0.021;-5.53872;12.3331;0.729567;2.15881
-13.0204;4.47194;0.711618;1.97397;0.03;-13.0152;4.23399;0.718068;-1.44381
-13.7003;16.3245;0.80554;-2.11802;0.097;-13.8037;16.374;0.721268;2.98261
-14.5392;10.4743;0.159593;-1.67566;0;-14.5356;10.2023;0.420452;-1.24245
-14.2064;-1.74496;0.397403;-2.63769;0.026;-14.0631;-1.97265;0.613356;-2.885
-13.2229;15.8587;0.664256;0.716785;0;-13.2521;15.8134;0.551605;2.2544
-3.7126;14.6116;0.15969;0.844233;0.067;-3.47484;14.5863;0.511502;-3.02593
-3.55843;11.0488;0.385499;-2.89947;0.181;-3.52418;10.8711;0.303642;-2.02514
-9.4619;12.1106;0.392945;-1.65825;0;-9.52395;11.8499;0.547983;1.75046
-13.6588;16.4138;0.197704;-2.91355;0;-13.7821;16.5706;0.163731;3.022
-14.6131;10.0956;0.614995;-2.7558;0;-14.5005;10.2107;0.522031;1.08612
-9.89679;3.2934;0.541508;0.170921;0.024;-10.0591;2.98159;0.211903;-2.21617
-8.82476;12.6446;0.360776;0.769457;0;-8.8992;12.7149;0.613417;1.83536
-8.22051;13.6398;0.428663;2.25895;0;-8.2808;13.4057;0.406849;2.658
-10.3219;-3.58718;0.652025;-0.498368;0.026;-10.6369;-3.67603;0.426298;-2.59192
-10.1344;10.1956;0.524636;-1.94904;0;-10.0027;10.2645;0.565956;2.46776
-6.8247;8.07174;0.492478;-2.30069;0.021;-6.99651;8.00694;0.608366;1.30132
-13.9242;2.16335;0.229839;2.71458;0.026;-13.4877;2.47187;0.15932;1.04105
-12.5649;11.9322;0.276226;-0.747543;0;-12.3066;12.0646;0.247375;-0.662213
-8.80563;3.93668;0.282718;0.53988;0.024;-8.70043;3.86778;0.420758;-1.35349
-9.48138;-0.630381;0.550828;-1.21967;0.053;-10.387;-1.05331;0.58301;-0.485755
-12.3591;13.4374;0.382754;-3.0932;0;-12.2804;13.3079;0.509412;-0.535184
-10.735;7.58988;0.621455;0.830499;0.021;-10.8274;7.49759;0.468007;1.0538
-13.8257;1.56854;0.188185;-1.07463;0.026;-13.7732;1.39133;0.421715;-3.0336
-11.8334;11.9776;0.357448;-0.579179;0;-11.7112;12.1367;0.502591;0.938971
-11.7952;-4.16982;0.628694;-2.66634;0.026;-11.7174;-4.0414;0.449749;2.29512
-9.3509;-0.154434;0.600937;1.1798;0.053;-9.48138;-0.630381;0.550828;-1.21967
-14.4457;5.58454;0.728478;-2.64772;0.021;-14.1451;5.27623;0.482311;-0.971868
-7.23378;15.9488;0.581707;-2.544;0;-7.21689;15.9519;0.336148;-2.63265
-5.58454;10.6198;0.675506;1.17365;0.021;-5.3739;10.7353;0.827143;0.552946
-14.3846;1.39267;0.466002;0.175595;0.026;-14.4269;1.8432;0.812602;-3.06215
-14.1591;10.5458;0.571378;1.91426;0;-13.9773;10.597;0.551456;0.933131
-8.38906;-0.425304;0.639439;1.02026;0.053;-9.3509;-0.154434;0.600937;1.1798
-7.96875;15.0561;0.687186;-2.05038;0;-7.74652;15.1967;0.677541;-2.36474
-7.76717;16.1924;0.351542;2.91853;0;-8.00428;16.1406;0.298405;-3.06414
-3.65919;15.4482;0.217083;0.557657;0;-3.53619;15.7301;0.452822;2.23298
-12.3819;10.4437;0.60589;0.877841;0;-12.2699;10.3308;0.554628;2.72504
-8.98838;7.76939;0.778675;1.04747;0.021;-8.91769;7.6784;0.527396;2.19753
-14.3275;2.4051;0.183846;2.86906;0.026;-13.9242;2.16335;0.229839;2.71458
-11.3725;7.84071;0.704563;1.50431;0.021;-11.1538;7.84833;0.530649;1.07271
-8.67902;13.1621;0.487485;2.96768;0;-8.85734;13.0889;0.637813;-2.34227
-8.41605;15.1512;0.314371;1.67329;0;-8.29988;15.0722;0.477773;-1.14068
-3.51333;10.238;0.787322;2.2699;0.378;-3.34652;10.0644;0.701602;0.386385
-4.64915;16.5269;0.311621;-2.91597;0.091;-4.49035;16.4316;0.205006;2.41927
-12.2845;14.207;0.47505;-0.155943;0;-12.2722;14.2558;0.580145;0.304109
-11.2835;7.70995;0.815849;-0.213735;0.021;-11.3725;7.84071;0.704563;1.50431
-14.0909;1.14951;0.719576;-2.41274;0.026;-14.3846;1.39267;0.466002;0.175595
-5.14966;11.2627;0.678676;0.145182;0.021;-5.49569;11.3286;0.711877;0.457579
-6.15589;15.4537;0.552967;0.996947;0;-5.95598;15.353;0.632297;-2.47328
-12.1237;15.9488;0.15891;1.46997;0;-11.8872;15.6703;0.26509;-1.58222
-5.9486;7.93398;0.571532;2.67238;0.021;-6.03725;8.14146;0.730681;-0.422869
-13.8937;7.12451;0.254566;-1.05837;0.021;-13.9709;7.27837;0.273369;2.04704
-11.4658;16.2182;0.72608;1.66706;0;-11.459;16.0588;0.802206;-1.41114
-5.54203;10.5646;0.207419;-1.32971;0.021;-5.73716;10.8102;0.186606;1.36455
-3.27149;11.1437;0.752451;-0.0625755;0.23;-3.26989;10.9793;0.619307;0.94235
-9.77818;3.35105;0.645798;2.76778;0.024;-9.89679;3.2934;0.541508;0.170921
-8.08854;0.518463;0.501624;-3.00374;0.053;-8.38906;-0.425304;0.639439;1.02026
-9.55179;-0.18441;0.575343;-1.93812;0.053;-9.3509;-0.154434;0.600937;1.1798
-6.92777;16.1757;0.209147;-2.08668;0.035;-6.97505;16.3004;0.174639;-0.828486
-9.18996;15.5476;0.40796;1.13488;0;-9.28848;15.5929;0.459737;-0.437714
-11.868;12.1337;0.63439;-2.08111;0;-11.7112;12.1367;0.502591;0.938971
-3.32389;11.5801;0.718488;1.52469;0.034;-3.28431;11.7632;0.553411;-3.05487
-9.75843;14.808;0.518823;-2.71865;0;-9.72952;15.0321;0.451144;3.09355
-12.9391;3.90855;0.450418;-1.36348;0.03;-12.8811;4.00031;0.607035;-3.07905
-12.7198;15.7607;0.45688;-0.31363;0;-12.5688;15.5566;0.562354;-1.85583
-11.0378;-3.35922;0.744925;-1.23679;0.113;-10.7049;-3.39761;0.402015;0.933797
-7.06002;9.73348;0.198319;0.466866;0;-7.13462;9.84313;0.220661;-1.03447
-6.25883;10.2468;0.567524;2.42706;0.021;-6.28683;10.3057;0.398729;-1.38082
-14.2399;12.0585;0.810036;-2.54014;0;-14.2032;11.9;0.733223;-1.58651
-9.90239;3.19145;0.20213;-2.01549;0.024;-10.0591;2.98159;0.211903;-2.21617
-8.36045;15.4181;0.573507;0.835691;0;-8.43051;15.3937;0.691476;-1.25076
-9.02976;4.34165;0.644782;-1.51421;0.024;-8.86221;4.41616;0.383186;1.6886
-12.604;3.8232;0.405016;-0.692346;0.024;-12.714;3.76612;0.361029;-2.35327
-4.58329;16.1616;0.524629;-0.136854;0;-4.58421;16.1994;0.592458;0.459458
-11.9041;14.6187;0.771558;-2.53754;0;-12.0499;14.5751;0.788435;2.82157
-12.4122;10.5929;0.319367;1.3851;0;-12.4194;10.8485;0.400222;-0.404684
-13.2744;-1.86168;0.264147;0.931567;0.026;-12.9987;-1.80937;0.355493;-0.113318
-7.25347;16.3224;0.724289;1.42547;0.013;-7.43427;16.4292;0.728739;0.756417
-8.16544;4.91221;0.386487;1.68018;0.024;-8.3042;5.00367;0.395981;0.14821
-12.1972;-3.58514;0.578304;-0.220821;0.026;-11.7312;-3.60254;0.468715;1.68127
-10.0961;12.9066;0.508399;2.33651;0;-9.87898;13.0407;0.364284;2.6372
-10.4689;-0.310907;0.261848;1.38198;0.053;-10.387;-1.05331;0.58301;-0.485755
-13.155;16.2354;0.385255;1.94765;0.002;-13.156;16.3973;0.319345;2.31383
-14.4552;-4.39427;0.682557;-0.784152;0.026;-14.1967;-4.16313;0.246582;0.638154
-10.0096;-2.471;0.661486;-1.58147;0.053;-9.83606;-2.07933;0.820682;2.99393
-10.8787;2.28124;0.558659;0.699858;0.026;-10.9813;2.46472;0.629636;-0.24642
-8.81368;13.5438;0.74646;2.85727;0;-8.88973;13.5427;0.662194;0.933154
-14.1382;10.0581;0.496937;1.85121;0;-14.1585;9.88957;0.721839;1.34411
-5.00046;10.9513;0.152002;-2.744;0.021;-5.21784;10.9988;0.227043;0.575943
-11.03;-3.51314;0.249482;2.21671;0.026;-10.7049;-3.39761;0.402015;0.933797
-9.53011;12.3774;0.452332;-2.04242;0;-9.58998;12.4366;0.581961;-1.63427
-14.2939;-4.00503;0.264916;1.18717;0.026;-14.1967;-4.16313;0.246582;0.638154
-11.6809;-4.03458;0.631119;-0.749376;0.026;-11.7952;-4.16982;0.628694;-2.66634
-10.1033;0.246656;0.159184;-1.99593;0.053;-10.4689;-0.310907;0.261848;1.38198
-10.1891;3.58729;0.656858;-1.15531;0.024;-9.89679;3.2934;0.541508;0.170921
-8.97329;4.37677;0.786565;1.61331;0.024;-9.02976;4.34165;0.644782;-1.51421
-13.2184;4.35331;0.769033;-2.34463;0.021;-13.2466;4.55055;0.819399;0.684474
-11.4842;10.9501;0.18957;-1.23616;0;-11.4534;11.0089;0.467529;0.715782
-13.8169;-2.43285;0.755008;-2.70179;0.026;-14.0631;-1.97265;0.613356;-2.885
-8.61564;13.1294;0.380615;1.8778;0;-8.67902;13.1621;0.487485;2.96768
-10.8964;7.70585;0.593302;1.98139;0.021;-10.8887;7.72571;0.420367;-1.20828
-6.42501;9.55624;0.64553;0.641228;0.022;-6.34986;9.62061;0.535084;1.26223
-7.99639;13.9447;0.278686;-2.36761;0;-8.25029;13.921;0.400515;-0.750739
-14.5991;8.20968;0.404846;1.84462;0.021;-14.5319;8.21053;0.738796;-2.35243
-8.51225;4.09647;0.598938;1.27361;0.024;-8.54953;4.15142;0.67484;3.07253
-9.016;16.4523;0.565727;0.480279;0;-9.15527;16.2591;0.654607;-2.31663
-3.38193;9.59508;0.464557;2.70887;0.228;-3.38824;9.71393;0.599621;0.293217
-8.73897;15.7251;0.834904;2.29037;0.001;-8.67995;15.6905;0.556044;-0.91258
-3.84846;10.5515;0.606914;1.32374;0.141;-3.91589;10.6723;0.452108;-1.87379
-12.3938;12.1752;0.693405;-0.311895;0;-12.4676;11.9307;0.602386;2.25528
-11.7155;15.7123;0.381966;2.3284;0;-11.7794;15.823;0.437211;-2.11351
-4.22337;12.2046;0.369448;-2.71384;0.034;-4.32018;12.3413;0.213259;-2.03936
-9.34459;0.387356;0.183729;0.2333;0.053;-9.3509;-0.154434;0.600937;1.1798
-6.43753;15.8778;0.6735;-0.590443;0;-6.56645;16.003;0.402257;2.69841
-2.24972;11.302;0.816534;-1.69877;0.133;-2.31222;11.2714;0.424923;2.30335
-9.05887;12.2978;0.569245;2.3507;0;-9.2338;12.4689;0.631155;2.72958
-10.2228;2.8988;0.831514;2.58964;0.024;-9.99835;2.83758;0.769293;1.00719
-10.47;12.7527;0.686493;-3.10962;0;-10.3545;12.4904;0.483649;-1.26237
-3.03483;10.4657;0.224269;-2.23485;0.507;-2.91655;10.3674;0.498038;1.34736
