3.71078;-6.58317;0.574655;-1.73633;0.121;3.74484;-7.58251;0.562291;-0.0783811
3.52368;-5.60183;0.61902;-0.453636;0.121;3.71078;-6.58317;0.574655;-1.73633
-10.3524;-8.52894;0.427077;1.51718;0;-10.5424;-8.85118;0.490734;-2.95948
4.04327;-4.74778;0.593798;-2.14986;0.121;3.52368;-5.60183;0.61902;-0.453636
4.13503;-3.75217;0.575249;2.83712;0.121;4.04327;-4.74778;0.593798;-2.14986
4.43933;-7.74573;0.746979;1.9367;0.295;4.3968;-8.34073;0.555103;-2.24428
1.84701;-7.98057;0.558603;0.75879;0.117;2.06786;-7.56069;0.559917;-1.54849
-13.0054;-9.92396;0.219655;2.62754;0;-13.4718;-10.1742;0.843;-1.74792
3.15033;-3.5814;0.609847;-0.590675;0.121;4.13503;-3.75217;0.575249;2.83712
-7.96673;-10.1522;0.43404;-1.75884;0.007;-7.43082;-9.33173;0.632952;2.49271
3.85719;-5.39208;0.328563;0.0336877;0.121;3.52368;-5.60183;0.61902;-0.453636
-6.36878;-9.49185;0.696408;-0.0720967;0.007;-6.46891;-9.59327;0.712458;2.0439
-8.04689;-10.3514;0.158165;0.629213;0.008;-7.96673;-10.1522;0.43404;-1.75884
-8.75327;-5.61703;0.829235;2.68453;0.006;-8.55409;-5.50408;0.349327;0.284944
-9.1974;-5.55243;0.62839;-0.255972;0.006;-9.55407;-5.5058;0.344409;-0.202747
-8.17276;-5.79911;0.661329;-0.267607;0.006;-8.55409;-5.50408;0.349327;0.284944
-7.76397;-7.9705;0.76356;0.541165;0.007;-7.66902;-8.59393;0.632585;-2.09139
-6.03936;-12.3393;0.198391;-0.874414;0.007;-5.94406;-11.7644;0.319711;0.439298
-5.74161;-11.5484;0.74102;-0.0655736;0.007;-5.94406;-11.7644;0.319711;0.439298
-14.1618;-10.3629;0.179607;2.92695;0;-13.6883;-10.5899;0.327559;0.229299
-6.52347;-10.1612;0.279875;-0.560061;0.007;-6.46891;-9.59327;0.712458;2.0439
2.18887;-3.74938;0.392175;2.56823;0.121;3.15033;-3.5814;0.609847;-0.590675
1.10894;-8.53653;0.711003;-0.659411;0.011;0.489886;-8.53112;0.536104;1.85186
-14.4079;-10.8759;0.771752;-0.846553;0;-13.8942;-10.4458;0.769872;-0.709082
1.6929;-4.61602;0.446377;-2.56807;0.121;2.18887;-3.74938;0.392175;2.56823
4.06419;-6.62602;0.684183;2.17747;0.121;3.71078;-6.58317;0.574655;-1.73633
-3.69868;-10.0417;0.419634;-1.20018;0.007;-3.74288;-10.3245;0.2748;-1.96192
-13.0738;-9.94153;0.238767;-0.397237;0;-13.0054;-9.92396;0.219655;2.62754
-10.4942;-10.2231;0.22417;-0.240035;0;-10.8533;-9.80145;0.508594;-2.39718
-3.94815;-8.08345;0.593791;0.160217;0.007;-3.15581;-8.65837;0.389695;2.20172
-3.36802;-7.90469;0.499935;0.308407;0.007;-3.94815;-8.08345;0.593791;0.160217
-4.40003;-10.2777;0.171699;-2.14725;0.007;-3.74288;-10.3245;0.2748;-1.96192
-11.0427;-7.82913;0.290316;2.38212;0;-11.2746;-7.83858;0.269543;-2.83754
-9.69431;-7.78363;0.533913;-0.800428;0;-10.3524;-8.52894;0.427077;1.51718
-12.2292;-6.26748;0.30479;-0.642741;0.006;-11.736;-6.02529;0.501116;0.731737
-12.0899;-10.4286;0.33094;0.501554;0;-11.5364;-10.5239;0.615536;0.0188898
-12.2423;-6.1679;0.505313;2.66939;0.012;-12.2292;-6.26748;0.30479;-0.642741
-12.9194;-11.6734;0.674575;2.97194;0;-13.7214;-11.0761;0.675642;0.748115
-2.12808;-12.2646;0.410789;-1.4402;0.011;-1.29237;-11.7378;0.566031;-1.67849
-2.41025;-7.86707;0.2612;-1.67679;0.008;-2.45989;-7.94045;0.406825;0.0133335
-11.9928;-11.8046;0.412068;0.116657;0.004;-12.9194;-11.6734;0.674575;2.97194
-9.79947;-8.04279;0.695795;-1.30738;0;-9.69431;-7.78363;0.533913;-0.800428
1.61153;-5.59554;0.262183;2.34961;0.121;1.6929;-4.61602;0.446377;-2.56807
-7.7211;-10.5302;0.303881;-1.06283;0.008;-8.04689;-10.3514;0.158165;0.629213
1.79505;-7.65737;0.25285;-3.07909;0.117;2.06786;-7.56069;0.559917;-1.54849
-3.58526;-9.08467;0.346169;-2.01575;0.007;-3.88424;-9.34328;0.406164;3.12314
-4.02439;-7.68017;0.706954;2.82515;0.007;-3.94815;-8.08345;0.593791;0.160217
-9.7967;-10.2124;0.226051;0.36417;0;-10.4942;-10.2231;0.22417;-0.240035
-1.45389;-12.0115;0.808452;-2.22198;0.011;-1.29237;-11.7378;0.566031;-1.67849
4.10689;-5.54497;0.464387;-1.39184;0.121;3.85719;-5.39208;0.328563;0.0336877
-12.465;-12.405;0.569074;2.511;0.004;-11.9928;-11.8046;0.412068;0.116657
-3.65846;-10.6388;0.166923;2.7098;0.007;-3.74288;-10.3245;0.2748;-1.96192
-4.82749;-12.1508;0.637504;-2.87212;0.007;-4.32465;-12.3193;0.397743;2.74407
-9.88846;-7.82003;0.38268;1.95535;0;-9.69431;-7.78363;0.533913;-0.800428
-11.1828;-6.0147;0.713953;-2.95365;0.006;-11.0791;-6.08719;0.187482;-1.53349
-7.87636;-8.18743;0.31228;-2.73397;0.007;-7.76397;-7.9705;0.76356;0.541165
-2.22083;-12.078;0.299311;1.77491;0.013;-2.12808;-12.2646;0.410789;-1.4402
-1.57173;-12.1065;0.728974;-0.160967;0.011;-1.45389;-12.0115;0.808452;-2.22198
1.84634;-5.65055;0.230137;1.27053;0.121;1.61153;-5.59554;0.262183;2.34961
-8.31653;-7.96816;0.556929;3.01614;0.007;-7.87636;-8.18743;0.31228;-2.73397
-14.358;-11.2964;0.733662;-1.96722;0;-14.4079;-10.8759;0.771752;-0.846553
-13.8982;-12.0621;0.283908;2.85666;0;-14.358;-11.2964;0.733662;-1.96722
0.670004;-5.68712;0.586428;3.00432;0.121;1.61153;-5.59554;0.262183;2.34961
4.06423;-6.81994;0.787712;-2.55122;0.121;4.06419;-6.62602;0.684183;2.17747
-10.106;-9.71519;0.514952;-2.93898;0;-9.7967;-10.2124;0.226051;0.36417
-11.663;-12.6263;0.391948;0.718133;0.008;-12.465;-12.405;0.569074;2.511
-10.4994;-10.2415;0.260589;-0.656643;0;-10.4942;-10.2231;0.22417;-0.240035
0.194776;-12.4271;0.486547;1.23215;0.011;-0.296033;-11.6525;0.560362;1.54013
-14.3479;-6.68719;0.606862;-2.33647;0.006;-13.8706;-6.32378;0.701908;-1.302
4.34915;-4.8829;0.630183;-0.812763;0.121;4.04327;-4.74778;0.593798;-2.14986
0.542478;-9.68603;0.469515;0.225428;0.011;0.640939;-9.93531;0.213823;-2.22784
-11.7492;-9.95615;0.402562;-0.357026;0;-12.0899;-10.4286;0.33094;0.501554
-3.21526;-8.13704;0.707949;1.03636;0.007;-3.36802;-7.90469;0.499935;0.308407
-2.10744;-11.1029;0.775968;-0.0143797;0.011;-2.03829;-11.1136;0.798239;1.63776
-1.92481;-12.1651;0.328791;0.512841;0.011;-2.12808;-12.2646;0.410789;-1.4402
-13.9284;-6.12183;0.549625;-1.55104;0.006;-13.8706;-6.32378;0.701908;-1.302
0.471961;-10.5438;0.251822;1.16227;0.011;0.680066;-10.1716;0.40877;0.423505
2.0604;-5.71566;0.184712;-0.649848;0.121;1.84634;-5.65055;0.230137;1.27053
-13.4615;-8.06947;0.538259;-0.269884;0;-13.5524;-7.60373;0.653207;-2.52629
3.25762;-7.77359;0.347272;-2.79765;0.117;2.89928;-8.11628;0.55166;-2.90591
-12.4746;-11.847;0.360732;-1.90062;0.004;-11.9928;-11.8046;0.412068;0.116657
-9.06705;-5.64922;0.477413;1.47144;0.006;-9.1974;-5.55243;0.62839;-0.255972
-8.20491;-7.59943;0.83127;-1.15445;0.007;-8.31653;-7.96816;0.556929;3.01614
-14.2613;-7.12544;0.679472;2.6774;0.006;-13.9169;-7.32259;0.717179;1.30462
-0.306108;-5.66053;0.370796;0.804017;0.121;0.670004;-5.68712;0.586428;3.00432
-14.3538;-10.2406;0.498705;2.17666;0;-14.1618;-10.3629;0.179607;2.92695
-5.52438;-11.1814;0.229342;-1.2495;0.007;-5.33028;-11.1253;0.783287;0.0873272
-11.9777;-8.32722;0.247066;-2.04497;0;-12.2147;-7.53508;0.42451;2.76269
-6.49096;-9.88671;0.157485;-0.180173;0.007;-6.52347;-10.1612;0.279875;-0.560061
-3.8246;-8.61797;0.614169;2.88788;0.007;-3.94815;-8.08345;0.593791;0.160217
-11.586;-8.30622;0.227295;1.88155;0;-11.9777;-8.32722;0.247066;-2.04497
-10.52;-6.33941;0.590312;-2.74584;0.006;-11.0791;-6.08719;0.187482;-1.53349
-4.49158;-10.4608;0.826503;1.40575;0.007;-4.40003;-10.2777;0.171699;-2.14725
2.14141;-4.47032;0.419084;-1.12514;0.121;1.6929;-4.61602;0.446377;-2.56807
-6.42645;-12.1823;0.154583;1.62719;0.007;-6.03936;-12.3393;0.198391;-0.874414
0.008059;-7.9463;0.421719;2.49383;0.011;0.489886;-8.53112;0.536104;1.85186
-10.1598;-8.48075;0.286603;1.98274;0;-10.3524;-8.52894;0.427077;1.51718
-4.20336;-10.8127;0.369706;-0.34968;0.007;-4.30817;-11.0842;0.59615;-0.863432
3.67492;-3.61056;0.653064;2.02954;0.121;4.13503;-3.75217;0.575249;2.83712
-1.04272;-12.4222;0.256228;-0.513769;0.011;-1.57173;-12.1065;0.728974;-0.160967
3.08667;-7.752;0.427892;-0.149081;0.117;3.25762;-7.77359;0.347272;-2.79765
-5.834;-12.4497;0.274485;1.50193;0.007;-6.03936;-12.3393;0.198391;-0.874414
-10.85;-5.84789;0.261996;-1.20554;0.006;-11.0791;-6.08719;0.187482;-1.53349
-6.25126;-12.3928;0.7192;0.940745;0.007;-6.03936;-12.3393;0.198391;-0.874414
-14.6433;-11.9884;0.841183;0.371796;0;-14.358;-11.2964;0.733662;-1.96722
-13.9035;-6.99841;0.722273;0.798186;0.006;-13.9169;-7.32259;0.717179;1.30462
3.79123;-4.18542;0.665619;-0.249388;0.121;4.13503;-3.75217;0.575249;2.83712
-3.50894;-7.90683;0.674145;2.89412;0.007;-3.36802;-7.90469;0.499935;0.308407
-6.1266;-12.4829;0.774688;0.476298;0.007;-6.25126;-12.3928;0.7192;0.940745
1.62637;-4.04861;0.298933;-2.02449;0.121;1.6929;-4.61602;0.446377;-2.56807
-12.8889;-6.35852;0.611264;1.70781;0.006;-12.8974;-5.80516;0.275309;-0.232362
-6.51284;-5.92971;0.610736;-1.21734;0.006;-6.57412;-5.66003;0.418306;2.755
-8.64841;-6.29258;0.622269;-2.83737;0.006;-8.17276;-5.79911;0.661329;-0.267607
-12.7438;-10.4336;0.344844;-0.131491;0;-12.4746;-10.224;0.78856;1.54817
-8.33758;-9.68482;0.716604;-1.82308;0.007;-7.96673;-10.1522;0.43404;-1.75884
-2.31081;-9.67736;0.63611;-0.684549;0.012;-2.23052;-9.52864;0.350663;3.0658
-13.1478;-10.4607;0.513504;2.02526;0;-12.7438;-10.4336;0.344844;-0.131491
-0.210854;-7.80934;0.758629;-0.440244;0.011;0.008059;-7.9463;0.421719;2.49383
-11.5678;-7.68979;0.628732;-0.996616;0;-11.2746;-7.83858;0.269543;-2.83754
-5.80591;-10.7068;0.772093;-2.75403;0.007;-5.66165;-10.1828;0.739571;3.11922
-9.76073;-6.20702;0.811227;1.45181;0.006;-10.52;-6.33941;0.590312;-2.74584
1.36165;-8.10946;0.429176;2.46196;0.011;1.0815;-7.72502;0.550456;-0.166247
4.2399;-4.32827;0.240956;-1.02802;0.121;4.04327;-4.74778;0.593798;-2.14986
2.02111;-4.17232;0.699205;1.09384;0.121;2.14141;-4.47032;0.419084;-1.12514
0.0598461;-10.038;0.246297;-2.33552;0.011;0.640939;-9.93531;0.213823;-2.22784
-11.7085;-7.5416;0.697372;-0.172006;0;-11.5678;-7.68979;0.628732;-0.996616
-10.7889;-12.1482;0.305862;2.73421;0.008;-11.663;-12.6263;0.391948;0.718133
-7.51942;-9.00259;0.262104;-1.29554;0.007;-7.43082;-9.33173;0.632952;2.49271
-4.46144;-8.36752;0.160743;2.88399;0.007;-3.94815;-8.08345;0.593791;0.160217
-10.8627;-6.09798;0.703286;-1.96204;0.006;-11.1828;-6.0147;0.713953;-2.95365
-1.27832;-12.1625;0.569629;1.22894;0.013;-1.45389;-12.0115;0.808452;-2.22198
-1.52055;-11.3984;0.257009;-0.0439095;0.011;-1.29237;-11.7378;0.566031;-1.67849
-4.10744;-10.8891;0.349727;1.97687;0.007;-4.20336;-10.8127;0.369706;-0.34968
-5.46719;-10.9855;0.576361;-2.97167;0.007;-5.33028;-11.1253;0.783287;0.0873272
-2.3988;-10.3341;0.290252;0.864373;0.012;-2.31081;-9.67736;0.63611;-0.684549
-12.3361;-8.47355;0.159407;-0.874801;0;-11.9777;-8.32722;0.247066;-2.04497
-11.3923;-5.55291;0.392012;0.68237;0.006;-11.9144;-5.6222;0.259231;-1.55232
-3.56519;-9.50986;0.825655;-1.09091;0.007;-3.88424;-9.34328;0.406164;3.12314
-1.73336;-7.69086;0.251354;-1.09017;0.008;-2.41025;-7.86707;0.2612;-1.67679
3.97123;-5.20581;0.173211;-1.09069;0.121;3.85719;-5.39208;0.328563;0.0336877
-6.71618;-6.18289;0.691435;-1.52014;0.006;-6.51284;-5.92971;0.610736;-1.21734
-1.24882;-11.591;0.734895;-1.99457;0.011;-1.29237;-11.7378;0.566031;-1.67849
3.53123;-5.57841;0.666638;-2.06122;0.121;3.52368;-5.60183;0.61902;-0.453636
0.254665;-9.8619;0.758127;0.157797;0.011;0.542478;-9.68603;0.469515;0.225428
1.28646;-6.39981;0.610744;2.31144;0.121;1.61153;-5.59554;0.262183;2.34961
-1.63492;-9.4795;0.523365;0.303202;0.011;-1.83358;-8.92177;0.386239;-0.691554
-1.30366;-5.67681;0.302773;2.60216;0.121;-0.306108;-5.66053;0.370796;0.804017
-1.83308;-4.83033;0.359225;-0.589483;0.121;-1.30366;-5.67681;0.302773;2.60216
-2.10655;-3.86902;0.392244;0.0566097;0.121;-1.83308;-4.83033;0.359225;-0.589483
-1.07017;-5.85987;0.418607;0.885106;0.121;-1.30366;-5.67681;0.302773;2.60216
-1.97778;-10.2172;0.506823;-0.0789993;0.011;-1.70717;-10.34;0.611054;-3.05686
-0.846561;-11.3573;0.59726;2.18046;0.011;-1.24882;-11.591;0.734895;-1.99457
-11.7672;-10.3688;0.533922;-2.1849;0;-11.5364;-10.5239;0.615536;0.0188898
-0.0329752;-11.774;0.52929;-0.157482;0.011;-0.296033;-11.6525;0.560362;1.54013
-13.8879;-7.22232;0.257852;-1.83004;0.006;-13.9169;-7.32259;0.717179;1.30462
-3.8686;-9.06046;0.7182;3.02523;0.007;-3.88424;-9.34328;0.406164;3.12314
-7.00118;-5.82998;0.618702;-1.77174;0.006;-6.71618;-6.18289;0.691435;-1.52014
-11.3225;-9.83976;0.526847;1.25915;0;-11.7492;-9.95615;0.402562;-0.357026
-3.37196;-8.56277;0.428926;-0.100491;0.007;-3.15581;-8.65837;0.389695;2.20172
-2.56814;-11.6766;0.803816;2.13131;0.013;-2.22083;-12.078;0.299311;1.77491
-14.0182;-5.85376;0.762358;-2.89678;0.006;-13.9284;-6.12183;0.549625;-1.55104
2.40324;-7.69423;0.343931;0.256323;0.117;2.06786;-7.56069;0.559917;-1.54849
-9.79403;-8.18225;0.451735;0.311444;0;-9.79947;-8.04279;0.695795;-1.30738
-3.72604;-9.42891;0.513483;-1.79847;0.007;-3.88424;-9.34328;0.406164;3.12314
-12.9427;-9.74614;0.796406;0.639773;0;-13.0738;-9.94153;0.238767;-0.397237
-3.27804;-7.64593;0.363445;1.78313;0.007;-3.36802;-7.90469;0.499935;0.308407
-5.23148;-11.5057;0.6493;-1.81981;0.007;-5.33028;-11.1253;0.783287;0.0873272
-1.5571;-9.82984;0.660334;-0.436562;0.011;-1.63492;-9.4795;0.523365;0.303202
-6.49347;-7.8173;0.475872;-3.01162;0.008;-6.09216;-7.8494;0.562923;-2.81366
-13.0514;-5.73151;0.554448;0.991695;0.006;-12.8974;-5.80516;0.275309;-0.232362
-11.9277;-7.89608;0.767065;2.53457;0;-11.7085;-7.5416;0.697372;-0.172006
-14.0426;-9.96281;0.822382;1.27288;0;-13.8942;-10.4458;0.769872;-0.709082
0.427108;-10.2263;0.542346;-1.11926;0.011;0.680066;-10.1716;0.40877;0.423505
-0.183525;-12.3017;0.325754;0.692051;0.011;0.194776;-12.4271;0.486547;1.23215
-6.11705;-6.49613;0.707531;1.9274;0.006;-5.81425;-6.91195;0.353276;0.204144
-7.39101;-6.45292;0.627132;-0.0625995;0.006;-6.71618;-6.18289;0.691435;-1.52014
-10.1762;-9.13661;0.190137;-1.85754;0;-10.5424;-8.85118;0.490734;-2.95948
-9.87157;-8.69989;0.15155;1.02162;0;-10.1598;-8.48075;0.286603;1.98274
-2.32345;-12.4435;0.303306;-1.27676;0.011;-2.12808;-12.2646;0.410789;-1.4402
-7.10064;-6.08344;0.687424;2.9152;0.006;-7.00118;-5.82998;0.618702;-1.77174
0.598186;-9.80473;0.232278;-1.07166;0.011;0.640939;-9.93531;0.213823;-2.22784
0.0798581;-12.2599;0.493422;1.01746;0.011;0.194776;-12.4271;0.486547;1.23215
1.74266;-5.40665;0.37763;2.28118;0.121;1.61153;-5.59554;0.262183;2.34961
-2.33759;-4.7428;0.651941;-0.277643;0.121;-1.83308;-4.83033;0.359225;-0.589483
-6.68739;-10.9534;0.353494;1.70231;0.008;-6.52347;-10.1612;0.279875;-0.560061
-1.79363;-5.46758;0.164064;-3.0031;0.121;-1.30366;-5.67681;0.302773;2.60216
3.8403;-6.77656;0.810281;1.79107;0.121;4.06423;-6.81994;0.787712;-2.55122
-1.67104;-12.5218;0.370123;-1.54592;0.011;-1.92481;-12.1651;0.328791;0.512841
-6.391;-7.57885;0.265096;-2.45764;0.009;-6.49347;-7.8173;0.475872;-3.01162
-6.96289;-10.4639;0.596431;2.1111;0.009;-6.68739;-10.9534;0.353494;1.70231
-13.5678;-11.5657;0.340049;-0.100274;0.006;-13.8982;-12.0621;0.283908;2.85666
-4.59101;-9.06168;0.371835;2.08034;0.007;-4.46144;-8.36752;0.160743;2.88399
-14.0229;-7.70668;0.561226;2.95012;0.006;-13.9169;-7.32259;0.717179;1.30462
-1.91977;-6.34116;0.72591;1.31321;0.121;-1.30366;-5.67681;0.302773;2.60216
-8.05957;-10.0306;0.208379;2.0637;0.007;-7.96673;-10.1522;0.43404;-1.75884
-13.3825;-8.01152;0.583159;0.290495;0;-13.4615;-8.06947;0.538259;-0.269884
1.92481;-7.69644;0.772778;-2.30553;0.117;2.06786;-7.56069;0.559917;-1.54849
-2.12703;-11.2752;0.228033;1.43705;0.012;-2.10744;-11.1029;0.775968;-0.0143797
-1.60224;-10.0287;0.752778;3.10118;0.011;-1.5571;-9.82984;0.660334;-0.436562
2.21176;-8.36068;0.179223;2.47487;0.117;1.84701;-7.98057;0.558603;0.75879
-7.00849;-7.70382;0.529938;-2.76411;0.007;-7.08962;-7.78051;0.58128;2.2625
2.77251;-8.34462;0.836462;2.83074;0.117;2.89928;-8.11628;0.55166;-2.90591
-6.50928;-7.14993;0.80817;-2.58479;0.009;-6.391;-7.57885;0.265096;-2.45764
-12.1414;-5.74216;0.74682;1.08343;0.012;-12.2423;-6.1679;0.505313;2.66939
-6.88217;-7.32503;0.840697;-0.28069;0.009;-6.50928;-7.14993;0.80817;-2.58479
-8.34177;-10.4863;0.823181;1.32799;0.008;-7.96673;-10.1522;0.43404;-1.75884
-9.32356;-6.15514;0.346784;-2.37939;0.006;-9.06705;-5.64922;0.477413;1.47144
-8.72118;-5.73717;0.582488;-1.77471;0.006;-8.75327;-5.61703;0.829235;2.68453
-11.8899;-7.81284;0.775503;-2.28969;0;-11.9277;-7.89608;0.767065;2.53457
-2.08358;-11.0268;0.789823;-3.11285;0.011;-2.10744;-11.1029;0.775968;-0.0143797
-2.39743;-10.4662;0.757472;-2.06646;0.012;-2.3988;-10.3341;0.290252;0.864373
-14.2565;-7.49603;0.413041;2.68904;0.006;-14.0229;-7.70668;0.561226;2.95012
3.65144;-7.47271;0.41278;1.6399;0.117;3.74484;-7.58251;0.562291;-0.0783811
-10.0459;-8.8945;0.815003;-0.203251;0;-10.5424;-8.85118;0.490734;-2.95948
-11.0145;-7.91758;0.777851;-2.10929;0;-11.166;-8.07436;0.578713;0.651172
-2.18063;-4.09121;0.363751;-0.889904;0.121;-2.10655;-3.86902;0.392244;0.0566097
-1.96806;-12.3784;0.723921;-3.00845;0.011;-2.12808;-12.2646;0.410789;-1.4402
-8.68942;-5.75905;0.177064;-2.31606;0.006;-8.55409;-5.50408;0.349327;0.284944
3.96204;-5.12395;0.180387;-2.64667;0.121;3.97123;-5.20581;0.173211;-1.09069
-10.2281;-5.98809;0.727805;-1.37216;0.006;-10.52;-6.33941;0.590312;-2.74584
-12.287;-8.34551;0.398704;0.0095214;0;-12.3361;-8.47355;0.159407;-0.874801
-7.90036;-6.17613;0.359122;-2.47386;0.006;-8.17276;-5.79911;0.661329;-0.267607
-3.68184;-10.9357;0.227437;2.86176;0.007;-3.65846;-10.6388;0.166923;2.7098
-9.8688;-11.9306;0.369386;-1.74129;0.008;-10.7889;-12.1482;0.305862;2.73421
-9.59426;-5.9211;0.451628;-2.52887;0.006;-9.32356;-6.15514;0.346784;-2.37939
-2.04564;-8.26782;0.183905;-1.52143;0.011;-2.35662;-8.10271;0.150494;-1.613
0.648569;-11.0434;0.532047;3.03217;0.011;0.572967;-11.1587;0.527683;2.18422
-2.1768;-10.8415;0.291937;-1.98469;0.012;-2.12703;-11.2752;0.228033;1.43705
-0.163415;-11.6523;0.248481;-1.3539;0.011;-0.0329752;-11.774;0.52929;-0.157482
-10.1762;-7.63175;0.664134;1.87648;0;-9.88846;-7.82003;0.38268;1.95535
-10.993;-8.32252;0.786967;-2.36868;0;-11.166;-8.07436;0.578713;0.651172
-1.74702;-8.36082;0.74045;1.3565;0.011;-2.04564;-8.26782;0.183905;-1.52143
1.86669;-7.98346;0.342924;2.16795;0.117;1.84701;-7.98057;0.558603;0.75879
3.80584;-4.6519;0.53937;0.536048;0.121;4.04327;-4.74778;0.593798;-2.14986
-4.62231;-9.50985;0.207728;-3.1177;0.007;-4.59101;-9.06168;0.371835;2.08034
-13.2026;-12.3187;0.376119;2.09308;0;-13.8982;-12.0621;0.283908;2.85666
3.80261;-7.74967;0.557469;-2.39367;0.117;3.74484;-7.58251;0.562291;-0.0783811
-1.58043;-4.3953;0.444092;1.28628;0.121;-1.83308;-4.83033;0.359225;-0.589483
0.364199;-10.8708;0.265278;-0.12347;0.011;0.471961;-10.5438;0.251822;1.16227
3.5829;-6.28466;0.72016;3.13968;0.121;3.71078;-6.58317;0.574655;-1.73633
-6.03462;-8.19217;0.186535;-1.3561;0.007;-6.09216;-7.8494;0.562923;-2.81366
-13.1663;-11.5311;0.833928;-1.00458;0;-12.9194;-11.6734;0.674575;2.97194
-2.24177;-8.107;0.281127;0.630008;0.009;-2.35662;-8.10271;0.150494;-1.613
2.27633;-8.1609;0.401073;-0.810673;0.117;2.21176;-8.36068;0.179223;2.47487
-0.0274586;-11.9792;0.174643;1.83692;0.011;-0.163415;-11.6523;0.248481;-1.3539
-6.35263;-12.2913;0.464072;2.51813;0.007;-6.25126;-12.3928;0.7192;0.940745
1.72944;-6.21196;0.828356;-1.03691;0.121;1.28646;-6.39981;0.610744;2.31144
-13.6497;-10.1578;0.183721;0.941489;0;-13.6883;-10.5899;0.327559;0.229299
-1.8273;-7.82355;0.527381;1.86467;0.008;-1.73336;-7.69086;0.251354;-1.09017
-10.4383;-6.00679;0.424788;1.49622;0.006;-10.2281;-5.98809;0.727805;-1.37216
-11.6859;-11.7321;0.450016;1.52954;0.004;-11.9928;-11.8046;0.412068;0.116657
-3.66699;-8.63728;0.326579;2.38869;0.007;-3.37196;-8.56277;0.428926;-0.100491
-4.31495;-9.47852;0.513951;1.30283;0.007;-4.62231;-9.50985;0.207728;-3.1177
-0.29655;-11.541;0.624114;-0.362503;0.011;-0.296033;-11.6525;0.560362;1.54013
-1.34803;-5.53304;0.366885;0.575662;0.121;-1.30366;-5.67681;0.302773;2.60216
3.87889;-7.44844;0.324257;2.4771;0.117;3.65144;-7.47271;0.41278;1.6399
-3.24104;-8.44392;0.610681;1.3445;0.007;-3.37196;-8.56277;0.428926;-0.100491
-11.6785;-7.61835;0.426132;-2.00959;0;-11.5678;-7.68979;0.628732;-0.996616
-12.631;-12.376;0.330799;-2.13289;0.004;-12.465;-12.405;0.569074;2.511
0.302909;-9.63459;0.847083;2.39928;0.011;0.254665;-9.8619;0.758127;0.157797
-3.66851;-10.5627;0.195348;-0.196105;0.007;-3.65846;-10.6388;0.166923;2.7098
-0.370454;-9.14795;0.383901;-3.13002;0.011;-0.0940758;-9.34286;0.543608;2.4112
-4.23318;-8.25622;0.41113;-1.79273;0.007;-4.46144;-8.36752;0.160743;2.88399
-2.34402;-8.35853;0.693417;2.44067;0.009;-2.24177;-8.107;0.281127;0.630008
-12.9847;-7.75351;0.36603;-1.8133;0;-13.3825;-8.01152;0.583159;0.290495
-11.0568;-8.09592;0.261513;-1.73867;0;-11.0427;-7.82913;0.290316;2.38212
-8.3778;-8.04919;0.680479;-2.7532;0.007;-8.31653;-7.96816;0.556929;3.01614
-1.26866;-3.55113;0.246673;-2.49627;0.121;-2.10655;-3.86902;0.392244;0.0566097
-9.4837;-12.3478;0.403365;-2.87436;0.01;-9.8688;-11.9306;0.369386;-1.74129
2.00631;-5.00523;0.616066;-2.46396;0.121;1.6929;-4.61602;0.446377;-2.56807
-2.0642;-5.86078;0.238057;0.707967;0.121;-1.79363;-5.46758;0.164064;-3.0031
-13.0505;-8.15392;0.801031;0.644841;0;-12.7883;-8.24519;0.583752;3.11479
-14.6028;-10.4452;0.582066;1.57175;0;-14.3538;-10.2406;0.498705;2.17666
-14.1764;-10.113;0.573623;1.31393;0;-14.3538;-10.2406;0.498705;2.17666
-4.28567;-10.4553;0.511025;-3.00348;0.007;-4.49158;-10.4608;0.826503;1.40575
-11.6455;-8.46977;0.589935;1.54181;0;-11.586;-8.30622;0.227295;1.88155
-3.55358;-8.15083;0.630103;1.80863;0.007;-3.50894;-7.90683;0.674145;2.89412
-12.0268;-12.3164;0.246119;0.5504;0.014;-11.663;-12.6263;0.391948;0.718133
-5.79135;-10.9928;0.767169;-0.406966;0.007;-5.80591;-10.7068;0.772093;-2.75403
-2.19701;-10.8722;0.694306;1.58739;0.011;-2.08358;-11.0268;0.789823;-3.11285
3.4397;-7.95574;0.787801;-2.8482;0.117;3.80261;-7.74967;0.557469;-2.39367
-4.29993;-9.94198;0.179543;0.738501;0.007;-4.40003;-10.2777;0.171699;-2.14725
-0.591885;-6.13802;0.291675;1.95318;0.121;-0.306108;-5.66053;0.370796;0.804017
-3.3072;-8.14912;0.724672;-1.4729;0.007;-3.21526;-8.13704;0.707949;1.03636
-1.42511;-4.72661;0.241308;1.98665;0.121;-1.58043;-4.3953;0.444092;1.28628
-8.01685;-10.2325;0.508533;2.26945;0.007;-7.96673;-10.1522;0.43404;-1.75884
-14.3889;-7.67244;0.820993;0.460223;0.006;-14.0229;-7.70668;0.561226;2.95012
3.60633;-7.34467;0.682529;-2.2294;0.201;3.74484;-7.58251;0.562291;-0.0783811
-1.85743;-8.17419;0.805434;-2.56481;0.011;-1.74702;-8.36082;0.74045;1.3565
-10.1617;-10.0423;0.375607;-0.98037;0;-10.106;-9.71519;0.514952;-2.93898
-11.2602;-7.90935;0.480283;2.3625;0;-11.166;-8.07436;0.578713;0.651172
-7.12784;-6.49472;0.628496;0.0634859;0.006;-7.39101;-6.45292;0.627132;-0.0625995
-0.443253;-11.477;0.652747;-2.05008;0.011;-0.29655;-11.541;0.624114;-0.362503
-11.3423;-11.8587;0.219804;2.26299;0.004;-11.6859;-11.7321;0.450016;1.52954
-10.2774;-7.86408;0.616369;2.46045;0;-10.1762;-7.63175;0.664134;1.87648
-13.1708;-12.0057;0.675047;-1.0614;0;-12.9194;-11.6734;0.674575;2.97194
-14.5146;-7.27676;0.365345;-0.188425;0.006;-14.2565;-7.49603;0.413041;2.68904
-7.96857;-8.90945;0.441465;-0.189126;0.007;-7.66902;-8.59393;0.632585;-2.09139
-14.0567;-6.95322;0.704418;-1.981;0.006;-13.9035;-6.99841;0.722273;0.798186
-7.01321;-8.11602;0.206247;1.37295;0.007;-7.08962;-7.78051;0.58128;2.2625
-3.01122;-8.55751;0.404683;-1.55157;0.007;-3.15581;-8.65837;0.389695;2.20172
-11.5395;-12.6223;0.440521;1.05764;0.012;-11.663;-12.6263;0.391948;0.718133
-8.03675;-8.85124;0.354955;-2.8012;0.007;-7.96857;-8.90945;0.441465;-0.189126
3.86632;-3.60628;0.751693;1.1742;0.121;3.67492;-3.61056;0.653064;2.02954
1.85502;-3.90625;0.35626;-0.163846;0.121;1.62637;-4.04861;0.298933;-2.02449
-9.96623;-8.59332;0.546692;1.0042;0;-10.1598;-8.48075;0.286603;1.98274
-3.07119;-8.26677;0.297417;-1.35766;0.008;-3.01122;-8.55751;0.404683;-1.55157
2.42971;-4.4389;0.603444;1.35508;0.121;2.14141;-4.47032;0.419084;-1.12514
-13.3736;-10.5428;0.303505;0.633741;0;-13.1478;-10.4607;0.513504;2.02526
-14.0661;-6.79811;0.697182;-1.30221;0.006;-14.0567;-6.95322;0.704418;-1.981
-6.66972;-10.5178;0.195927;-0.413845;0.007;-6.52347;-10.1612;0.279875;-0.560061
3.55317;-7.3426;0.70688;-0.916945;0.285;3.60633;-7.34467;0.682529;-2.2294
3.28884;-8.50346;0.268834;-1.26205;0.315;2.89928;-8.11628;0.55166;-2.90591
-10.2056;-10.0401;0.624834;-0.725422;0;-10.1617;-10.0423;0.375607;-0.98037
-14.235;-11.4181;0.415557;1.61619;0;-14.358;-11.2964;0.733662;-1.96722
-4.42572;-11.775;0.580161;-1.06089;0.007;-4.23082;-11.6587;0.383619;-0.50161
-13.2761;-9.8791;0.840748;-1.47297;0;-13.4718;-10.1742;0.843;-1.74792
-5.77723;-12.1955;0.501259;2.16141;0.007;-5.834;-12.4497;0.274485;1.50193
-1.93598;-12.2435;0.255963;-2.79766;0.011;-1.92481;-12.1651;0.328791;0.512841
-9.43544;-6.2048;0.805431;-2.86682;0.006;-9.76073;-6.20702;0.811227;1.45181
-8.8506;-11.9722;0.311483;1.55797;0.01;-9.4837;-12.3478;0.403365;-2.87436
-6.10986;-5.85128;0.537885;-0.0247387;0.006;-6.51284;-5.92971;0.610736;-1.21734
-11.1293;-5.80422;0.693892;0.772781;0.006;-11.1828;-6.0147;0.713953;-2.95365
-14.6345;-8.04094;0.548649;-0.338223;0.006;-14.3889;-7.67244;0.820993;0.460223
-2.0554;-11.7786;0.235759;2.03665;0.013;-2.22083;-12.078;0.299311;1.77491
-6.17084;-11.4648;0.543398;-2.35664;0.007;-5.94406;-11.7644;0.319711;0.439298
-1.84646;-8.36618;0.213934;0.636733;0.011;-2.04564;-8.26782;0.183905;-1.52143
-7.33947;-9.8013;0.700748;-3.11317;0.007;-7.43082;-9.33173;0.632952;2.49271
-2.44528;-3.86639;0.557445;-1.46597;0.121;-2.10655;-3.86902;0.392244;0.0566097
-7.91503;-9.72913;0.610853;1.97939;0.008;-8.33758;-9.68482;0.716604;-1.82308
-0.159141;-9.18735;0.786938;-0.285174;0.011;-0.0940758;-9.34286;0.543608;2.4112
-12.3216;-5.69887;0.423635;2.32222;0.012;-12.1414;-5.74216;0.74682;1.08343
-6.2422;-9.61886;0.656678;-2.33052;0.007;-6.36878;-9.49185;0.696408;-0.0720967
3.42009;-4.08709;0.209704;0.64751;0.121;3.79123;-4.18542;0.665619;-0.249388
-1.91509;-12.3683;0.736839;1.55427;0.013;-1.96806;-12.3784;0.723921;-3.00845
-14.2961;-6.51272;0.814157;-2.36494;0.006;-14.3479;-6.68719;0.606862;-2.33647
-12.675;-12.2996;0.698367;0.428753;0.01;-12.465;-12.405;0.569074;2.511
1.58996;-7.60806;0.753979;-1.0169;0.244;1.92481;-7.69644;0.772778;-2.30553
-2.38054;-8.75305;0.524446;-2.50291;0.009;-2.34402;-8.35853;0.693417;2.44067
-10.4617;-9.1768;0.662768;1.37293;0;-10.5424;-8.85118;0.490734;-2.95948
-8.40121;-9.31551;0.396427;-1.57225;0.007;-8.33758;-9.68482;0.716604;-1.82308
-1.90347;-8.08556;0.757955;-1.55876;0.013;-1.85743;-8.17419;0.805434;-2.56481
-11.095;-12.4054;0.84286;-0.299305;0.012;-11.5395;-12.6223;0.440521;1.05764
4.49928;-8.32835;0.737646;-0.723666;0.295;4.3968;-8.34073;0.555103;-2.24428
-8.44917;-9.46198;0.832776;2.50251;0.007;-8.33758;-9.68482;0.716604;-1.82308
-6.34431;-12.0607;0.22035;-0.0348668;0.007;-6.42645;-12.1823;0.154583;1.62719
-4.41457;-9.25483;0.640657;1.701;0.007;-4.31495;-9.47852;0.513951;1.30283
-8.81736;-5.61167;0.353918;0.372788;0.006;-8.68942;-5.75905;0.177064;-2.31606
-0.431937;-3.42226;0.179498;-1.23899;0.121;-1.26866;-3.55113;0.246673;-2.49627
-0.245185;-2.49658;0.508517;-2.18018;0.121;-0.431937;-3.42226;0.179498;-1.23899
-0.681619;-1.59687;0.515465;1.85837;0.121;-0.245185;-2.49658;0.508517;-2.18018
-0.695288;-0.596975;0.511577;-0.450537;0.121;-0.681619;-1.59687;0.515465;1.85837
-0.264453;0.305456;0.511497;-1.88173;0.121;-0.695288;-0.596975;0.511577;-0.450537
2.62072;-3.59812;0.679689;1.66795;0.121;3.15033;-3.5814;0.609847;-0.590675
-10.5394;-6.00248;0.387748;-0.599351;0.006;-10.4383;-6.00679;0.424788;1.49622
-0.262487;1.30541;0.501997;1.73966;0.121;-0.264453;0.305456;0.511497;-1.88173
-1.0197;1.95806;0.475969;-1.00184;0.121;-0.262487;1.30541;0.501997;1.73966
0.553677;1.88316;0.510749;1.62149;0.121;-0.262487;1.30541;0.501997;1.73966
4.10539;-5.01553;0.180312;-2.51609;0.121;3.96204;-5.12395;0.180387;-2.64667
1.24577;1.16213;0.477277;-3.0625;0.121;0.553677;1.88316;0.510749;1.62149
2.17274;1.5372;0.470543;2.87857;0.121;1.24577;1.16213;0.477277;-3.0625
-7.44046;-10.5648;0.716293;2.03849;0.009;-7.7211;-10.5302;0.303881;-1.06283
-13.7935;-7.25493;0.308756;-0.87804;0.006;-13.8879;-7.22232;0.257852;-1.83004
-13.7164;-10.8341;0.808745;-2.05016;0;-13.7214;-11.0761;0.675642;0.748115
0.436033;-6.6322;0.697304;2.67215;0.121;1.28646;-6.39981;0.610744;2.31144
0.678462;2.87533;0.50532;1.60293;0.121;0.553677;1.88316;0.510749;1.62149
-1.92413;2.38384;0.449275;-1.05119;0.121;-1.0197;1.95806;0.475969;-1.00184
0.338932;3.81504;0.464451;-0.548183;0.121;0.678462;2.87533;0.50532;1.60293
2.66522;-3.57071;0.240386;-1.15231;0.121;2.62072;-3.59812;0.679689;1.66795
-1.65234;-0.877865;0.439821;1.50677;0.121;-0.695288;-0.596975;0.511577;-0.450537
-14.3313;-11.0801;0.427689;2.20483;0;-14.235;-11.4181;0.415557;1.61619
-0.973379;1.633;0.49977;0.326814;0.121;-1.0197;1.95806;0.475969;-1.00184
1.08214;4.48284;0.505508;-0.319238;0.121;0.338932;3.81504;0.464451;-0.548183
2.07235;4.6208;0.484218;2.41752;0.121;1.08214;4.48284;0.505508;-0.319238
2.26732;5.60116;0.513976;0.336031;0.121;2.07235;4.6208;0.484218;2.41752
-1.68763;-5.92799;0.775396;-2.2577;0.121;-1.91977;-6.34116;0.72591;1.31321
-3.78821;-11.8814;0.268199;2.28626;0.007;-3.7929;-11.4739;0.448603;-3.08052
-7.83002;-5.97023;0.172199;1.13556;0.006;-7.90036;-6.17613;0.359122;-2.47386
-4.1078;-10.7928;0.233275;2.98554;0.007;-4.10744;-10.8891;0.349727;1.97687
1.65422;6.39109;0.525413;-1.64825;0.121;2.26732;5.60116;0.513976;0.336031
-5.04938;-11.5187;0.747236;0.457895;0.007;-5.23148;-11.5057;0.6493;-1.81981
-6.56405;-5.71047;0.408582;-0.153013;0.006;-6.57412;-5.66003;0.418306;2.755
1.34612;-6.04168;0.41266;-1.99703;0.121;1.28646;-6.39981;0.610744;2.31144
-1.8899;1.23445;0.465813;-0.485801;0.121;-0.973379;1.633;0.49977;0.326814
-5.31878;-11.8075;0.360231;-1.75476;0.007;-5.23148;-11.5057;0.6493;-1.81981
-1.49075;-5.99985;0.482653;-0.462628;0.121;-1.68763;-5.92799;0.775396;-2.2577
-1.17829;-2.0471;0.599426;0.952827;0.121;-0.681619;-1.59687;0.515465;1.85837
4.14136;-5.00458;0.218201;2.25215;0.121;4.10539;-5.01553;0.180312;-2.51609
-1.12395;-12.1179;0.481736;2.43975;0.015;-1.27832;-12.1625;0.569629;1.22894
-5.53305;-6.40871;0.398021;-2.35028;0.007;-5.61244;-5.93388;0.404931;3.06162
-11.5766;-7.87197;0.712299;3.02231;0;-11.5678;-7.68979;0.628732;-0.996616
-12.1108;-6.27178;0.187538;0.573446;0.006;-12.2292;-6.26748;0.30479;-0.642741
-0.26488;1.26894;0.579535;2.40909;0.121;-0.262487;1.30541;0.501997;1.73966
-2.56782;-0.478079;0.485287;2.13766;0.121;-1.65234;-0.877865;0.439821;1.50677
-14.208;-6.62942;0.521858;0.267674;0.006;-14.3479;-6.68719;0.606862;-2.33647
-10.6113;-9.96381;0.244693;-2.44846;0;-10.4942;-10.2231;0.22417;-0.240035
-0.684431;2.18398;0.258316;2.22082;0.121;-1.0197;1.95806;0.475969;-1.00184
-3.49465;-0.103214;0.506929;-0.206571;0.121;-2.56782;-0.478079;0.485287;2.13766
-0.331245;-12.0702;0.415729;1.85628;0.011;-0.183525;-12.3017;0.325754;0.692051
-2.28813;0.978269;0.321354;0.0728155;0.121;-1.8899;1.23445;0.465813;-0.485801
1.1199;-5.80955;0.335928;-0.811988;0.121;1.34612;-6.04168;0.41266;-1.99703
-4.15175;-8.65772;0.279161;-0.653724;0.007;-4.23318;-8.25622;0.41113;-1.79273
0.669785;6.25052;0.630879;2.10405;0.296;1.65422;6.39109;0.525413;-1.64825
1.59015;-5.05059;0.51132;-0.243351;0.121;1.74266;-5.40665;0.37763;2.28118
3.44256;-8.29057;0.732051;-2.70076;0.117;3.4397;-7.95574;0.787801;-2.8482
-0.26874;6.59377;0.594137;0.311283;0.296;0.669785;6.25052;0.630879;2.10405
-12.1785;-5.94895;0.376615;-1.29025;0.012;-12.2423;-6.1679;0.505313;2.66939
-1.25657;6.43948;0.574253;-2.73214;0.296;-0.26874;6.59377;0.594137;0.311283
-6.5958;-7.98816;0.605583;-1.98249;0.008;-6.49347;-7.8173;0.475872;-3.01162
0.839424;-7.81933;0.382411;-0.370126;0.011;1.0815;-7.72502;0.550456;-0.166247
-9.33632;-11.8815;0.566792;2.42164;0.014;-9.4837;-12.3478;0.403365;-2.87436
-2.25413;6.36979;0.576535;-0.901488;0.296;-1.25657;6.43948;0.574253;-2.73214
-13.3508;-7.80699;0.580149;-1.91966;0;-13.3825;-8.01152;0.583159;0.290495
1.77311;4.33249;0.671323;2.13713;0.121;2.07235;4.6208;0.484218;2.41752
-1.29;0.893394;0.161928;-2.52285;0.121;-1.8899;1.23445;0.465813;-0.485801
1.58227;6.1062;0.448777;1.97386;0.121;1.65422;6.39109;0.525413;-1.64825
-10.5336;-6.30646;0.309125;2.79417;0.006;-10.52;-6.33941;0.590312;-2.74584
-1.91756;-12.4162;0.476056;1.82337;0.013;-1.96806;-12.3784;0.723921;-3.00845
-11.0177;-9.96507;0.362309;-0.58458;0;-10.8533;-9.80145;0.508594;-2.39718
-0.67987;5.73781;0.826173;3.06059;0.296;-1.25657;6.43948;0.574253;-2.73214
-4.14294;0.65767;0.53481;1.65847;0.121;-3.49465;-0.103214;0.506929;-0.206571
0.256446;3.76846;0.722328;-3.07552;0.121;0.338932;3.81504;0.464451;-0.548183
-10.1699;-10.5319;0.747199;0.738566;0;-10.2056;-10.0401;0.624834;-0.725422
-4.13827;1.64323;0.365555;1.17921;0.121;-4.14294;0.65767;0.53481;1.65847
2.78111;-8.03885;0.706544;-0.658176;0.117;2.89928;-8.11628;0.55166;-2.90591
-4.45767;-10.0158;0.648789;-1.46633;0.007;-4.49158;-10.4608;0.826503;1.40575
-2.09898;-5.62419;0.465661;2.42169;0.121;-2.0642;-5.86078;0.238057;0.707967
1.90819;-5.85643;0.189225;2.18138;0.121;2.0604;-5.71566;0.184712;-0.649848
0.156085;-8.24872;0.317511;-2.79587;0.011;0.008059;-7.9463;0.421719;2.49383
-2.37829;-0.917642;0.84185;0.74191;0.121;-2.56782;-0.478079;0.485287;2.13766
-7.69667;-10.1002;0.735563;-0.268119;0.007;-7.96673;-10.1522;0.43404;-1.75884
3.93311;-7.96438;0.600035;-0.48693;0.117;3.80261;-7.74967;0.557469;-2.39367
0.494257;1.9386;0.413738;-0.660728;0.121;0.553677;1.88316;0.510749;1.62149
3.93556;-3.937;0.373459;2.27711;0.121;4.13503;-3.75217;0.575249;2.83712
-13.4891;-5.69126;0.184922;-0.520027;0.006;-13.0514;-5.73151;0.554448;0.991695
1.5939;0.546221;0.544261;2.73808;0.121;1.24577;1.16213;0.477277;-3.0625
-9.10074;-12.1658;0.598642;2.59708;0.018;-9.33632;-11.8815;0.566792;2.42164
-6.43307;-7.47718;0.404618;3.027;0.01;-6.391;-7.57885;0.265096;-2.45764
3.88935;-3.98471;0.331438;-1.64681;0.121;3.93556;-3.937;0.373459;2.27711
3.02535;-3.97524;0.242723;0.878304;0.121;3.42009;-4.08709;0.209704;0.64751
-4.27084;-0.726646;0.601035;2.21349;0.121;-3.49465;-0.103214;0.506929;-0.206571
1.39894;6.47011;0.370855;0.291215;0.121;1.65422;6.39109;0.525413;-1.64825
-10.1123;-10.3172;0.824018;-2.65698;0;-10.1699;-10.5319;0.747199;0.738566
-10.1534;-11.9716;0.341758;0.192431;0.008;-9.8688;-11.9306;0.369386;-1.74129
3.58206;-4.41654;0.320396;-2.5746;0.121;3.42009;-4.08709;0.209704;0.64751
4.44715;-5.21299;0.252361;0.418464;0.121;4.14136;-5.00458;0.218201;2.25215
2.12612;-0.298755;0.596785;-2.73515;0.121;1.5939;0.546221;0.544261;2.73808
-5.255;-12.3608;0.736371;1.98862;0.007;-5.32333;-12.3118;0.346811;1.71238
-1.56916;-3.64357;0.218901;-2.86942;0.121;-1.26866;-3.55113;0.246673;-2.49627
1.56794;0.456611;0.744465;-2.39401;0.121;1.5939;0.546221;0.544261;2.73808
0.76769;-6.27042;0.683884;0.940335;0.121;0.436033;-6.6322;0.697304;2.67215
-0.888953;-1.22786;0.185636;-1.71781;0.121;-0.681619;-1.59687;0.515465;1.85837
-1.05108;-11.8292;0.558891;0.767716;0.011;-1.29237;-11.7378;0.566031;-1.67849
4.33804;-8.49774;0.229713;-0.29456;0.295;4.3968;-8.34073;0.555103;-2.24428
-4.5701;-1.66163;0.410638;-0.0573162;0.121;-4.27084;-0.726646;0.601035;2.21349
-1.92132;-9.90009;0.494039;-2.81038;0.011;-1.97778;-10.2172;0.506823;-0.0789993
-14.5801;-10.5011;0.753833;0.88187;0;-14.6028;-10.4452;0.582066;1.57175
-1.49664;-0.241277;0.661028;0.856306;0.121;-1.65234;-0.877865;0.439821;1.50677
-6.07367;-10.4183;0.370116;0.822405;0.007;-6.52347;-10.1612;0.279875;-0.560061
0.182818;-8.98194;0.325038;0.816854;0.011;-0.0940758;-9.34286;0.543608;2.4112
0.741798;-2.60209;0.629888;-1.74978;0.121;-0.245185;-2.49658;0.508517;-2.18018
-2.54928;-11.0296;0.736714;2.88634;0.011;-2.19701;-10.8722;0.694306;1.58739
-3.18952;0.0957486;0.769176;1.74393;0.121;-3.49465;-0.103214;0.506929;-0.206571
0.703479;2.40209;0.624723;0.719835;0.121;0.678462;2.87533;0.50532;1.60293
-3.59672;0.666692;0.309536;-3.06299;0.121;-4.14294;0.65767;0.53481;1.65847
-14.1545;-5.74671;0.536429;0.238081;0.006;-14.0182;-5.85376;0.762358;-2.89678
-2.09573;-11.8991;0.586284;-1.69406;0.013;-2.22083;-12.078;0.299311;1.77491
-10.8209;-9.78517;0.687755;-1.61987;0;-10.8533;-9.80145;0.508594;-2.39718
-7.79217;-8.32191;0.269719;1.99354;0.007;-7.87636;-8.18743;0.31228;-2.73397
-0.203822;3.82032;0.716236;-0.633055;0.121;0.256446;3.76846;0.722328;-3.07552
-2.2634;6.07587;0.405398;0.207548;0.296;-2.25413;6.36979;0.576535;-0.901488
-1.31478;1.60472;0.794611;0.70655;0.121;-0.973379;1.633;0.49977;0.326814
-0.0684686;-2.89641;0.842582;-1.11517;0.121;-0.245185;-2.49658;0.508517;-2.18018
-3.58557;-8.16075;0.544978;-1.87977;0.007;-3.55358;-8.15083;0.630103;1.80863
3.08514;-0.512558;0.410887;-1.9697;0.121;2.12612;-0.298755;0.596785;-2.73515
1.93666;-4.33287;0.792102;-2.324;0.121;2.02111;-4.17232;0.699205;1.09384
2.15929;-0.709069;0.807629;-0.807839;0.121;2.12612;-0.298755;0.596785;-2.73515
-1.01687;-1.28027;0.240257;-2.76115;0.121;-0.888953;-1.22786;0.185636;-1.71781
0.763336;2.66557;0.538839;0.695669;0.121;0.678462;2.87533;0.50532;1.60293
4.02907;-0.182775;0.426215;-0.32868;0.121;3.08514;-0.512558;0.410887;-1.9697
-14.1189;-11.095;0.489036;1.89318;0;-14.3313;-11.0801;0.427689;2.20483
-0.502473;-6.01127;0.154126;-0.675649;0.121;-0.591885;-6.13802;0.291675;1.95318
-5.61714;-11.7769;0.324273;-2.9922;0.007;-5.31878;-11.8075;0.360231;-1.75476
-11.6981;-10.0388;0.390053;0.0616304;0;-11.7492;-9.95615;0.402562;-0.357026
-11.3408;-8.09514;0.794644;-2.1836;0;-11.166;-8.07436;0.578713;0.651172
-1.05619;-0.274189;0.179909;-3.00948;0.121;-0.695288;-0.596975;0.511577;-0.450537
1.09165;1.4139;0.802271;-2.37885;0.121;1.24577;1.16213;0.477277;-3.0625
-1.78821;-5.19441;0.534075;2.45387;0.121;-1.83308;-4.83033;0.359225;-0.589483
-7.20983;-7.817;0.346666;-0.394375;0.007;-7.08962;-7.78051;0.58128;2.2625
-3.60695;-7.84782;0.229679;1.57581;0.007;-3.36802;-7.90469;0.499935;0.308407
1.30263;-0.102776;0.581147;-3.05694;0.121;1.56794;0.456611;0.744465;-2.39401
-2.59284;5.13399;0.339599;2.818;0.296;-2.2634;6.07587;0.405398;0.207548
3.82194;-7.82375;0.549089;2.66057;0.117;3.80261;-7.74967;0.557469;-2.39367
1.60237;0.975966;0.572232;-1.82705;0.121;1.24577;1.16213;0.477277;-3.0625
1.88044;-1.2019;0.776523;1.7724;0.121;2.15929;-0.709069;0.807629;-0.807839
1.41029;-2.06139;0.335459;-2.23125;0.121;0.741798;-2.60209;0.629888;-1.74978
-4.78738;-12.315;0.276145;-1.6255;0.007;-4.82749;-12.1508;0.637504;-2.87212
-6.38138;-7.46463;0.264079;-3.02549;0.01;-6.391;-7.57885;0.265096;-2.45764
-2.42404;-5.17256;0.330502;2.56847;0.121;-2.33759;-4.7428;0.651941;-0.277643
-11.7809;-12.2398;0.714694;3.06951;0.008;-11.663;-12.6263;0.391948;0.718133
-4.1441;2.10615;0.476864;1.04289;0.121;-4.13827;1.64323;0.365555;1.17921
-2.18444;-11.4627;0.313969;0.579032;0.014;-2.12703;-11.2752;0.228033;1.43705
0.599367;-11.068;0.160688;2.40857;0.011;0.364199;-10.8708;0.265278;-0.12347
-0.325892;-8.29883;0.711346;-1.42628;0.011;-0.210854;-7.80934;0.758629;-0.440244
3.10857;-0.0874778;0.717291;0.210642;0.121;3.08514;-0.512558;0.410887;-1.9697
-5.81334;-7.83593;0.336132;-0.479867;0.007;-6.09216;-7.8494;0.562923;-2.81366
-1.19039;0.520058;0.294902;-2.25627;0.121;-1.29;0.893394;0.161928;-2.52285
-8.44331;-11.9174;0.735775;-0.610359;0.01;-8.8506;-11.9722;0.311483;1.55797
-12.6978;-12.1594;0.597727;-0.698239;0.01;-12.675;-12.2996;0.698367;0.428753
-4.09284;-0.0815356;0.432294;-2.79539;0.121;-3.49465;-0.103214;0.506929;-0.206571
-7.50051;-5.74406;0.268371;1.25241;0.006;-7.57367;-5.68978;0.414865;0.143383
-8.297;-11.816;0.598606;-0.0853267;0.01;-8.44331;-11.9174;0.735775;-0.610359
-1.80626;-12.3362;0.559975;0.647966;0.013;-1.91756;-12.4162;0.476056;1.82337
-0.412356;-10.8193;0.525879;2.10298;0.011;-0.443253;-11.477;0.652747;-2.05008
-7.08947;-5.86117;0.209875;2.97426;0.006;-7.00118;-5.82998;0.618702;-1.77174
-3.69813;-2.0505;0.708049;2.13469;0.121;-4.5701;-1.66163;0.410638;-0.0573162
1.65772;-0.564157;0.719817;-1.99076;0.121;2.15929;-0.709069;0.807629;-0.807839
-1.5758;-0.122052;0.700169;2.13221;0.121;-1.49664;-0.241277;0.661028;0.856306
-7.3062;-7.77854;0.375484;2.38177;0.007;-7.20983;-7.817;0.346666;-0.394375
1.22449;-0.103255;0.325313;2.13356;0.121;1.30263;-0.102776;0.581147;-3.05694
-12.2499;-11.6502;0.185593;-2.82282;0.004;-12.4746;-11.847;0.360732;-1.90062
-5.83103;-11.3409;0.546898;0.464381;0.007;-5.74161;-11.5484;0.74102;-0.0655736
0.320609;-0.181786;0.244138;-0.874823;0.121;-0.264453;0.305456;0.511497;-1.88173
-10.4837;-9.5143;0.241905;-0.863337;0;-10.6113;-9.96381;0.244693;-2.44846
1.55628;5.71654;0.710833;1.2051;0.244;1.58227;6.1062;0.448777;1.97386
-2.00999;0.447726;0.766726;1.92192;0.121;-1.5758;-0.122052;0.700169;2.13221
-13.905;-10.3813;0.310619;-2.39208;0;-14.1618;-10.3629;0.179607;2.92695
-2.5189;-8.12695;0.450542;2.83979;0.007;-2.45989;-7.94045;0.406825;0.0133335
1.17711;-0.455799;0.38874;1.29114;0.121;1.22449;-0.103255;0.325313;2.13356
-1.59025;0.20105;0.394072;0.931719;0.121;-1.5758;-0.122052;0.700169;2.13221
0.0155008;-10.0998;0.476807;-3.01385;0.011;0.0598461;-10.038;0.246297;-2.33552
4.45477;-7.57082;0.237548;2.89319;0.295;4.43933;-7.74573;0.746979;1.9367
-2.32923;4.17675;0.45877;1.82404;0.296;-2.59284;5.13399;0.339599;2.818
4.33618;-4.65145;0.845322;-2.07413;0.121;4.34915;-4.8829;0.630183;-0.812763
-13.6703;-5.97551;0.280518;-2.94973;0.01;-13.4891;-5.69126;0.184922;-0.520027
-4.04517;-1.71104;0.246749;-2.49928;0.121;-4.5701;-1.66163;0.410638;-0.0573162
-13.7039;-10.389;0.274277;-2.80856;0;-13.905;-10.3813;0.310619;-2.39208
-12.1442;-5.69129;0.279646;-0.03094;0.012;-12.3216;-5.69887;0.423635;2.32222
-10.2755;-5.78191;0.625436;2.83926;0.006;-10.2281;-5.98809;0.727805;-1.37216
0.300358;1.52228;0.658017;2.30123;0.121;0.553677;1.88316;0.510749;1.62149
-1.85599;-8.7993;0.640764;-2.07565;0.012;-1.83358;-8.92177;0.386239;-0.691554
-13.8751;-10.9326;0.595069;-0.441896;0;-13.7214;-11.0761;0.675642;0.748115
-0.234843;-8.22502;0.299638;-1.72002;0.011;0.008059;-7.9463;0.421719;2.49383
-10.3939;-9.07831;0.294857;2.05902;0;-10.1762;-9.13661;0.190137;-1.85754
-4.19036;0.815093;0.295409;-2.45109;0.121;-4.14294;0.65767;0.53481;1.65847
-8.29286;-7.52639;0.423985;1.71304;0.007;-8.20491;-7.59943;0.83127;-1.15445
-1.64071;-1.76925;0.537438;2.70762;0.121;-1.17829;-2.0471;0.599426;0.952827
-1.05423;1.77775;0.502123;2.56143;0.121;-0.973379;1.633;0.49977;0.326814
0.273156;-9.52359;0.496204;-2.75135;0.011;0.542478;-9.68603;0.469515;0.225428
0.347838;-2.93909;0.597484;1.15069;0.121;-0.0684686;-2.89641;0.842582;-1.11517
-3.57711;-3.02795;0.621612;2.78549;0.121;-3.69813;-2.0505;0.708049;2.13469
4.53433;-5.88051;0.727565;2.35204;0.121;4.10689;-5.54497;0.464387;-1.39184
-11.2554;-5.86056;0.359214;2.64288;0.006;-11.0791;-6.08719;0.187482;-1.53349
-12.2258;-12.0791;0.823017;1.84571;0.004;-12.465;-12.405;0.569074;2.511
4.24492;-5.97007;0.633422;-1.70759;0.121;4.53433;-5.88051;0.727565;2.35204
-0.348152;-9.51929;0.576931;1.00304;0.011;-0.0940758;-9.34286;0.543608;2.4112
-0.481191;2.41791;0.759284;-1.52174;0.121;-0.684431;2.18398;0.258316;2.22082
-4.09497;-12.5243;0.488544;2.91073;0.007;-4.32465;-12.3193;0.397743;2.74407
0.374241;-10.5859;0.452622;-2.63836;0.011;0.471961;-10.5438;0.251822;1.16227
4.40171;-7.66624;0.337196;1.24102;0.295;4.45477;-7.57082;0.237548;2.89319
-13.1999;-9.927;0.797754;-0.0410112;0;-13.2761;-9.8791;0.840748;-1.47297
2.36128;4.19001;0.529712;-3.08525;0.121;2.07235;4.6208;0.484218;2.41752
-13.0844;-5.86378;0.585434;0.135199;0.006;-13.0514;-5.73151;0.554448;0.991695
-10.9402;-10.466;0.257596;-2.86922;0;-10.4994;-10.2415;0.260589;-0.656643
1.8007;-5.90058;0.273875;2.61568;0.121;1.90819;-5.85643;0.189225;2.18138
-0.4495;0.999535;0.811102;-1.83459;0.121;-0.26488;1.26894;0.579535;2.40909
-1.81776;-5.98353;0.274975;3.07291;0.121;-2.0642;-5.86078;0.238057;0.707967
0.258923;-8.05868;0.825927;2.88374;0.011;0.008059;-7.9463;0.421719;2.49383
2.97414;-8.02297;0.327022;-2.14426;0.271;2.89928;-8.11628;0.55166;-2.90591
-1.25601;1.80482;0.658188;-1.14921;0.121;-1.31478;1.60472;0.794611;0.70655
0.596959;-8.21585;0.658941;-2.82363;0.011;0.489886;-8.53112;0.536104;1.85186
-2.33053;-8.04654;0.487201;2.84949;0.007;-2.45989;-7.94045;0.406825;0.0133335
-4.65055;-2.07625;0.429998;1.78403;0.121;-4.5701;-1.66163;0.410638;-0.0573162
-1.64425;-5.59669;0.625228;2.935;0.121;-1.68763;-5.92799;0.775396;-2.2577
-0.745823;-1.26064;0.237804;2.29641;0.121;-0.888953;-1.22786;0.185636;-1.71781
-2.34952;-7.92829;0.256555;1.12044;0.008;-2.41025;-7.86707;0.2612;-1.67679
-1.3048;-6.31808;0.706896;2.83892;0.121;-1.49075;-5.99985;0.482653;-0.462628
-1.13199;-0.555872;0.172888;-0.858214;0.121;-1.05619;-0.274189;0.179909;-3.00948
-14.1247;-11.5289;0.694534;0.724428;0;-14.235;-11.4181;0.415557;1.61619
-13.8213;-11.0438;0.530044;-0.130798;0;-13.8751;-10.9326;0.595069;-0.441896
-12.7532;-9.7138;0.448714;-2.82405;0;-12.9427;-9.74614;0.796406;0.639773
1.40792;0.691617;0.276889;-2.92534;0.121;1.5939;0.546221;0.544261;2.73808
-6.71115;-6.11088;0.616999;-1.07856;0.006;-6.71618;-6.18289;0.691435;-1.52014
-10.7149;-7.94517;0.322876;0.640227;0;-11.0427;-7.82913;0.290316;2.38212
-3.30475;3.98183;0.356919;1.7984;0.296;-2.32923;4.17675;0.45877;1.82404
-1.51709;6.06992;0.840829;0.54024;0.296;-1.25657;6.43948;0.574253;-2.73214
-0.913796;0.503239;0.238218;0.965451;0.121;-1.19039;0.520058;0.294902;-2.25627
-6.63387;-8.21248;0.231593;-1.72896;0.007;-7.01321;-8.11602;0.206247;1.37295
-4.12595;0.88216;0.359224;2.44384;0.121;-4.19036;0.815093;0.295409;-2.45109
-4.20877;4.40922;0.347653;-0.996095;0.296;-3.30475;3.98183;0.356919;1.7984
-1.29841;-3.50292;0.475245;1.97572;0.121;-1.26866;-3.55113;0.246673;-2.49627
3.94828;-7.57032;0.302772;-0.0284535;0.117;3.87889;-7.44844;0.324257;2.4771
0.558324;-11.2283;0.493125;-1.67952;0.011;0.572967;-11.1587;0.527683;2.18422
-5.19961;4.5438;0.337082;-2.74852;0.296;-4.20877;4.40922;0.347653;-0.996095
0.518134;-6.33554;0.285603;-3.04725;0.121;0.76769;-6.27042;0.683884;0.940335
-7.68703;-9.30407;0.279758;-1.83806;0.007;-7.51942;-9.00259;0.262104;-1.29554
-0.615968;-1.39521;0.713807;0.611361;0.121;-0.681619;-1.59687;0.515465;1.85837
0.292238;5.90735;0.63429;2.29073;0.296;0.669785;6.25052;0.630879;2.10405
-5.90919;-11.3482;0.53452;-2.63593;0.007;-5.83103;-11.3409;0.546898;0.464381
4.05192;-5.13441;0.490145;2.03058;0.121;4.14136;-5.00458;0.218201;2.25215
-0.799892;-12.4702;0.761358;1.88585;0.017;-1.12395;-12.1179;0.481736;2.43975
3.08286;-8.06482;0.633376;-0.963521;0.268;2.89928;-8.11628;0.55166;-2.90591
-6.04469;5.07729;0.372338;1.57702;0.296;-5.19961;4.5438;0.337082;-2.74852
3.85237;-8.19432;0.754037;-1.31846;0.277;3.93311;-7.96438;0.600035;-0.48693
1.03148;-1.8036;0.270949;1.29632;0.121;1.41029;-2.06139;0.335459;-2.23125
-2.16093;4.85314;0.182497;-2.27305;0.296;-2.59284;5.13399;0.339599;2.818
-5.93669;6.06992;0.427273;0.125728;0.367;-6.04469;5.07729;0.372338;1.57702
-5.7265;-12.2087;0.709765;-0.0113411;0.007;-5.77723;-12.1955;0.501259;2.16141
-5.53467;-11.4593;0.623988;0.641277;0.007;-5.74161;-11.5484;0.74102;-0.0655736
2.52671;-7.65921;0.61428;-1.43344;0.231;2.40324;-7.69423;0.343931;0.256323
-0.356918;2.23702;0.459365;-0.235242;0.121;-0.481191;2.41791;0.759284;-1.52174
-2.24533;-9.5989;0.54225;-2.50711;0.012;-2.31081;-9.67736;0.63611;-0.684549
-12.6108;-9.80093;0.387847;-2.17803;0;-12.7532;-9.7138;0.448714;-2.82405
2.88285;-7.90164;0.697443;0.375511;0.117;2.78111;-8.03885;0.706544;-0.658176
4.28389;-6.6485;0.345636;-0.661181;0.121;4.06419;-6.62602;0.684183;2.17747
-3.72991;-3.92747;0.212324;1.04137;0.121;-3.57711;-3.02795;0.621612;2.78549
-0.306289;0.155104;0.359516;1.48667;0.121;-0.264453;0.305456;0.511497;-1.88173
-13.0608;-6.00882;0.554435;0.482409;0.006;-13.0844;-5.86378;0.585434;0.135199
-13.3194;-7.4945;0.809887;-3.11402;0;-13.5524;-7.60373;0.653207;-2.52629
0.285538;-6.351;0.563346;2.67699;0.121;0.436033;-6.6322;0.697304;2.67215
-2.917;-8.12556;0.790997;0.31326;0.007;-3.21526;-8.13704;0.707949;1.03636
-1.34549;1.05208;0.190586;2.57603;0.121;-1.29;0.893394;0.161928;-2.52285
-10.9975;-5.6302;0.411116;2.29527;0.006;-10.85;-5.84789;0.261996;-1.20554
-0.0176056;-9.19506;0.2509;-2.52743;0.011;0.182818;-8.98194;0.325038;0.816854
-2.36052;-0.0262682;0.69501;0.843629;0.121;-2.56782;-0.478079;0.485287;2.13766
-13.8661;-12.384;0.470516;-0.791131;0;-13.8982;-12.0621;0.283908;2.85666
-2.70336;-7.93298;0.187702;-2.54511;0.008;-2.41025;-7.86707;0.2612;-1.67679
-3.56573;-0.0367373;0.410463;0.446503;0.121;-3.49465;-0.103214;0.506929;-0.206571
1.14277;3.76602;0.197708;-2.24558;0.121;1.08214;4.48284;0.505508;-0.319238
3.83114;-5.11666;0.510538;1.91923;0.121;4.05192;-5.13441;0.490145;2.03058
0.714516;-0.638012;0.756578;1.19054;0.121;1.17711;-0.455799;0.38874;1.29114
0.617624;0.591486;0.562272;2.39181;0.121;1.40792;0.691617;0.276889;-2.92534
-12.6044;-7.74442;0.312186;-3.10109;0;-12.9847;-7.75351;0.36603;-1.8133
-5.00371;3.87312;0.272079;2.4414;0.303;-5.19961;4.5438;0.337082;-2.74852
-13.3066;-7.70705;0.205257;2.41641;0.006;-12.9847;-7.75351;0.36603;-1.8133
-9.25822;-5.89955;0.191315;-1.31011;0.006;-9.32356;-6.15514;0.346784;-2.37939
-3.63652;-2.05331;0.756567;2.43545;0.121;-3.69813;-2.0505;0.708049;2.13469
-6.11392;-10.6424;0.797974;2.0868;0.007;-5.80591;-10.7068;0.772093;-2.75403
-2.53886;-1.83661;0.845949;1.09904;0.121;-2.37829;-0.917642;0.84185;0.74191
-4.10471;-1.11823;0.806643;-0.89597;0.121;-4.27084;-0.726646;0.601035;2.21349
0.383432;-10.2813;0.701667;1.88159;0.011;0.427108;-10.2263;0.542346;-1.11926
2.49495;-0.860409;0.601097;1.58534;0.121;2.15929;-0.709069;0.807629;-0.807839
-4.2344;-9.23553;0.619232;0.32725;0.007;-4.41457;-9.25483;0.640657;1.701
-3.78867;-0.0190298;0.515686;-2.30396;0.121;-3.56573;-0.0367373;0.410463;0.446503
3.46237;-4.20571;0.316824;-2.38702;0.121;3.42009;-4.08709;0.209704;0.64751
4.42394;-0.161474;0.360049;2.10997;0.121;4.02907;-0.182775;0.426215;-0.32868
-3.15483;4.05529;0.587263;1.8895;0.296;-3.30475;3.98183;0.356919;1.7984
2.88498;-8.2064;0.600649;0.76614;0.117;2.89928;-8.11628;0.55166;-2.90591
-6.45148;-8.24692;0.163369;0.350351;0.007;-6.63387;-8.21248;0.231593;-1.72896
-9.22146;-6.1246;0.576412;-2.85427;0.006;-9.32356;-6.15514;0.346784;-2.37939
0.410502;-1.26104;0.553423;-0.879819;0.121;0.714516;-0.638012;0.756578;1.19054
0.285097;-3.16816;0.809425;-0.310379;0.121;0.347838;-2.93909;0.597484;1.15069
0.881575;-2.52716;0.608616;1.46891;0.121;0.741798;-2.60209;0.629888;-1.74978
2.05038;-6.09108;0.449673;-2.03589;0.121;1.8007;-5.90058;0.273875;2.61568
-7.78754;-9.05295;0.659486;0.0969602;0.007;-7.96857;-8.90945;0.441465;-0.189126
3.61559;-7.279;0.691624;-1.58009;0.275;3.60633;-7.34467;0.682529;-2.2294
1.83264;5.01962;0.422641;0.170339;0.121;2.07235;4.6208;0.484218;2.41752
-4.95088;4.09103;0.237491;-2.38064;0.303;-5.00371;3.87312;0.272079;2.4414
-13.136;-11.9694;0.575343;-1.30908;0;-13.1708;-12.0057;0.675047;-1.0614
4.14879;-4.36031;0.373445;0.641019;0.121;4.2399;-4.32827;0.240956;-1.02802
1.35655;-1.79439;0.241158;0.250286;0.121;1.41029;-2.06139;0.335459;-2.23125
-3.59496;-4.22607;0.544431;-1.32044;0.121;-3.72991;-3.92747;0.212324;1.04137
-4.14012;-8.37883;0.676794;-0.383152;0.007;-4.23318;-8.25622;0.41113;-1.79273
-1.82663;6.20301;0.236161;-2.54598;0.296;-2.2634;6.07587;0.405398;0.207548
-0.126482;-5.76222;0.667633;1.88759;0.121;-0.306108;-5.66053;0.370796;0.804017
-3.71281;0.352245;0.814155;3.09741;0.121;-3.78867;-0.0190298;0.515686;-2.30396
-5.01433;6.3454;0.698118;1.24538;0.386;-5.93669;6.06992;0.427273;0.125728
-1.42246;5.7973;0.53925;-1.05245;0.296;-1.51709;6.06992;0.840829;0.54024
0.629132;4.30273;0.74561;-1.35144;0.121;1.08214;4.48284;0.505508;-0.319238
3.85333;-4.253;0.70823;-0.706921;0.121;3.79123;-4.18542;0.665619;-0.249388
-5.5766;4.23637;0.807301;2.77957;0.296;-5.19961;4.5438;0.337082;-2.74852
-13.9536;-7.55807;0.438406;-1.06054;0.006;-14.0229;-7.70668;0.561226;2.95012
2.40156;0.557588;0.369084;-1.79092;0.121;1.5939;0.546221;0.544261;2.73808
2.32405;-0.0691164;0.306088;-0.783473;0.121;2.12612;-0.298755;0.596785;-2.73515
-12.7668;-6.2701;0.703841;-2.35853;0.006;-12.8889;-6.35852;0.611264;1.70781
0.356444;-9.43625;0.475292;-2.06519;0.011;0.273156;-9.52359;0.496204;-2.75135
-5.69527;5.41666;0.434822;0.2202;0.349;-6.04469;5.07729;0.372338;1.57702
-13.234;-6.49717;0.619185;-3.01337;0.007;-12.8889;-6.35852;0.611264;1.70781
-7.91772;-10.1675;0.47857;-2.35348;0.007;-7.96673;-10.1522;0.43404;-1.75884
-4.4263;3.84544;0.400057;2.58681;0.305;-5.00371;3.87312;0.272079;2.4414
-5.84352;-11.7302;0.314877;0.601072;0.007;-5.94406;-11.7644;0.319711;0.439298
-3.74706;-10.9479;0.63364;-1.95147;0.007;-3.68184;-10.9357;0.227437;2.86176
0.0160252;-11.8089;0.297596;-2.14113;0.011;-0.0274586;-11.9792;0.174643;1.83692
0.421941;1.37721;0.391367;-2.92134;0.121;0.300358;1.52228;0.658017;2.30123
-0.135876;-7.96377;0.50089;-2.14694;0.011;0.008059;-7.9463;0.421719;2.49383
-1.82457;-0.0392184;0.743513;-0.730265;0.121;-1.5758;-0.122052;0.700169;2.13221
-13.4214;-10.8537;0.636747;-2.17765;0;-13.7164;-10.8341;0.808745;-2.05016
0.164743;-11.3736;0.773899;0.939348;0.011;0.558324;-11.2283;0.493125;-1.67952
-1.58447;-4.56781;0.393152;3.04133;0.121;-1.58043;-4.3953;0.444092;1.28628
-4.41003;-11.7531;0.73802;0.709868;0.007;-4.42572;-11.775;0.580161;-1.06089
-2.3278;-1.67766;0.328001;2.36548;0.121;-2.53886;-1.83661;0.845949;1.09904
0.624386;6.49718;0.414392;-0.916075;0.296;0.669785;6.25052;0.630879;2.10405
0.30014;0.138107;0.686564;-1.30109;0.121;0.320609;-0.181786;0.244138;-0.874823
-10.0898;-8.352;0.248288;-1.49086;0;-10.1598;-8.48075;0.286603;1.98274
-11.5298;-7.95257;0.389534;-2.35811;0;-11.2602;-7.90935;0.480283;2.3625
2.41384;5.56945;0.33297;1.7361;0.222;2.26732;5.60116;0.513976;0.336031
-14.5148;-12.4834;0.412428;-0.699115;0;-13.8661;-12.384;0.470516;-0.791131
-5.96685;-6.39501;0.199344;-0.323026;0.007;-5.53305;-6.40871;0.398021;-2.35028
-0.206554;-11.6068;0.805884;2.6037;0.011;-0.29655;-11.541;0.624114;-0.362503
-0.159012;-9.7844;0.714116;0.0137353;0.011;-0.348152;-9.51929;0.576931;1.00304
2.51236;-1.95555;0.595704;-0.727026;0.121;1.88044;-1.2019;0.776523;1.7724
-13.6577;-9.85325;0.220027;2.98873;0;-13.6497;-10.1578;0.183721;0.941489
1.08103;-5.76797;0.642359;-2.62923;0.121;1.1199;-5.80955;0.335928;-0.811988
-4.59526;6.08889;0.828173;1.00157;0.414;-5.01433;6.3454;0.698118;1.24538
-12.2161;-12.4908;0.806514;2.32688;0.004;-12.465;-12.405;0.569074;2.511
-3.92392;-4.16791;0.587251;-1.78527;0.121;-3.59496;-4.22607;0.544431;-1.32044
-6.23822;-6.48922;0.648201;2.18089;0.006;-6.11705;-6.49613;0.707531;1.9274
3.88141;0.127331;0.796965;0.627804;0.121;4.02907;-0.182775;0.426215;-0.32868
3.75658;-4.98849;0.766175;0.482518;0.121;3.83114;-5.11666;0.510538;1.91923
1.27123;-0.538051;0.210179;-2.71634;0.121;1.17711;-0.455799;0.38874;1.29114
0.151121;-8.21082;0.74546;-2.1804;0.011;0.258923;-8.05868;0.825927;2.88374
-6.35282;-10.6653;0.606204;-1.14141;0.007;-6.11392;-10.6424;0.797974;2.0868
-12.6343;-12.2921;0.401353;0.554565;0.01;-12.631;-12.376;0.330799;-2.13289
-1.68077;-5.09658;0.241979;-2.2936;0.121;-1.78821;-5.19441;0.534075;2.45387
-1.23916;-1.83598;0.66688;-1.1137;0.121;-1.17829;-2.0471;0.599426;0.952827
-10.5797;-5.91958;0.730221;-1.19159;0.006;-10.8627;-6.09798;0.703286;-1.96204
-0.666444;-3.30143;0.664114;1.00933;0.121;-0.431937;-3.42226;0.179498;-1.23899
-4.24573;-8.47831;0.35635;-0.42351;0.007;-4.15175;-8.65772;0.279161;-0.653724
-1.63849;0.887399;0.556985;-1.03119;0.121;-1.8899;1.23445;0.465813;-0.485801
-4.50773;-9.12065;0.571286;-2.17242;0.007;-4.41457;-9.25483;0.640657;1.701
-0.609457;0.0670067;0.354816;-1.87885;0.121;-0.306289;0.155104;0.359516;1.48667
0.578903;3.66183;0.332465;-0.432031;0.121;0.338932;3.81504;0.464451;-0.548183
-3.40467;-7.79868;0.393645;2.23256;0.007;-3.36802;-7.90469;0.499935;0.308407
4.62149;-7.48749;0.541958;-1.4146;0.389;4.40171;-7.66624;0.337196;1.24102
0.224705;-1.0621;0.789749;1.403;0.121;0.410502;-1.26104;0.553423;-0.879819
0.354922;-12.5217;0.839455;0.339865;0.011;0.194776;-12.4271;0.486547;1.23215
2.13856;-1.89475;0.18597;-1.20365;0.121;2.51236;-1.95555;0.595704;-0.727026
-9.7237;-8.41971;0.715698;1.80662;0;-9.96623;-8.59332;0.546692;1.0042
-13.6981;-5.66764;0.409498;-0.754905;0.006;-13.4891;-5.69126;0.184922;-0.520027
-0.16281;-1.03304;0.202375;-0.781445;0.121;-0.745823;-1.26064;0.237804;2.29641
0.47585;-12.5251;0.518295;0.80657;0.011;0.194776;-12.4271;0.486547;1.23215
-1.85394;-2.11008;0.782386;0.131089;0.121;-1.64071;-1.76925;0.537438;2.70762
0.352911;2.47836;0.415228;2.29806;0.121;0.703479;2.40209;0.624723;0.719835
3.98245;-6.22626;0.447056;-0.754935;0.121;4.24492;-5.97007;0.633422;-1.70759
-12.4906;-11.7612;0.163487;-2.18712;0.004;-12.4746;-11.847;0.360732;-1.90062
-0.312644;5.60546;0.818901;-0.980801;0.296;-0.67987;5.73781;0.826173;3.06059
0.958189;3.7237;0.651913;2.26848;0.121;1.14277;3.76602;0.197708;-2.24558
2.04167;5.48969;0.223528;-1.57175;0.121;2.26732;5.60116;0.513976;0.336031
-6.49402;-9.5606;0.667358;-1.57549;0.007;-6.46891;-9.59327;0.712458;2.0439
3.10654;-8.33505;0.651253;-1.39124;0.297;2.88498;-8.2064;0.600649;0.76614
-1.52768;6.29877;0.662889;-0.288062;0.296;-1.51709;6.06992;0.840829;0.54024
-0.463529;-2.13435;0.323111;-2.49989;0.121;-0.245185;-2.49658;0.508517;-2.18018
2.45897;-1.91968;0.648972;2.35726;0.121;2.51236;-1.95555;0.595704;-0.727026
-6.38745;-6.96755;0.848471;2.54397;0.009;-6.50928;-7.14993;0.80817;-2.58479
4.49118;-3.6692;0.678465;2.55941;0.121;4.13503;-3.75217;0.575249;2.83712
-9.36223;-12.4746;0.803883;1.11167;0.01;-9.4837;-12.3478;0.403365;-2.87436
-3.88212;6.70152;0.487413;-1.29803;0.418;-4.59526;6.08889;0.828173;1.00157
-6.09752;-10.2418;0.221614;2.36965;0.007;-6.07367;-10.4183;0.370116;0.822405
-9.87726;-9.54247;0.183585;1.85993;0;-10.106;-9.71519;0.514952;-2.93898
0.732227;-1.47404;0.725747;-2.76122;0.121;0.410502;-1.26104;0.553423;-0.879819
-6.50267;-7.21227;0.495941;2.37603;0.01;-6.43307;-7.47718;0.404618;3.027
-12.7778;-6.27943;0.810531;2.78319;0.012;-12.7668;-6.2701;0.703841;-2.35853
3.60951;-6.02702;0.388702;-0.205093;0.121;3.5829;-6.28466;0.72016;3.13968
-4.22688;-4.01471;0.475193;-0.713527;0.121;-3.92392;-4.16791;0.587251;-1.78527
-5.92745;-9.81595;0.410548;-1.52707;0.007;-6.2422;-9.61886;0.656678;-2.33052
4.65005;-5.41493;0.54438;-0.844006;0.121;4.44715;-5.21299;0.252361;0.418464
-1.5133;-11.755;0.760274;-0.204944;0.011;-1.45389;-12.0115;0.808452;-2.22198
-0.709625;0.901216;0.766675;-0.427157;0.121;-0.4495;0.999535;0.811102;-1.83459
-6.15438;-11.0108;0.364797;-0.00695496;0.007;-5.90919;-11.3482;0.53452;-2.63593
-3.52803;-8.85446;0.722818;-0.797797;0.007;-3.8246;-8.61797;0.614169;2.88788
-2.42877;-4.64801;0.212214;0.231439;0.121;-2.33759;-4.7428;0.651941;-0.277643
-3.26688;-0.297088;0.68148;-1.57305;0.121;-3.49465;-0.103214;0.506929;-0.206571
1.82016;1.49597;0.78179;1.75715;0.121;2.17274;1.5372;0.470543;2.87857
-7.61554;-6.06327;0.390964;2.03891;0.006;-7.90036;-6.17613;0.359122;-2.47386
-3.9872;-1.31394;0.666178;1.49695;0.121;-4.10471;-1.11823;0.806643;-0.89597
-4.35024;-3.90586;0.649709;3.1051;0.121;-4.22688;-4.01471;0.475193;-0.713527
2.44227;-0.073071;0.165424;-2.87965;0.121;2.32405;-0.0691164;0.306088;-0.783473
-4.04383;-3.89265;0.269862;-1.88457;0.121;-4.22688;-4.01471;0.475193;-0.713527
-14.505;-12.4984;0.474447;-2.35521;0;-14.5148;-12.4834;0.412428;-0.699115
0.748568;1.45544;0.841566;-2.41084;0.121;1.09165;1.4139;0.802271;-2.37885
1.79174;-1.51242;0.298031;-0.420538;0.121;1.35655;-1.79439;0.241158;0.250286
3.7375;-5.13914;0.834828;-0.496851;0.121;3.75658;-4.98849;0.766175;0.482518
1.68406;0.791386;0.750212;1.67793;0.121;1.60237;0.975966;0.572232;-1.82705
-1.23721;-12.4743;0.571613;1.73797;0.015;-1.27832;-12.1625;0.569629;1.22894
-2.00071;0.362681;0.534224;2.52629;0.121;-2.00999;0.447726;0.766726;1.92192
-0.192114;-10.0136;0.285345;-2.1335;0.011;0.0598461;-10.038;0.246297;-2.33552
0.0261918;0.547837;0.682728;-1.69284;0.121;-0.264453;0.305456;0.511497;-1.88173
-8.18365;-9.31939;0.710701;-3.02119;0.007;-8.44917;-9.46198;0.832776;2.50251
3.47163;-0.986558;0.518801;-1.74043;0.121;3.08514;-0.512558;0.410887;-1.9697
-13.4122;-12.1681;0.454363;-1.44331;0;-13.2026;-12.3187;0.376119;2.09308
-5.62611;-6.38193;0.498069;-2.18321;0.008;-5.53305;-6.40871;0.398021;-2.35028
-0.665532;-4.02525;0.437958;1.58909;0.121;-0.431937;-3.42226;0.179498;-1.23899
0.21694;-3.09192;0.486597;-0.86612;0.121;0.347838;-2.93909;0.597484;1.15069
2.02507;2.30297;0.712831;3.05761;0.121;2.17274;1.5372;0.470543;2.87857
-4.14748;-5.13513;0.466873;2.28981;0.121;-3.92392;-4.16791;0.587251;-1.78527
-0.629235;-12.27;0.343515;-2.74856;0.011;-0.331245;-12.0702;0.415729;1.85628
-4.33067;-4.19174;0.746334;3.05008;0.121;-4.35024;-3.90586;0.649709;3.1051
-4.02901;-11.4595;0.60136;2.13547;0.007;-3.7929;-11.4739;0.448603;-3.08052
-11.1109;-5.77751;0.286548;2.1528;0.006;-11.2554;-5.86056;0.359214;2.64288
-1.97633;-3.85849;0.445159;0.818984;0.121;-2.10655;-3.86902;0.392244;0.0566097
-0.151777;-8.72131;0.798561;2.36945;0.011;-0.325892;-8.29883;0.711346;-1.42628
-3.42059;0.447619;0.701162;0.23568;0.121;-3.71281;0.352245;0.814155;3.09741
-9.97892;-8.65147;0.307663;2.07683;0;-9.87157;-8.69989;0.15155;1.02162
-2.32233;2.01785;0.369391;-2.66093;0.121;-1.92413;2.38384;0.449275;-1.05119
-11.9787;-9.96126;0.391935;-3.06373;0;-11.7492;-9.95615;0.402562;-0.357026
-3.83024;-9.26064;0.606927;-1.85774;0.007;-3.72604;-9.42891;0.513483;-1.79847
-6.13614;-6.50963;0.301347;2.97547;0.007;-5.96685;-6.39501;0.199344;-0.323026
-0.437076;2.82497;0.449693;-0.233698;0.121;-0.481191;2.41791;0.759284;-1.52174
-1.09823;-0.42561;0.766021;-3.06836;0.121;-1.49664;-0.241277;0.661028;0.856306
-0.717864;0.114173;0.28683;0.482098;0.121;-0.609457;0.0670067;0.354816;-1.87885
-4.2778;-0.964421;0.614613;0.928206;0.121;-4.27084;-0.726646;0.601035;2.21349
-1.87526;-10.256;0.445981;0.614784;0.011;-1.97778;-10.2172;0.506823;-0.0789993
4.52235;-4.32657;0.831561;2.76162;0.121;4.33618;-4.65145;0.845322;-2.07413
-4.53374;-8.07237;0.201022;2.99674;0.007;-4.46144;-8.36752;0.160743;2.88399
-14.3701;-7.22898;0.44709;-2.3903;0.006;-14.5146;-7.27676;0.365345;-0.188425
-10.1954;-9.12206;0.818138;-0.32564;0;-10.0459;-8.8945;0.815003;-0.203251
-3.24656;0.295278;0.68892;-2.68084;0.121;-3.18952;0.0957486;0.769176;1.74393
-1.90789;5.41389;0.400059;2.82823;0.296;-1.42246;5.7973;0.53925;-1.05245
1.00885;3.61476;0.822863;-0.88831;0.121;0.958189;3.7237;0.651913;2.26848
-13.4674;-10.4572;0.155398;1.8969;0;-13.3736;-10.5428;0.303505;0.633741
-4.2669;-5.49082;0.533328;-0.626578;0.121;-4.14748;-5.13513;0.466873;2.28981
-10.6022;-10.2291;0.727159;1.39538;0;-10.2056;-10.0401;0.624834;-0.725422
2.29391;0.697894;0.343473;0.82785;0.121;2.40156;0.557588;0.369084;-1.79092
-6.51258;-12.1931;0.508497;0.631794;0.007;-6.35263;-12.2913;0.464072;2.51813
1.87972;4.69974;0.74806;-2.45325;0.121;2.07235;4.6208;0.484218;2.41752
-4.37178;-1.15946;0.733209;0.826058;0.121;-4.2778;-0.964421;0.614613;0.928206
0.706258;-5.97464;0.384526;-1.35627;0.121;0.670004;-5.68712;0.586428;3.00432
-4.23309;-10.4817;0.2295;-0.771954;0.007;-4.40003;-10.2777;0.171699;-2.14725
-7.53663;-8.14042;0.728037;2.83112;0.007;-7.76397;-7.9705;0.76356;0.541165
-13.7396;-8.3132;0.25446;0.511938;0;-13.4615;-8.06947;0.538259;-0.269884
-1.90184;-7.78043;0.176943;0.839003;0.008;-1.73336;-7.69086;0.251354;-1.09017
3.84604;-1.50354;0.360677;-0.963808;0.121;3.47163;-0.986558;0.518801;-1.74043
3.82333;-5.27857;0.730062;-0.428864;0.121;3.7375;-5.13914;0.834828;-0.496851
1.65707;0.0325609;0.376825;2.45418;0.121;1.30263;-0.102776;0.581147;-3.05694
2.78552;0.499587;0.540616;-2.5227;0.121;2.40156;0.557588;0.369084;-1.79092
0.459485;1.4653;0.570348;2.31435;0.121;0.300358;1.52228;0.658017;2.30123
2.92762;-0.0313104;0.405952;-0.295912;0.121;3.10857;-0.0874778;0.717291;0.210642
-2.02004;1.54555;0.183359;-0.293166;0.121;-1.8899;1.23445;0.465813;-0.485801
-2.08157;-9.97869;0.485178;0.687713;0.011;-1.92132;-9.90009;0.494039;-2.81038
-4.65409;-11.2274;0.690777;-1.40042;0.007;-4.30817;-11.0842;0.59615;-0.863432
-8.38346;-8.33801;0.76988;1.30443;0.007;-8.3778;-8.04919;0.680479;-2.7532
-3.74518;-4.39226;0.427557;-0.534628;0.121;-3.59496;-4.22607;0.544431;-1.32044
4.06959;-7.0598;0.388944;1.68221;0.117;3.87889;-7.44844;0.324257;2.4771
-1.6023;-12.1932;0.41462;-0.933481;0.013;-1.80626;-12.3362;0.559975;0.647966
-5.26309;-4.30349;0.75676;1.56599;0.121;-4.33067;-4.19174;0.746334;3.05008
2.95161;-8.06322;0.631786;0.967798;0.117;2.89928;-8.11628;0.55166;-2.90591
-11.8578;-7.43865;0.796486;0.0334351;0;-11.7085;-7.5416;0.697372;-0.172006
-3.73486;4.08304;0.325287;0.198444;0.296;-3.30475;3.98183;0.356919;1.7984
-2.02136;-8.07615;0.482008;1.67327;0.009;-2.24177;-8.107;0.281127;0.630008
-4.42431;-7.6507;0.192582;-1.28967;0.007;-4.53374;-8.07237;0.201022;2.99674
-6.15299;-3.85398;0.679215;0.115718;0.121;-5.26309;-4.30349;0.75676;1.56599
-1.50234;1.96423;0.55759;-0.371339;0.121;-1.25601;1.80482;0.658188;-1.14921
-4.2642;-3.58026;0.684027;-1.05385;0.121;-4.35024;-3.90586;0.649709;3.1051
0.691807;0.997599;0.488831;-0.722048;0.121;0.617624;0.591486;0.562272;2.39181
-14.4588;-7.76111;0.392813;-1.22728;0.006;-14.2565;-7.49603;0.413041;2.68904
4.71563;-1.45107;0.46881;1.70753;0.121;3.84604;-1.50354;0.360677;-0.963808
-14.1529;-6.53032;0.494669;-1.38151;0.006;-14.208;-6.62942;0.521858;0.267674
1.44442;-0.143417;0.413328;1.97939;0.121;1.30263;-0.102776;0.581147;-3.05694
-9.59987;-10.0793;0.742261;-2.87248;0;-9.7967;-10.2124;0.226051;0.36417
2.6774;-0.550402;0.264587;2.57794;0.121;3.08514;-0.512558;0.410887;-1.9697
5.67463;-1.69261;0.320575;-0.509568;0.121;4.71563;-1.45107;0.46881;1.70753
0.444528;-2.65733;0.322692;1.79608;0.121;0.347838;-2.93909;0.597484;1.15069
1.36493;-6.36944;0.781923;-2.41569;0.121;1.28646;-6.39981;0.610744;2.31144
-13.5468;-5.77598;0.587012;-2.1945;0.006;-13.6981;-5.66764;0.409498;-0.754905
6.42872;-1.03972;0.391881;-1.95138;0.181;5.67463;-1.69261;0.320575;-0.509568
-6.28116;5.18839;0.763468;-1.56066;0.296;-6.04469;5.07729;0.372338;1.57702
-6.57123;-12.2823;0.832391;-3.00842;0.007;-6.51258;-12.1931;0.508497;0.631794
-1.46649;-11.7532;0.255059;1.00447;0.013;-1.29237;-11.7378;0.566031;-1.67849
-1.90908;-10.9792;0.316915;0.5359;0.012;-2.1768;-10.8415;0.291937;-1.98469
1.8234;0.648583;0.34875;1.13068;0.121;1.5939;0.546221;0.544261;2.73808
-9.84887;-7.7415;0.36728;-1.64185;0;-9.88846;-7.82003;0.38268;1.95535
-0.452392;-9.43069;0.308633;0.85497;0.011;-0.348152;-9.51929;0.576931;1.00304
-1.02899;-1.91452;0.831152;-2.2219;0.121;-1.23916;-1.83598;0.66688;-1.1137
-4.50816;-3.51319;0.271793;0.73123;0.121;-4.2642;-3.58026;0.684027;-1.05385
-0.390332;-11.9838;0.740695;-1.98083;0.011;-0.331245;-12.0702;0.415729;1.85628
-5.69787;5.66008;0.38448;-2.51641;0.349;-5.69527;5.41666;0.434822;0.2202
6.51181;-1.12968;0.247284;-2.05288;0.251;6.42872;-1.03972;0.391881;-1.95138
-1.62167;-11.7084;0.279482;0.406956;0.013;-1.46649;-11.7532;0.255059;1.00447
-2.11159;-4.14915;0.58404;-1.18075;0.121;-2.18063;-4.09121;0.363751;-0.889904
1.84217;-3.93892;0.168011;0.453339;0.121;1.85502;-3.90625;0.35626;-0.163846
-2.15111;-0.746654;0.475262;-1.32442;0.121;-2.37829;-0.917642;0.84185;0.74191
-13.002;-9.64841;0.620912;-0.207272;0;-12.9427;-9.74614;0.796406;0.639773
-5.995;-8.16188;0.792272;2.14125;0.007;-6.09216;-7.8494;0.562923;-2.81366
3.9403;-8.33857;0.458493;2.08697;0.473;3.88422;-8.3204;0.231306;-2.08268
2.13914;4.97784;0.343745;1.45486;0.16;1.83264;5.01962;0.422641;0.170339
-0.884271;-11.7282;0.505711;-1.95868;0.011;-1.05108;-11.8292;0.558891;0.767716
-3.76281;-4.58136;0.539457;-2.68578;0.121;-3.74518;-4.39226;0.427557;-0.534628
-5.29593;4.51705;0.207718;-0.434395;0.296;-5.19961;4.5438;0.337082;-2.74852
4.59268;-5.79224;0.50442;-0.0479602;0.121;4.53433;-5.88051;0.727565;2.35204
-5.69757;4.33137;0.735971;-2.2956;0.296;-5.5766;4.23637;0.807301;2.77957
-6.73879;-10.7497;0.622708;1.85946;0.009;-6.68739;-10.9534;0.353494;1.70231
4.03185;-1.46591;0.391269;-0.18195;0.145;3.84604;-1.50354;0.360677;-0.963808
-8.23724;-9.07154;0.516891;-1.99021;0.007;-8.40121;-9.31551;0.396427;-1.57225
2.23537;-2.14746;0.821217;2.57929;0.121;2.45897;-1.91968;0.648972;2.35726
0.633996;6.01251;0.702225;1.05095;0.296;0.669785;6.25052;0.630879;2.10405
-11.1173;-8.01789;0.437637;-1.0936;0;-11.166;-8.07436;0.578713;0.651172
-4.85445;3.66535;0.725924;1.55436;0.319;-5.00371;3.87312;0.272079;2.4414
4.92523;-1.75084;0.342725;-2.26956;0.121;4.71563;-1.45107;0.46881;1.70753
-11.3995;-8.42454;0.25106;1.49927;0;-11.586;-8.30622;0.227295;1.88155
-2.38349;-5.66587;0.211817;-2.97746;0.121;-2.0642;-5.86078;0.238057;0.707967
-7.1796;-6.35083;0.271922;2.87879;0.006;-7.12784;-6.49472;0.628496;0.0634859
1.60251;-4.1735;0.389383;-1.2976;0.121;1.62637;-4.04861;0.298933;-2.02449
-8.82116;-11.7646;0.212437;1.25438;0.01;-8.8506;-11.9722;0.311483;1.55797
-2.38022;-12.5488;0.564241;1.37965;0.013;-2.32345;-12.4435;0.303306;-1.27676
-8.96951;-6.02319;0.316058;-0.772309;0.006;-9.25822;-5.89955;0.191315;-1.31011
-3.33692;4.30013;0.783988;-0.844488;0.296;-3.15483;4.05529;0.587263;1.8895
-14.5789;-12.417;0.25832;-2.07081;0;-14.5148;-12.4834;0.412428;-0.699115
6.6089;-0.0631914;0.50989;-0.744162;0.181;6.42872;-1.03972;0.391881;-1.95138
-3.98242;-5.66939;0.757828;1.62427;0.121;-4.2669;-5.49082;0.533328;-0.626578
-1.35785;-4.07572;0.344795;-1.94605;0.121;-1.58043;-4.3953;0.444092;1.28628
4.224;-5.80554;0.360703;0.0263219;0.121;4.10689;-5.54497;0.464387;-1.39184
-2.06433;-6.20547;0.796872;-0.395799;0.121;-1.91977;-6.34116;0.72591;1.31321
5.81494;0.543874;0.543013;1.38734;0.188;6.6089;-0.0631914;0.50989;-0.744162
-1.73883;-9.05326;0.28613;0.527024;0.011;-1.83358;-8.92177;0.386239;-0.691554
-9.81952;-9.47827;0.72899;1.22145;0;-10.106;-9.71519;0.514952;-2.93898
-3.5958;-4.19577;0.292087;1.88965;0.121;-3.59496;-4.22607;0.544431;-1.32044
4.10202;-4.15409;0.848007;-0.0559015;0.121;3.85333;-4.253;0.70823;-0.706921
1.95962;0.303019;0.218327;2.71829;0.121;1.8234;0.648583;0.34875;1.13068
-3.70535;-11.5712;0.274601;-1.30122;0.007;-3.7929;-11.4739;0.448603;-3.08052
2.34187;-0.381873;0.182056;0.273764;0.121;2.44227;-0.073071;0.165424;-2.87965
-2.06497;4.49818;0.687676;-1.71127;0.296;-2.32923;4.17675;0.45877;1.82404
6.38248;1.36708;0.527688;2.4777;0.306;5.81494;0.543874;0.543013;1.38734
2.62155;4.30181;0.805387;-2.15364;0.121;2.36128;4.19001;0.529712;-3.08525
-7.23124;-8.19306;0.510697;0.0866962;0.007;-7.53663;-8.14042;0.728037;2.83112
-12.1279;-9.78761;0.192698;2.56828;0;-11.9787;-9.96126;0.391935;-3.06373
0.269585;0.266582;0.45516;-1.84857;0.121;0.30014;0.138107;0.686564;-1.30109
-3.67485;-3.5628;0.31328;1.54606;0.121;-3.72991;-3.92747;0.212324;1.04137
-2.18977;-1.29918;0.768477;1.19077;0.121;-2.37829;-0.917642;0.84185;0.74191
-4.26997;-2.45043;0.487122;2.95093;0.121;-4.65055;-2.07625;0.429998;1.78403
-0.237198;-11.7652;0.8337;2.70244;0.011;-0.206554;-11.6068;0.805884;2.6037
-7.16599;-9.99169;0.550499;1.74388;0.008;-7.33947;-9.8013;0.700748;-3.11317
1.70198;5.6347;0.22469;1.28925;0.121;2.04167;5.48969;0.223528;-1.57175
-8.28257;-8.87265;0.216024;2.63441;0.007;-8.03675;-8.85124;0.354955;-2.8012
3.11934;-4.66736;0.825592;1.21399;0.121;3.75658;-4.98849;0.766175;0.482518
5.7936;2.16709;0.64263;-2.15156;0.397;6.38248;1.36708;0.527688;2.4777
-3.79908;6.29929;0.362029;-1.39969;0.418;-3.88212;6.70152;0.487413;-1.29803
-13.6182;-10.4773;0.778144;-1.64462;0;-13.8942;-10.4458;0.769872;-0.709082
-0.200507;-11.7872;0.576064;-0.358236;0.011;-0.296033;-11.6525;0.560362;1.54013
-3.00688;-8.11931;0.497556;2.12769;0.008;-3.07119;-8.26677;0.297417;-1.35766
3.9841;-0.110255;0.556653;-0.175216;0.121;4.02907;-0.182775;0.426215;-0.32868
0.506458;5.97558;0.691379;-2.24099;0.296;0.633996;6.01251;0.702225;1.05095
-4.67149;3.53275;0.507048;1.18698;0.336;-4.85445;3.66535;0.725924;1.55436
-12.1665;-7.50226;0.516222;-1.83602;0;-12.2147;-7.53508;0.42451;2.76269
-6.67365;-4.17205;0.763686;1.52236;0.121;-6.15299;-3.85398;0.679215;0.115718
-2.26261;4.30715;0.591676;-3.00312;0.296;-2.32923;4.17675;0.45877;1.82404
6.41434;-2.34855;0.458513;1.76465;0.162;5.67463;-1.69261;0.320575;-0.509568
-4.21111;1.69209;0.704281;1.80039;0.121;-4.13827;1.64323;0.365555;1.17921
0.265641;-11.3302;0.171257;-0.97842;0.011;0.599367;-11.068;0.160688;2.40857
-14.0077;-6.49504;0.551105;2.34433;0.009;-14.1529;-6.53032;0.494669;-1.38151
1.60871;6.41628;0.424919;2.67338;0.121;1.65422;6.39109;0.525413;-1.64825
-1.40723;-12.2571;0.164615;1.20936;0.015;-1.6023;-12.1932;0.41462;-0.933481
-10.6791;-9.71233;0.544876;1.00649;0;-10.8533;-9.80145;0.508594;-2.39718
1.73547;6.47532;0.314891;-0.843609;0.121;1.60871;6.41628;0.424919;2.67338
-2.03615;2.24815;0.196486;-1.07971;0.121;-1.92413;2.38384;0.449275;-1.05119
-11.2346;-10.3085;0.751328;-2.38669;0;-11.5364;-10.5239;0.615536;0.0188898
4.35847;-6.14122;0.7584;-2.58784;0.121;4.24492;-5.97007;0.633422;-1.70759
0.101395;-2.35334;0.627447;-1.15335;0.121;-0.245185;-2.49658;0.508517;-2.18018
-7.37881;-8.34462;0.448888;-0.871338;0.007;-7.23124;-8.19306;0.510697;0.0866962
-9.63838;-8.27027;0.790342;-2.58162;0;-9.7237;-8.41971;0.715698;1.80662
0.411213;-2.23923;0.155271;-1.56296;0.121;0.444528;-2.65733;0.322692;1.79608
-2.20739;-6.05292;0.741957;0.203529;0.121;-2.06433;-6.20547;0.796872;-0.395799
0.15623;2.60561;0.412364;-3.00355;0.121;0.352911;2.47836;0.415228;2.29806
-11.3533;-5.99952;0.646392;0.240894;0.006;-11.1828;-6.0147;0.713953;-2.95365
1.48917;4.13983;0.367282;-0.686375;0.121;1.77311;4.33249;0.671323;2.13713
-13.8595;-11.1866;0.342862;-2.62651;0;-13.8213;-11.0438;0.530044;-0.130798
-1.06418;-5.93108;0.686782;0.229164;0.121;-1.07017;-5.85987;0.418607;0.885106
-6.82916;-9.90798;0.563944;-1.69439;0.008;-7.16599;-9.99169;0.550499;1.74388
-12.404;-5.72827;0.344593;0.297114;0.012;-12.3216;-5.69887;0.423635;2.32222
-5.64089;-7.42058;0.365133;-2.50625;0.008;-5.81334;-7.83593;0.336132;-0.479867
3.88875;-6.45438;0.692578;-0.179075;0.121;4.06419;-6.62602;0.684183;2.17747
-4.67289;-11.9303;0.609454;-0.579409;0.007;-4.82749;-12.1508;0.637504;-2.87212
-10.1695;-5.91018;0.173234;-0.641271;0.006;-10.22;-5.57661;0.22411;-2.69298
-3.98695;-4.71061;0.304524;1.01484;0.121;-3.76281;-4.58136;0.539457;-2.68578
-3.92998;-10.2045;0.402512;-2.03644;0.007;-3.74288;-10.3245;0.2748;-1.96192
-5.24256;4.28944;0.553372;-2.57226;0.296;-5.19961;4.5438;0.337082;-2.74852
4.79671;2.21067;0.708306;1.40202;1.581;5.7936;2.16709;0.64263;-2.15156
