4.20002;3.32333;0.485201;2.47621;0.065;5.11346;3.73;0.46921;2.68962
3.99155;2.34532;0.47872;-1.31565;0.065;4.20002;3.32333;0.485201;2.47621
7.93745;3.14515;0.386498;-1.72484;0.065;7.72238;2.88089;0.60283;2.03526
10.3987;4.07026;0.631595;1.51226;0.026;10.3568;4.39517;0.515448;-3.11263
3.72708;2.72324;0.184413;0.571232;0.076;3.99155;2.34532;0.47872;-1.31565
9.77761;1.56604;0.64413;-0.0742661;0.026;10.4076;1.81346;0.486278;-2.73352
12.5716;5.78347;0.780293;-1.59991;0;13.0653;5.81142;0.492983;2.62883
4.84273;1.83932;0.618175;1.20948;0.065;3.99155;2.34532;0.47872;-1.31565
12.1355;2.8709;0.469132;-0.542886;0.026;12.0911;2.72402;0.676715;-2.55392
10.4067;3.72665;0.460956;-1.62362;0.026;10.3987;4.07026;0.631595;1.51226
13.6303;5.27418;0.447007;-0.964032;0;13.803;5.16358;0.683102;2.12588
7.92844;1.71759;0.617314;0.173694;0.026;8.61982;2.43979;0.597061;-0.279268
14.5402;5.7978;0.450085;1.99151;0.133;13.803;5.16358;0.683102;2.12588
14.6554;5.56707;0.426375;0.372124;0.133;14.5402;5.7978;0.450085;1.99151
5.8232;1.73462;0.784688;-0.305428;0.065;4.84273;1.83932;0.618175;1.20948
5.69831;0.744285;0.72435;1.89565;0.065;5.8232;1.73462;0.784688;-0.305428
5.81423;-0.248931;0.733541;2.94617;0.065;5.69831;0.744285;0.72435;1.89565
5.5747;-1.21911;0.696417;-0.856314;0.141;5.81423;-0.248931;0.733541;2.94617
6.30135;-1.90609;0.701563;-2.70206;0.141;5.5747;-1.21911;0.696417;-0.856314
13.9631;4.17719;0.645858;1.37899;0;13.803;5.16358;0.683102;2.12588
4.77973;-1.82417;0.652449;-3.06298;0.141;5.5747;-1.21911;0.696417;-0.856314
3.77984;-1.83433;0.662448;-1.07986;0.141;4.77973;-1.82417;0.652449;-3.06298
13.8219;5.30659;0.371449;1.48508;0.09;13.6303;5.27418;0.447007;-0.964032
10.9131;4.0243;0.660776;-1.4137;0.026;11.0556;3.68557;0.424838;-0.209761
11.9914;2.35852;0.751145;0.0426428;0.026;12.0911;2.72402;0.676715;-2.55392
6.06781;-1.01854;0.199713;-0.569827;0.141;5.5747;-1.21911;0.696417;-0.856314
4.45078;3.43244;0.630596;1.0283;0.167;4.20002;3.32333;0.485201;2.47621
8.24743;4.08096;0.554345;0.692347;0.065;7.93745;3.14515;0.386498;-1.72484
9.92376;5.77609;0.176937;-0.455428;0;9.94734;5.72346;0.813719;-0.625041
6.21418;1.69788;0.366998;-1.37087;0.065;5.8232;1.73462;0.784688;-0.305428
10.7493;2.06349;0.609048;0.202255;0.026;10.4076;1.81346;0.486278;-2.73352
5.5453;-2.19584;0.618236;1.2445;0.141;6.30135;-1.90609;0.701563;-2.70206
4.42648;1.83434;0.740175;3.11841;0.065;4.84273;1.83932;0.618175;1.20948
3.61969;-1.42927;0.662292;-2.67846;0.141;3.77984;-1.83433;0.662448;-1.07986
8.2577;3.04245;0.447791;2.32413;0.068;7.93745;3.14515;0.386498;-1.72484
5.15251;-1.68385;0.287101;-1.54308;0.141;4.77973;-1.82417;0.652449;-3.06298
12.0998;6.14471;0.303697;2.16901;0.162;12.3021;6.45762;0.490989;2.80201
9.62175;4.32567;0.343394;1.83822;0.026;9.74123;4.76187;0.632416;2.04497
11.3984;4.05773;0.601497;-2.18484;0.026;10.9131;4.0243;0.660776;-1.4137
7.97893;4.19514;0.681838;-0.00406415;0.065;8.24743;4.08096;0.554345;0.692347
10.126;1.89163;0.658587;2.00437;0.026;10.4076;1.81346;0.486278;-2.73352
10.1572;6.52592;0.233836;-2.75952;0;10.3121;6.55046;0.431001;2.96194
6.25233;0.77006;0.296006;-1.10811;0.065;5.69831;0.744285;0.72435;1.89565
10.2546;2.07454;0.848548;2.16597;0.026;10.126;1.89163;0.658587;2.00437
7.20395;4.1683;0.29968;-2.80068;0.084;7.0577;3.61806;0.481261;0.530565
12.213;3.63924;0.261915;-1.3427;0.026;11.8824;3.50784;0.734759;1.31489
12.046;4.17741;0.302821;-3.04342;0.026;12.213;3.63924;0.261915;-1.3427
10.766;5.25797;0.342724;-1.41448;0.026;10.3568;4.39517;0.515448;-3.11263
13.9619;3.205;0.411688;2.41113;0;13.9631;4.17719;0.645858;1.37899
5.56376;4.27679;0.330228;2.35012;0.25;5.41057;4.29279;0.483905;1.21976
14.1316;2.22021;0.374304;-2.22599;0;13.9619;3.205;0.411688;2.41113
14.0504;1.22351;0.373494;-0.18769;0;14.1316;2.22021;0.374304;-2.22599
13.8189;5.23818;0.336757;2.31839;0.09;13.8219;5.30659;0.371449;1.48508
6.49382;-2.40112;0.314164;1.29255;0.141;6.30135;-1.90609;0.701563;-2.70206
13.7688;0.268649;0.468241;-0.0163013;0;14.0504;1.22351;0.373494;-0.18769
5.406;2.32182;0.767312;0.308296;0.065;5.8232;1.73462;0.784688;-0.305428
3.41811;-0.529495;0.275284;0.799906;0.141;3.61969;-1.42927;0.662292;-2.67846
2.42307;-0.622461;0.310573;0.572519;0.141;3.41811;-0.529495;0.275284;0.799906
1.42924;-0.511646;0.315329;-2.02514;0.141;2.42307;-0.622461;0.310573;0.572519
0.670488;0.139686;0.307107;0.784853;0.141;1.42924;-0.511646;0.315329;-2.02514
-0.0080249;-0.594531;0.330453;-0.684589;0.141;0.670488;0.139686;0.307107;0.784853
-0.890153;-0.123581;0.322923;1.25012;0.141;-0.0080249;-0.594531;0.330453;-0.684589
-1.6102;0.570347;0.322137;-2.15027;0.141;-0.890153;-0.123581;0.322923;1.25012
-2.2115;1.36937;0.319611;-1.98109;0.141;-1.6102;0.570347;0.322137;-2.15027
-2.39241;-0.052493;0.307633;-2.5262;0.141;-1.6102;0.570347;0.322137;-2.15027
1.5627;-1.49563;0.433524;-2.42036;0.141;1.42924;-0.511646;0.315329;-2.02514
-3.30164;-0.468356;0.326458;1.48837;0.141;-2.39241;-0.052493;0.307633;-2.5262
-4.11827;-1.04445;0.361512;3.1187;0.141;-3.30164;-0.468356;0.326458;1.48837
0.917879;1.10775;0.347678;-0.885313;0.141;0.670488;0.139686;0.307107;0.784853
6.0254;3.99569;0.296941;2.60354;0.065;6.09858;3.90105;0.485354;-1.12238
-4.54543;-1.9486;0.368514;1.30262;0.141;-4.11827;-1.04445;0.361512;3.1187
-2.08242;1.83817;0.679994;-3.02734;0.141;-2.2115;1.36937;0.319611;-1.98109
-1.3295;-0.695658;0.304376;2.0647;0.141;-0.890153;-0.123581;0.322923;1.25012
-4.29675;-2.91687;0.393362;-1.69953;0.141;-4.54543;-1.9486;0.368514;1.30262
1.09656;-2.37801;0.497554;-1.3705;0.141;1.5627;-1.49563;0.433524;-2.42036
-1.08631;1.75111;0.66624;-2.55203;0.141;-2.08242;1.83817;0.679994;-3.02734
0.978842;2.10096;0.24857;-0.269397;0.141;0.917879;1.10775;0.347678;-0.885313
-1.48719;-1.64222;0.585728;-1.82217;0.141;-1.3295;-0.695658;0.304376;2.0647
13.0409;-0.416224;0.500955;-3.06617;0;13.7688;0.268649;0.468241;-0.0163013
-5.03544;-3.58968;0.434288;2.59967;0.141;-4.29675;-2.91687;0.393362;-1.69953
14.74;4.81007;0.846694;2.05121;0.175;14.6554;5.56707;0.426375;0.372124
-5.93654;-4.02196;0.468174;1.704;0.141;-5.03544;-3.58968;0.434288;2.59967
0.0849092;-0.298183;0.195205;0.998552;0.141;-0.0080249;-0.594531;0.330453;-0.684589
1.90603;-2.21254;0.561539;2.51388;0.141;1.5627;-1.49563;0.433524;-2.42036
4.51018;3.76238;0.484529;1.74985;0.167;4.45078;3.43244;0.630596;1.0283
12.0648;-0.558142;0.336398;-0.508596;0;13.0409;-0.416224;0.500955;-3.06617
12.1907;-0.367011;0.487464;-0.152158;0;12.0648;-0.558142;0.336398;-0.508596
-6.9085;-4.25433;0.504081;2.87667;0.141;-5.93654;-4.02196;0.468174;1.704
0.480325;-3.1551;0.625593;-2.90834;0.141;1.09656;-2.37801;0.497554;-1.3705
-7.75394;-3.72079;0.528009;2.26761;0.141;-6.9085;-4.25433;0.504081;2.87667
-4.34041;-4.30835;0.4135;-2.01198;0.141;-5.03544;-3.58968;0.434288;2.59967
-0.357756;-3.67001;0.445345;-1.46068;0.141;0.480325;-3.1551;0.625593;-2.90834
7.92455;2.44037;0.496772;-2.70269;0.065;7.72238;2.88089;0.60283;2.03526
-4.03161;-5.25592;0.495704;-0.519068;0.141;-4.34041;-4.30835;0.4135;-2.01198
-8.3338;-2.90626;0.51076;0.434216;0.141;-7.75394;-3.72079;0.528009;2.26761
9.21924;2.37017;0.458164;-1.07341;0.026;9.5506;2.28029;0.268112;0.905028
-3.95193;0.00450876;0.535207;2.80393;0.141;-3.30164;-0.468356;0.326458;1.48837
-8.17665;-1.9192;0.479114;2.75228;0.141;-8.3338;-2.90626;0.51076;0.434216
1.59249;-0.484507;0.480725;1.19799;0.141;1.42924;-0.511646;0.315329;-2.02514
-1.81802;0.00066536;0.514808;-0.766138;0.141;-2.39241;-0.052493;0.307633;-2.5262
14.0595;3.1993;0.35356;-1.72885;0;13.9619;3.205;0.411688;2.41113
-7.21338;-1.65466;0.433;-1.55707;0.141;-8.17665;-1.9192;0.479114;2.75228
1.60482;2.32048;0.172687;-1.70207;0.141;0.978842;2.10096;0.24857;-0.269397
14.2915;4.59206;0.188106;-0.627983;0;13.9631;4.17719;0.645858;1.37899
-4.0827;0.308869;0.692951;-0.360464;0.141;-3.95193;0.00450876;0.535207;2.80393
-3.81459;-6.23201;0.482761;-2.88418;0.141;-4.03161;-5.25592;0.495704;-0.519068
-1.1104;1.40213;0.160427;3.01539;0.141;-1.08631;1.75111;0.66624;-2.55203
4.03129;-0.470447;0.349165;2.07102;0.141;3.41811;-0.529495;0.275284;0.799906
-3.33185;-0.502312;0.256473;-1.17071;0.141;-3.30164;-0.468356;0.326458;1.48837
3.66818;-1.56356;0.556393;3.08738;0.141;3.61969;-1.42927;0.662292;-2.67846
-0.400126;1.85447;0.210769;3.13399;0.141;-1.08631;1.75111;0.66624;-2.55203
-3.26752;-0.219197;0.472805;-1.46579;0.141;-3.30164;-0.468356;0.326458;1.48837
7.48778;3.90875;0.455999;-0.315973;0.084;7.20395;4.1683;0.29968;-2.80068
1.88716;2.39635;0.762411;0.987034;0.141;1.60482;2.32048;0.172687;-1.70207
11.7447;3.21788;0.79669;-1.84634;0.026;11.8824;3.50784;0.734759;1.31489
-4.37925;1.25999;0.606785;0.946162;0.141;-4.0827;0.308869;0.692951;-0.360464
-4.26829;2.25057;0.52651;0.354919;0.141;-4.37925;1.25999;0.606785;0.946162
-3.72537;-0.227506;0.558678;-2.4772;0.141;-3.95193;0.00450876;0.535207;2.80393
5.43989;4.26267;0.782997;-1.98648;0.25;5.41057;4.29279;0.483905;1.21976
5.96968;-1.41046;0.695881;0.0555929;0.141;5.5747;-1.21911;0.696417;-0.856314
12.7526;6.05376;0.735669;-1.28787;0;12.5716;5.78347;0.780293;-1.59991
13.9086;2.37768;0.282297;-1.05212;0;14.1316;2.22021;0.374304;-2.22599
0.149551;1.88998;0.152985;-2.59491;0.141;-0.400126;1.85447;0.210769;3.13399
3.85768;4.51215;0.374625;0.478411;0.167;4.51018;3.76238;0.484529;1.74985
-0.854095;-0.329098;0.658839;0.786257;0.141;-0.890153;-0.123581;0.322923;1.25012
0.388662;1.76118;0.470497;-0.549131;0.141;0.149551;1.88998;0.152985;-2.59491
14.3083;2.41757;0.546505;2.64387;0;14.1316;2.22021;0.374304;-2.22599
6.786;3.91847;0.273704;1.88855;0.215;7.0577;3.61806;0.481261;0.530565
0.0351299;-0.903983;0.173019;2.29025;0.141;-0.0080249;-0.594531;0.330453;-0.684589
-2.62994;-0.547889;0.37989;-0.040504;0.141;-2.39241;-0.052493;0.307633;-2.5262
-5.31808;-3.59607;0.779378;-1.9259;0.141;-5.03544;-3.58968;0.434288;2.59967
2.82205;-0.0225801;0.46283;-0.488695;0.141;2.42307;-0.622461;0.310573;0.572519
12.3549;2.75642;0.648077;-1.97683;0.026;12.3165;2.61122;0.821787;-1.93066
4.41842;1.84266;0.69043;2.05966;0.065;4.42648;1.83434;0.740175;3.11841
14.5295;2.20942;0.728414;0.676858;0;14.3083;2.41757;0.546505;2.64387
-3.42818;0.284929;0.235644;-1.60276;0.141;-3.26752;-0.219197;0.472805;-1.46579
5.62037;-2.28992;0.751056;-0.516568;0.141;5.5453;-2.19584;0.618236;1.2445
11.2458;-0.300344;0.541303;-0.608474;0;12.0648;-0.558142;0.336398;-0.508596
0.689693;2.27335;0.599426;-2.68377;0.141;0.978842;2.10096;0.24857;-0.269397
9.55718;4.51613;0.269769;-1.38728;0.026;9.62175;4.32567;0.343394;1.83822
-0.609694;2.33302;0.320215;-0.168464;0.141;-0.400126;1.85447;0.210769;3.13399
5.6699;-1.1608;0.455441;0.59362;0.141;5.5747;-1.21911;0.696417;-0.856314
10.7358;-0.572829;0.791529;1.32309;0;11.2458;-0.300344;0.541303;-0.608474
5.123;-1.65066;0.399683;2.73602;0.141;5.15251;-1.68385;0.287101;-1.54308
5.97581;0.542541;0.224458;-1.90388;0.065;6.25233;0.77006;0.296006;-1.10811
10.35;0.079454;0.209851;-1.74419;0;10.7358;-0.572829;0.791529;1.32309
14.3395;1.62331;0.488842;1.13591;0;14.0504;1.22351;0.373494;-0.18769
4.14988;2.89517;0.281169;-0.39724;0.076;3.72708;2.72324;0.184413;0.571232
2.47488;1.9853;0.266087;0.13446;0.141;1.88716;2.39635;0.762411;0.987034
10.2058;0.26784;0.504759;0.169923;0;10.35;0.079454;0.209851;-1.74419
-0.636439;1.85489;0.768357;-2.64425;0.141;-1.08631;1.75111;0.66624;-2.55203
-1.14518;-4.28502;0.403739;-1.28129;0.141;-0.357756;-3.67001;0.445345;-1.46068
14.1692;5.98323;0.193898;2.42199;0.133;14.5402;5.7978;0.450085;1.99151
14.034;1.84523;0.478848;1.03231;0;14.3395;1.62331;0.488842;1.13591
9.5539;0.353232;0.499735;-0.167744;0;10.2058;0.26784;0.504759;0.169923
10.6117;2.09326;0.526418;0.220506;0.026;10.7493;2.06349;0.609048;0.202255
-2.1534;-2.37936;0.698845;-1.69268;0.141;-1.48719;-1.64222;0.585728;-1.82217
-1.31646;0.0337327;0.169325;0.221947;0.141;-0.890153;-0.123581;0.322923;1.25012
-0.250284;-2.60771;0.217463;-2.24685;0.141;0.480325;-3.1551;0.625593;-2.90834
-0.472415;3.30145;0.528287;0.264718;0.141;-0.609694;2.33302;0.320215;-0.168464
-1.62886;-4.02269;0.231609;-2.95965;0.141;-1.14518;-4.28502;0.403739;-1.28129
0.385522;0.882717;0.770286;2.99802;0.141;0.917879;1.10775;0.347678;-0.885313
-1.44406;-0.625542;0.40032;2.23442;0.141;-1.3295;-0.695658;0.304376;2.0647
8.46992;2.1544;0.468435;1.11018;0.026;8.61982;2.43979;0.597061;-0.279268
-4.21137;-4.71652;0.408629;-0.312768;0.141;-4.34041;-4.30835;0.4135;-2.01198
-0.904075;1.7119;0.345137;2.87418;0.141;-1.08631;1.75111;0.66624;-2.55203
0.0742387;-1.13326;0.337007;1.30455;0.141;0.0351299;-0.903983;0.173019;2.29025
-1.1161;-0.0805646;0.390385;2.66298;0.141;-0.890153;-0.123581;0.322923;1.25012
-2.25739;-2.40186;0.45778;2.34921;0.141;-2.1534;-2.37936;0.698845;-1.69268
-1.03206;-0.173346;0.296228;3.00177;0.141;-0.890153;-0.123581;0.322923;1.25012
1.72802;-1.3968;0.481643;-1.19352;0.141;1.5627;-1.49563;0.433524;-2.42036
13.7532;1.23374;0.635964;-2.07281;0.027;14.0504;1.22351;0.373494;-0.18769
-5.24753;-3.56905;0.324122;-1.11935;0.141;-5.03544;-3.58968;0.434288;2.59967
10.0514;0.168488;0.239072;2.54874;0;10.35;0.079454;0.209851;-1.74419
12.253;3.861;0.353014;1.67756;0.026;12.213;3.63924;0.261915;-1.3427
-1.09004;0.317855;0.234269;-2.50673;0.141;-1.31646;0.0337327;0.169325;0.221947
-0.393689;1.21467;0.793397;2.8279;0.141;-0.636439;1.85489;0.768357;-2.64425
6.44026;-2.30458;0.354356;2.14863;0.141;6.49382;-2.40112;0.314164;1.29255
-3.9148;-3.4958;0.624249;-2.92422;0.141;-4.29675;-2.91687;0.393362;-1.69953
10.0329;1.62661;0.343326;0.502599;0.026;9.77761;1.56604;0.64413;-0.0742661
1.65097;0.767934;0.214847;-0.35682;0.141;0.917879;1.10775;0.347678;-0.885313
3.48007;-0.838573;0.720262;1.12765;0.141;3.41811;-0.529495;0.275284;0.799906
-1.16139;-0.867711;0.428574;1.96862;0.141;-1.3295;-0.695658;0.304376;2.0647
0.129333;-0.165594;0.486886;-0.0633173;0.141;0.0849092;-0.298183;0.195205;0.998552
0.548759;-3.80209;0.8054;1.35126;0.141;0.480325;-3.1551;0.625593;-2.90834
-2.4298;0.476143;0.255674;-1.09052;0.141;-2.39241;-0.052493;0.307633;-2.5262
1.1343;1.98817;0.295662;-1.10075;0.141;0.978842;2.10096;0.24857;-0.269397
-2.39113;0.913728;0.801067;2.10174;0.141;-2.2115;1.36937;0.319611;-1.98109
-4.952;-4.06712;0.464882;-0.730407;0.141;-5.03544;-3.58968;0.434288;2.59967
4.05246;-0.821409;0.355734;-1.80503;0.141;4.03129;-0.470447;0.349165;2.07102
12.3377;4.14148;0.436472;0.252057;0.026;12.253;3.861;0.353014;1.67756
7.75278;3.76237;0.636509;-1.67802;0.084;7.48778;3.90875;0.455999;-0.315973
14.5625;4.99664;0.202437;0.0371409;0;14.2915;4.59206;0.188106;-0.627983
12.1688;2.54059;0.278956;-0.580209;0.026;12.1355;2.8709;0.469132;-0.542886
6.24855;-2.30206;0.459964;2.9459;0.141;6.44026;-2.30458;0.354356;2.14863
13.6334;6.22377;0.77304;0.523438;0;13.0653;5.81142;0.492983;2.62883
8.3349;4.2565;0.232738;-0.902161;0.065;8.24743;4.08096;0.554345;0.692347
-0.525181;-3.10271;0.582868;-2.77081;0.141;-0.357756;-3.67001;0.445345;-1.46068
5.71948;1.03745;0.396745;0.570398;0.065;5.69831;0.744285;0.72435;1.89565
-1.68008;1.81428;0.698109;-1.34754;0.141;-2.08242;1.83817;0.679994;-3.02734
1.65375;-1.79195;0.516239;-0.248287;0.141;1.5627;-1.49563;0.433524;-2.42036
10.3384;4.88796;0.36689;0.987521;0.062;10.3568;4.39517;0.515448;-3.11263
-2.13862;0.94879;0.462101;2.73532;0.141;-2.39113;0.913728;0.801067;2.10174
6.41724;-2.3932;0.158532;-2.87535;0.141;6.49382;-2.40112;0.314164;1.29255
12.2136;2.47335;0.619322;2.68194;0.026;12.3165;2.61122;0.821787;-1.93066
-0.49968;-1.4992;0.217975;-1.55233;0.141;0.0742387;-1.13326;0.337007;1.30455
14.4949;0.97717;0.489162;-1.68009;0.06;14.0504;1.22351;0.373494;-0.18769
-2.23485;-2.19941;0.770374;-1.62477;0.141;-2.1534;-2.37936;0.698845;-1.69268
1.41941;0.532605;0.74089;-1.84059;0.141;1.65097;0.767934;0.214847;-0.35682
0.0508802;1.84203;0.326562;-3.10897;0.141;0.149551;1.88998;0.152985;-2.59491
-2.94648;-0.296542;0.841588;-2.09234;0.141;-3.26752;-0.219197;0.472805;-1.46579
13.1591;-0.289792;0.820634;-0.286211;0;13.0409;-0.416224;0.500955;-3.06617
-4.95635;-3.88446;0.289459;-2.53619;0.141;-4.952;-4.06712;0.464882;-0.730407
-7.44924;-2.90665;0.813991;-0.92004;0.141;-7.75394;-3.72079;0.528009;2.26761
-2.2881;-1.58262;0.805439;1.81047;0.141;-2.23485;-2.19941;0.770374;-1.62477
-0.134178;1.55697;0.218829;2.00497;0.141;0.0508802;1.84203;0.326562;-3.10897
-1.22521;-1.11301;0.346457;1.34102;0.141;-1.16139;-0.867711;0.428574;1.96862
-8.39931;-3.16037;0.183318;-1.15725;0.141;-8.3338;-2.90626;0.51076;0.434216
-7.74974;-2.26939;0.802608;-3.12491;0.141;-8.17665;-1.9192;0.479114;2.75228
6.24512;-1.01483;0.283702;1.26176;0.141;6.06781;-1.01854;0.199713;-0.569827
-7.73036;-1.78368;0.787605;0.505444;0.141;-7.74974;-2.26939;0.802608;-3.12491
9.28893;2.31463;0.193237;-0.98074;0.026;9.5506;2.28029;0.268112;0.905028
-3.91959;-5.93761;0.744517;2.25215;0.141;-3.81459;-6.23201;0.482761;-2.88418
-4.17022;-0.42607;0.790365;1.474;0.141;-3.72537;-0.227506;0.558678;-2.4772
-3.80557;-4.68775;0.833015;-1.47212;0.141;-4.21137;-4.71652;0.408629;-0.312768
4.22388;0.0302253;0.405046;-2.16614;0.141;4.03129;-0.470447;0.349165;2.07102
-5.765;-3.84175;0.43536;1.31497;0.141;-5.93654;-4.02196;0.468174;1.704
6.06028;-1.64622;0.732586;-1.52116;0.259;5.96968;-1.41046;0.695881;0.0555929
0.995571;-0.963002;0.254655;1.1937;0.141;1.42924;-0.511646;0.315329;-2.02514
1.03653;-1.18779;0.775899;-2.34185;0.141;0.995571;-0.963002;0.254655;1.1937
-0.354778;4.29329;0.479096;1.77645;0.141;-0.472415;3.30145;0.528287;0.264718
0.869337;2.38895;0.613636;1.4153;0.141;0.689693;2.27335;0.599426;-2.68377
6.23316;-1.32021;0.718511;0.775695;0.141;5.96968;-1.41046;0.695881;0.0555929
10.642;4.45393;0.766079;-3.07669;0.026;10.3568;4.39517;0.515448;-3.11263
2.63954;-0.52246;0.721679;1.80345;0.141;2.42307;-0.622461;0.310573;0.572519
3.88009;4.26399;0.533463;-1.00507;0.185;3.85768;4.51215;0.374625;0.478411
1.29552;0.30363;0.645556;2.40443;0.141;1.41941;0.532605;0.74089;-1.84059
0.638801;-2.67066;0.639601;1.15709;0.141;0.480325;-3.1551;0.625593;-2.90834
-1.07791;-0.66435;0.566326;-2.49361;0.141;-1.16139;-0.867711;0.428574;1.96862
-0.440573;-4.33473;0.651042;2.6905;0.141;-0.357756;-3.67001;0.445345;-1.46068
1.48247;0.189775;0.560249;-0.317579;0.141;1.29552;0.30363;0.645556;2.40443
-5.52043;-4.39249;0.34639;2.18572;0.141;-5.93654;-4.02196;0.468174;1.704
11.1754;6.31784;0.261001;0.97872;0.181;11.3034;6.42133;0.455876;2.4595
11.9005;4.38295;0.405881;-1.57904;0.026;12.046;4.17741;0.302821;-3.04342
-0.094052;3.00046;0.335084;-2.66873;0.141;-0.472415;3.30145;0.528287;0.264718
5.64804;0.687554;0.819857;-0.646476;0.065;5.69831;0.744285;0.72435;1.89565
0.974539;1.45699;0.694636;1.35862;0.141;0.917879;1.10775;0.347678;-0.885313
8.70313;2.07336;0.475776;-1.79108;0.026;8.46992;2.1544;0.468435;1.11018
-6.22424;-1.78165;0.35903;-0.717242;0.141;-7.21338;-1.65466;0.433;-1.55707
-3.66107;0.820061;0.267458;-2.8442;0.141;-3.42818;0.284929;0.235644;-1.60276
-0.744987;-1.57817;0.844554;1.01671;0.141;-0.49968;-1.4992;0.217975;-1.55233
0.40177;-2.05844;0.305892;-2.73192;0.141;0.638801;-2.67066;0.639601;1.15709
3.1985;0.0352663;0.186366;0.757737;0.141;2.82205;-0.0225801;0.46283;-0.488695
0.603249;4.383;0.751375;-0.663172;0.141;-0.354778;4.29329;0.479096;1.77645
-7.85047;-3.26824;0.45075;-1.05691;0.141;-7.75394;-3.72079;0.528009;2.26761
9.15889;-0.2642;0.627484;-2.22313;0;9.5539;0.353232;0.499735;-0.167744
1.79054;-0.139307;0.458971;3.09647;0.141;1.59249;-0.484507;0.480725;1.19799
10.4616;0.170663;0.569209;-0.157065;0;10.2058;0.26784;0.504759;0.169923
6.31292;-2.34334;0.22225;-2.68036;0.141;6.41724;-2.3932;0.158532;-2.87535
5.71644;-0.291452;0.321407;1.02087;0.065;5.81423;-0.248931;0.733541;2.94617
0.0112367;-0.912329;0.373323;0.365276;0.141;0.0351299;-0.903983;0.173019;2.29025
4.01821;-1.17126;0.440067;-0.972192;0.141;4.05246;-0.821409;0.355734;-1.80503
-4.19616;-2.30599;0.459432;1.45641;0.141;-4.54543;-1.9486;0.368514;1.30262
10.8882;0.259783;0.691434;-2.55549;0;10.4616;0.170663;0.569209;-0.157065
8.15894;-0.274569;0.629972;-0.0963471;0;9.15889;-0.2642;0.627484;-2.22313
5.38089;-1.30383;0.298213;-0.884571;0.141;5.6699;-1.1608;0.455441;0.59362
10.3162;2.17211;0.384458;0.0773144;0.026;10.6117;2.09326;0.526418;0.220506
14.44;1.82592;0.560625;0.264226;0;14.3395;1.62331;0.488842;1.13591
-1.74193;-3.60584;0.786323;1.90458;0.141;-1.62886;-4.02269;0.231609;-2.95965
4.83311;4.21286;0.409504;-2.82638;0.442;5.18903;4.365;0.366894;1.8176
-4.29084;-5.16363;0.75647;-2.74604;0.141;-4.03161;-5.25592;0.495704;-0.519068
12.0923;-0.4321;0.579833;-2.46768;0;12.1907;-0.367011;0.487464;-0.152158
13.9681;0.150641;0.55957;0.108376;0;13.7688;0.268649;0.468241;-0.0163013
8.81242;-0.460096;0.808216;-2.38582;0;9.15889;-0.2642;0.627484;-2.22313
14.2894;3.01818;0.834672;-2.91163;0;14.0595;3.1993;0.35356;-1.72885
4.71568;1.77566;0.450716;-2.18576;0.065;4.84273;1.83932;0.618175;1.20948
-5.88023;-1.03368;0.513628;-2.00514;0.141;-6.22424;-1.78165;0.35903;-0.717242
13.7951;0.178068;0.280722;1.23984;0;13.7688;0.268649;0.468241;-0.0163013
13.9003;4.0083;0.684331;-0.916854;0;13.9631;4.17719;0.645858;1.37899
7.40622;4.06259;0.549072;3.13264;0.103;7.48778;3.90875;0.455999;-0.315973
6.10293;0.348351;0.159858;0.251279;0.065;5.97581;0.542541;0.224458;-1.90388
-0.629886;1.04944;0.533126;2.83156;0.141;-0.393689;1.21467;0.793397;2.8279
9.40247;2.41856;0.663657;-0.0222944;0.026;9.21924;2.37017;0.458164;-1.07341
4.05585;-0.571415;0.450547;-0.171581;0.141;4.03129;-0.470447;0.349165;2.07102
7.99779;3.70557;0.379027;1.96059;0.213;7.75278;3.76237;0.636509;-1.67802
5.40305;-2.37419;0.373778;1.0157;0.141;5.5453;-2.19584;0.618236;1.2445
-4.08209;-5.50295;0.540347;1.0926;0.141;-4.03161;-5.25592;0.495704;-0.519068
12.2529;6.33668;0.400619;0.763672;0;12.3021;6.45762;0.490989;2.80201
-4.34481;-1.73699;0.30425;-0.0993388;0.141;-4.54543;-1.9486;0.368514;1.30262
14.4036;2.03047;0.381885;-1.6261;0;14.44;1.82592;0.560625;0.264226
4.54201;-2.42103;0.65522;-2.56614;0.141;4.77973;-1.82417;0.652449;-3.06298
14.5947;5.73817;0.65532;0.619739;0.133;14.5402;5.7978;0.450085;1.99151
7.76791;-0.689085;0.830125;-2.10334;0;8.15894;-0.274569;0.629972;-0.0963471
6.37443;-1.1419;0.813179;-2.56709;0.141;6.23316;-1.32021;0.718511;0.775695
-5.79546;-4.10893;0.828149;2.03098;0.141;-5.93654;-4.02196;0.468174;1.704
1.41459;3.83938;0.536418;-0.0498202;0.141;0.603249;4.383;0.751375;-0.663172
0.41741;0.453763;0.460819;2.27397;0.141;0.670488;0.139686;0.307107;0.784853
12.9023;-0.363108;0.424152;-1.50874;0.188;13.0409;-0.416224;0.500955;-3.06617
-3.8456;1.20347;0.219634;2.20427;0.141;-3.66107;0.820061;0.267458;-2.8442
12.9796;-0.450624;0.305676;2.9283;0.188;12.9023;-0.363108;0.424152;-1.50874
-4.55447;-4.12812;0.439247;-1.6873;0.141;-4.34041;-4.30835;0.4135;-2.01198
-1.71125;-0.987265;0.203102;-0.668535;0.141;-1.3295;-0.695658;0.304376;2.0647
-3.74469;0.422522;0.356016;-0.437817;0.141;-3.42818;0.284929;0.235644;-1.60276
14.137;1.28344;0.514594;-0.120505;0;14.0504;1.22351;0.373494;-0.18769
0.216679;3.64429;0.662432;-2.26683;0.141;-0.472415;3.30145;0.528287;0.264718
-4.3819;-3.1612;0.443552;2.18651;0.141;-4.29675;-2.91687;0.393362;-1.69953
4.58549;4.19106;0.768233;-0.312029;0.442;4.83311;4.21286;0.409504;-2.82638
5.35597;-2.49624;0.800919;1.44147;0.141;5.62037;-2.28992;0.751056;-0.516568
4.88218;4.54689;0.683677;2.39071;0.25;5.23703;4.50217;0.469332;0.385063
13.8129;0.511032;0.438157;2.96091;0;13.7688;0.268649;0.468241;-0.0163013
-3.88318;-0.637984;0.767851;0.63864;0.141;-4.17022;-0.42607;0.790365;1.474
0.378174;-0.345754;0.345509;-2.25788;0.141;0.0849092;-0.298183;0.195205;0.998552
-1.98081;-3.8429;0.211085;2.2055;0.141;-1.62886;-4.02269;0.231609;-2.95965
-0.951573;-4.42521;0.756859;2.13746;0.141;-1.14518;-4.28502;0.403739;-1.28129
6.07159;4.25751;0.293878;-1.185;0.065;6.0254;3.99569;0.296941;2.60354
-3.52084;0.0172254;0.668276;-1.44791;0.141;-3.72537;-0.227506;0.558678;-2.4772
-1.05673;-4.11346;0.689356;-0.13381;0.141;-0.951573;-4.42521;0.756859;2.13746
-3.50254;-0.41092;0.510645;-0.382152;0.141;-3.30164;-0.468356;0.326458;1.48837
12.35;5.86851;0.262414;0.571981;0.162;12.0998;6.14471;0.303697;2.16901
11.5483;5.87005;0.527774;2.75747;0;11.3034;6.42133;0.455876;2.4595
-4.35052;-3.47591;0.26712;1.34955;0.141;-4.3819;-3.1612;0.443552;2.18651
-4.05291;0.703042;0.487168;-1.69489;0.141;-3.74469;0.422522;0.356016;-0.437817
-1.75414;-0.668609;0.350125;1.40513;0.141;-1.44406;-0.625542;0.40032;2.23442
4.05795;4.3207;0.556057;-2.87117;0.185;3.88009;4.26399;0.533463;-1.00507
1.69616;-1.8071;0.747916;1.71386;0.141;1.65375;-1.79195;0.516239;-0.248287
1.45638;1.10739;0.530047;0.451582;0.141;1.65097;0.767934;0.214847;-0.35682
0.0160892;3.66742;0.574033;-0.944014;0.141;0.216679;3.64429;0.662432;-2.26683
-1.67547;-1.63857;0.510072;0.970277;0.141;-1.48719;-1.64222;0.585728;-1.82217
-0.190112;-1.82635;0.18363;-1.42373;0.141;-0.49968;-1.4992;0.217975;-1.55233
-0.382467;-0.56212;0.849292;0.725624;0.141;-0.854095;-0.329098;0.658839;0.786257
6.11407;-1.7074;0.797364;1.91864;0.259;6.06028;-1.64622;0.732586;-1.52116
14.2355;2.3913;0.464678;-2.1146;0;14.3083;2.41757;0.546505;2.64387
5.54677;-1.3433;0.229714;-1.41152;0.227;5.38089;-1.30383;0.298213;-0.884571
12.5552;4.40473;0.698552;3.03759;0.026;12.3377;4.14148;0.436472;0.252057
-4.99513;-3.87626;0.769821;2.85886;0.141;-4.952;-4.06712;0.464882;-0.730407
-4.08525;-1.81284;0.61655;2.5341;0.141;-4.34481;-1.73699;0.30425;-0.0993388
7.46234;3.22507;0.738317;1.62625;0.144;7.72238;2.88089;0.60283;2.03526
-0.625757;1.61052;0.625112;0.820493;0.141;-0.636439;1.85489;0.768357;-2.64425
-4.14076;-4.06218;0.152929;-2.09335;0.141;-4.34041;-4.30835;0.4135;-2.01198
10.7131;6.11551;0.691357;-2.55263;0;10.3121;6.55046;0.431001;2.96194
8.40321;0.0701968;0.774169;1.94188;0;8.15894;-0.274569;0.629972;-0.0963471
7.85258;2.49389;0.7752;2.81175;0.065;7.92455;2.44037;0.496772;-2.70269
-0.835971;2.4542;0.847208;-1.58186;0.141;-0.609694;2.33302;0.320215;-0.168464
10.63;2.50084;0.800631;2.35836;0.026;10.6117;2.09326;0.526418;0.220506
-1.36762;2.0174;0.381104;-0.719392;0.141;-1.08631;1.75111;0.66624;-2.55203
9.13809;1.96225;0.614612;-2.50629;0.026;9.21924;2.37017;0.458164;-1.07341
-0.617734;-1.02468;0.644219;-1.74374;0.141;-0.382467;-0.56212;0.849292;0.725624
1.56695;-2.51582;0.821489;-2.74843;0.141;1.90603;-2.21254;0.561539;2.51388
3.84489;2.06358;0.823625;-0.826879;0.065;3.99155;2.34532;0.47872;-1.31565
1.99701;-1.96733;0.388181;1.07577;0.141;1.90603;-2.21254;0.561539;2.51388
4.76185;3.49425;0.842153;-1.43591;0.167;4.45078;3.43244;0.630596;1.0283
-0.888644;-2.20121;0.243908;-1.97837;0.141;-0.250284;-2.60771;0.217463;-2.24685
5.96083;-2.00583;0.821468;-0.698927;0.259;6.11407;-1.7074;0.797364;1.91864
6.32931;1.26355;0.168204;-1.33557;0.065;6.21418;1.69788;0.366998;-1.37087
6.5034;-2.50722;0.618132;-0.757828;0.141;6.49382;-2.40112;0.314164;1.29255
-5.03572;-3.46539;0.646681;-2.30671;0.141;-5.03544;-3.58968;0.434288;2.59967
-2.00422;-4.94621;0.310414;1.17075;0.141;-1.62886;-4.02269;0.231609;-2.95965
-1.68786;-5.89457;0.287627;-2.22014;0.141;-2.00422;-4.94621;0.310414;1.17075
0.781522;0.981321;0.460556;0.0195215;0.141;0.917879;1.10775;0.347678;-0.885313
-1.93569;0.185566;0.798556;2.64596;0.141;-1.81802;0.00066536;0.514808;-0.766138
3.71639;0.0977756;0.355705;1.55629;0.141;4.22388;0.0302253;0.405046;-2.16614
-0.703476;0.784636;0.613326;-1.12073;0.141;-0.629886;1.04944;0.533126;2.83156
1.36883;-0.766315;0.552566;-1.87798;0.141;1.42924;-0.511646;0.315329;-2.02514
7.2846;4.33779;0.560646;0.661765;0.103;7.40622;4.06259;0.549072;3.13264
-3.99719;-2.91578;0.446656;0.701399;0.141;-4.29675;-2.91687;0.393362;-1.69953
-0.767583;0.255156;0.807946;-1.84224;0.141;-0.703476;0.784636;0.613326;-1.12073
9.57115;6.03726;0.612819;-2.98298;0;9.94734;5.72346;0.813719;-0.625041
-6.35611;-3.8009;0.58461;0.104546;0.141;-5.93654;-4.02196;0.468174;1.704
-0.418417;1.16758;0.28815;1.75801;0.141;-0.629886;1.04944;0.533126;2.83156
-0.839592;-6.42028;0.351472;-2.95144;0.141;-1.68786;-5.89457;0.287627;-2.22014
5.23708;-2.18859;0.552728;-2.52474;0.141;5.40305;-2.37419;0.373778;1.0157
1.28553;1.54481;0.309632;-0.440689;0.141;1.1343;1.98817;0.295662;-1.10075
3.6413;1.74144;0.222543;0.51595;0.071;3.84489;2.06358;0.823625;-0.826879
-7.32026;-1.77001;0.169663;0.89637;0.141;-7.21338;-1.65466;0.433;-1.55707
-0.0264468;-6.11223;0.845338;1.49605;0.141;-0.839592;-6.42028;0.351472;-2.95144
-2.03812;1.89346;0.757289;1.841;0.141;-2.08242;1.83817;0.679994;-3.02734
-3.72043;-1.42791;0.247684;-2.55035;0.141;-4.11827;-1.04445;0.361512;3.1187
-1.50794;-6.48085;0.783431;-0.282159;0.141;-1.68786;-5.89457;0.287627;-2.22014
-2.49686;1.18253;0.458203;1.43822;0.141;-2.2115;1.36937;0.319611;-1.98109
2.30747;1.92785;0.625558;-2.71924;0.141;2.47488;1.9853;0.266087;0.13446
9.8354;4.4333;0.719718;-0.841649;0.026;9.74123;4.76187;0.632416;2.04497
9.89441;4.45874;0.410133;-1.01611;0.026;9.62175;4.32567;0.343394;1.83822
13.0468;6.15626;0.698276;-2.09668;0;12.7526;6.05376;0.735669;-1.28787
6.17725;-0.681435;0.518424;1.78032;0.141;6.24512;-1.01483;0.283702;1.26176
0.593426;2.68567;0.514114;-0.260104;0.141;0.869337;2.38895;0.613636;1.4153
-4.3412;-0.552671;0.529417;-0.993945;0.141;-4.17022;-0.42607;0.790365;1.474
0.0117514;3.68225;0.465142;-1.88648;0.141;0.0160892;3.66742;0.574033;-0.944014
-6.30304;-1.25992;0.437652;-1.88547;0.141;-5.88023;-1.03368;0.513628;-2.00514
13.4899;6.43024;0.496735;-3.04781;0;13.6334;6.22377;0.77304;0.523438
-7.64061;-2.37862;0.746377;2.94552;0.141;-7.74974;-2.26939;0.802608;-3.12491
0.122419;0.299244;0.196742;2.04463;0.141;0.41741;0.453763;0.460819;2.27397
1.52456;1.72544;0.63932;-0.44745;0.141;1.28553;1.54481;0.309632;-0.440689
8.19076;-1.44179;0.325504;2.81122;0;7.76791;-0.689085;0.830125;-2.10334
-3.83082;0.0905353;0.649029;-2.25398;0.141;-3.95193;0.00450876;0.535207;2.80393
14.2615;1.32313;0.728644;-0.206061;0;14.137;1.28344;0.514594;-0.120505
-7.26291;-2.26343;0.76011;-0.977328;0.141;-7.64061;-2.37862;0.746377;2.94552
-6.09572;-3.68559;0.753269;1.31931;0.141;-6.35611;-3.8009;0.58461;0.104546
-1.41315;-4.26695;0.803561;-0.475823;0.141;-1.05673;-4.11346;0.689356;-0.13381
0.107398;-0.197332;0.642205;-0.128423;0.141;0.129333;-0.165594;0.486886;-0.0633173
-0.45306;0.311373;0.260538;-2.17522;0.141;0.122419;0.299244;0.196742;2.04463
-0.282248;-6.5463;0.341176;2.66725;0.141;-0.839592;-6.42028;0.351472;-2.95144
0.305067;2.36744;0.150191;-1.46407;0.141;0.149551;1.88998;0.152985;-2.59491
0.945547;-6.29166;0.693566;1.52908;0.141;-0.0264468;-6.11223;0.845338;1.49605
-7.86258;-3.04315;0.61145;1.45746;0.141;-7.85047;-3.26824;0.45075;-1.05691
8.80867;2.46303;0.403514;-1.46801;0.026;8.61982;2.43979;0.597061;-0.279268
11.8573;-0.0429704;0.723619;1.02428;0;12.0923;-0.4321;0.579833;-2.46768
-2.76386;0.25699;0.800176;-0.899679;0.141;-2.94648;-0.296542;0.841588;-2.09234
-2.90058;-0.346539;0.28118;-1.16751;0.141;-2.62994;-0.547889;0.37989;-0.040504
0.304245;0.600486;0.188575;2.31438;0.141;0.41741;0.453763;0.460819;2.27397
10.4792;-0.265217;0.604068;-2.48179;0;10.4616;0.170663;0.569209;-0.157065
-0.10159;3.93008;0.15787;-2.52367;0.141;0.0117514;3.68225;0.465142;-1.88648
-6.8872;-2.39236;0.432938;-1.34726;0.141;-7.26291;-2.26343;0.76011;-0.977328
-1.53835;-2.23338;0.608941;-0.79486;0.141;-1.48719;-1.64222;0.585728;-1.82217
-7.14655;-3.92178;0.260676;1.07494;0.141;-6.9085;-4.25433;0.504081;2.87667
8.526;-2.38322;0.28935;-2.2865;0;8.19076;-1.44179;0.325504;2.81122
-3.73158;1.8102;0.808165;-0.230399;0.141;-4.26829;2.25057;0.52651;0.354919
8.61416;-3.37417;0.390604;-1.71037;0;8.526;-2.38322;0.28935;-2.2865
-5.06194;-4.35236;0.565;-2.39069;0.141;-4.952;-4.06712;0.464882;-0.730407
5.00399;2.40334;0.557354;-1.35997;0.065;5.406;2.32182;0.767312;0.308296
8.4919;-4.36478;0.451758;0.239227;0;8.61416;-3.37417;0.390604;-1.71037
-0.523451;-2.00125;0.767823;1.48803;0.141;-0.744987;-1.57817;0.844554;1.01671
3.36202;0.234713;0.476374;1.99819;0.141;3.1985;0.0352663;0.186366;0.757737
9.56824;2.02191;0.229201;2.0259;0.026;9.5506;2.28029;0.268112;0.905028
-2.23746;0.346588;0.227642;-0.748345;0.141;-2.4298;0.476143;0.255674;-1.09052
7.9402;-5.19875;0.46315;1.17067;0;8.4919;-4.36478;0.451758;0.239227
10.4001;4.37101;0.216929;-1.06087;0.026;10.2118;4.29158;0.249307;-1.44854
8.77293;-5.75035;0.511221;1.70553;0;7.9402;-5.19875;0.46315;1.17067
1.81915;-5.92492;0.373697;-1.1601;0.141;0.945547;-6.29166;0.693566;1.52908
-4.09006;-4.45985;0.592949;0.179565;0.141;-4.21137;-4.71652;0.408629;-0.312768
-2.4131;0.69239;0.27341;-0.261457;0.141;-2.4298;0.476143;0.255674;-1.09052
2.37393;-2.3851;0.311717;-0.573638;0.141;1.90603;-2.21254;0.561539;2.51388
1.75395;4.30114;0.589465;-1.87491;0.141;1.41459;3.83938;0.536418;-0.0498202
14.0966;2.16254;0.253823;-0.730513;0;14.1316;2.22021;0.374304;-2.22599
-7.28228;-2.26351;0.708042;-2.66881;0.141;-7.26291;-2.26343;0.76011;-0.977328
9.63874;-5.61887;0.694895;-0.701057;0;8.77293;-5.75035;0.511221;1.70553
10.462;-6.18651;0.701977;-3.09707;0;9.63874;-5.61887;0.694895;-0.701057
10.7118;5.19415;0.581094;-2.3647;0.026;10.766;5.25797;0.342724;-1.41448
11.5985;3.98776;0.742612;-0.636976;0.026;11.3984;4.05773;0.601497;-2.18484
-1.1421;-6.28769;0.580059;-1.94843;0.141;-0.839592;-6.42028;0.351472;-2.95144
7.77814;-1.8097;0.80526;-0.67819;0;8.19076;-1.44179;0.325504;2.81122
3.94783;-0.888149;0.726888;-1.64681;0.141;4.05246;-0.821409;0.355734;-1.80503
4.79884;1.95013;0.263051;-2.1611;0.065;4.71568;1.77566;0.450716;-2.18576
-4.33353;0.968099;0.716781;-0.384628;0.141;-4.37925;1.25999;0.606785;0.946162
-0.650655;-3.96099;0.658664;1.77068;0.141;-0.440573;-4.33473;0.651042;2.6905
-0.132369;-3.57378;0.530849;-0.641674;0.141;-0.357756;-3.67001;0.445345;-1.46068
-1.02183;-5.7463;0.512757;-2.39031;0.141;-1.1421;-6.28769;0.580059;-1.94843
-5.07702;-3.94918;0.288477;-0.884329;0.141;-4.95635;-3.88446;0.289459;-2.53619
8.16102;-6.54004;0.555565;-0.365589;0;8.77293;-5.75035;0.511221;1.70553
10.4174;-0.642705;0.756262;2.84319;0;10.7358;-0.572829;0.791529;1.32309
1.83032;5.29221;0.480175;-2.28569;0.141;1.75395;4.30114;0.589465;-1.87491
1.59966;6.2652;0.490326;-1.41259;0.141;1.83032;5.29221;0.480175;-2.28569
1.93499;-4.93186;0.353369;0.316121;0.141;1.81915;-5.92492;0.373697;-1.1601
-7.60621;-4.08696;0.472121;-1.51982;0.141;-7.75394;-3.72079;0.528009;2.26761
5.98217;1.71789;0.328765;-1.57985;0.065;6.21418;1.69788;0.366998;-1.37087
0.631983;6.48538;0.613264;-0.080483;0.141;1.59966;6.2652;0.490326;-1.41259
9.55376;4.99063;0.84347;-2.09304;0.026;9.74123;4.76187;0.632416;2.04497
8.13061;-1.39924;0.668986;0.149534;0;8.19076;-1.44179;0.325504;2.81122
13.5524;-0.343206;0.647241;1.52632;0;13.1591;-0.289792;0.820634;-0.286211
0.278106;-3.5879;0.594176;-2.74555;0.141;0.548759;-3.80209;0.8054;1.35126
-6.4282;-2.40399;0.523169;-1.03829;0.141;-6.8872;-2.39236;0.432938;-1.34726
-0.545936;1.77239;0.434123;-2.09112;0.141;-0.625757;1.61052;0.625112;0.820493
4.00542;-1.10688;0.366374;0.202404;0.141;4.01821;-1.17126;0.440067;-0.972192
5.72662;4.40285;0.225648;2.65782;0.25;5.56376;4.27679;0.330228;2.35012
-6.02118;-0.062198;0.704298;-1.79113;0.141;-5.88023;-1.03368;0.513628;-2.00514
10.3688;-4.93686;0.651431;2.27134;0;9.63874;-5.61887;0.694895;-0.701057
13.1089;5.65795;0.722473;-2.58412;0;13.0653;5.81142;0.492983;2.62883
1.75688;3.71797;0.795787;2.3794;0.141;1.41459;3.83938;0.536418;-0.0498202
7.76255;-3.73371;0.624135;-0.0833001;0;8.61416;-3.37417;0.390604;-1.71037
-0.66982;-1.53353;0.432882;-1.4301;0.141;-0.49968;-1.4992;0.217975;-1.55233
-2.20936;-1.83459;0.257793;-2.07232;0.141;-2.25739;-2.40186;0.45778;2.34921
6.58176;4.57648;0.551122;0.431158;0.065;6.07159;4.25751;0.293878;-1.185
9.12966;-5.46856;0.401496;2.40331;0;8.77293;-5.75035;0.511221;1.70553
9.72739;1.73196;0.220741;-1.05096;0.026;9.56824;2.02191;0.229201;2.0259
1.98779;3.92926;0.532903;1.12158;0.141;1.75688;3.71797;0.795787;2.3794
8.00801;-5.98268;0.458369;2.86722;0;8.16102;-6.54004;0.555565;-0.365589
9.88652;2.03682;0.279294;1.60873;0.026;9.56824;2.02191;0.229201;2.0259
-2.29115;-6.04998;0.823426;0.238755;0.141;-1.68786;-5.89457;0.287627;-2.22014
-0.439387;3.31997;0.67257;-0.130889;0.141;-0.472415;3.30145;0.528287;0.264718
2.18832;3.9821;0.708769;-2.03534;0.141;1.98779;3.92926;0.532903;1.12158
4.15464;2.77522;0.799582;-1.33189;0.076;4.14988;2.89517;0.281169;-0.39724
7.87121;-5.0151;0.603469;0.419516;0;7.9402;-5.19875;0.46315;1.17067
-2.29684;-2.33308;0.186064;-1.33318;0.141;-2.25739;-2.40186;0.45778;2.34921
-1.7899;-1.6522;0.240715;2.40959;0.141;-1.67547;-1.63857;0.510072;0.970277
2.81238;-0.307904;0.209362;1.42638;0.141;2.82205;-0.0225801;0.46283;-0.488695
4.7887;-1.16437;0.696301;1.0724;0.141;5.123;-1.65066;0.399683;2.73602
8.57692;-6.45337;0.203996;2.00585;0;8.16102;-6.54004;0.555565;-0.365589
2.78793;0.365404;0.372997;-2.99874;0.141;2.82205;-0.0225801;0.46283;-0.488695
13.2151;5.85344;0.84487;1.83134;0.136;13.1089;5.65795;0.722473;-2.58412
-0.0198307;0.801469;0.506652;1.89929;0.141;0.385522;0.882717;0.770286;2.99802
5.79324;-1.5795;0.244203;-3.06089;0.227;5.54677;-1.3433;0.229714;-1.41152
10.9498;5.40859;0.347991;-2.05969;0.026;10.766;5.25797;0.342724;-1.41448
-0.0546681;0.966667;0.284961;0.625188;0.141;-0.0198307;0.801469;0.506652;1.89929
-0.0166464;0.0954991;0.429718;-0.75532;0.141;0.129333;-0.165594;0.486886;-0.0633173
3.86867;4.25422;0.201493;-0.61842;0.186;3.85768;4.51215;0.374625;0.478411
-0.257801;-1.86087;0.677896;-1.62993;0.141;-0.523451;-2.00125;0.767823;1.48803
1.50961;1.84337;0.799547;-2.14465;0.141;1.52456;1.72544;0.63932;-0.44745
8.20185;0.0768277;0.597663;-0.392498;0;8.40321;0.0701968;0.774169;1.94188
5.06903;2.15582;0.160889;-3.11777;0.065;4.79884;1.95013;0.263051;-2.1611
-6.69922;-1.60514;0.536529;-0.361972;0.141;-7.21338;-1.65466;0.433;-1.55707
-1.01983;-4.47796;0.652209;-3.11454;0.141;-0.951573;-4.42521;0.756859;2.13746
-5.68904;-2.24362;0.403869;-0.944578;0.141;-6.22424;-1.78165;0.35903;-0.717242
-0.356262;6.36816;0.711403;-0.6679;0.141;0.631983;6.48538;0.613264;-0.080483
-6.37455;0.849748;0.495761;3.10697;0.141;-6.02118;-0.062198;0.704298;-1.79113
-1.19306;5.82066;0.708237;-1.79682;0.141;-0.356262;6.36816;0.711403;-0.6679
4.98204;1.94585;0.824484;-0.85285;0.065;4.84273;1.83932;0.618175;1.20948
5.86332;-1.67875;0.404518;0.983888;0.227;5.79324;-1.5795;0.244203;-3.06089
-6.88184;1.71051;0.537553;2.99145;0.141;-6.37455;0.849748;0.495761;3.10697
5.70586;1.3818;0.710065;-2.53022;0.065;5.8232;1.73462;0.784688;-0.305428
-4.38966;1.56321;0.306821;-1.58856;0.141;-4.37925;1.25999;0.606785;0.946162
2.73368;-4.33812;0.255538;2.05481;0.141;1.93499;-4.93186;0.353369;0.316121
1.62651;-1.08776;0.360396;1.60217;0.141;1.72802;-1.3968;0.481643;-1.19352
1.85676;-1.88116;0.603555;2.21689;0.141;1.69616;-1.8071;0.747916;1.71386
-1.2475;1.17147;0.215087;-1.12498;0.141;-1.1104;1.40213;0.160427;3.01539
10.2285;-0.298804;0.481623;2.28134;0;10.4792;-0.265217;0.604068;-2.48179
3.65582;-4.6335;0.505337;-2.81794;0.141;2.73368;-4.33812;0.255538;2.05481
-1.98191;6.43522;0.714655;2.12377;0.233;-1.19306;5.82066;0.708237;-1.79682
9.78125;2.11618;0.558415;-2.83986;0.026;9.88652;2.03682;0.279294;1.60873
6.5134;-2.41881;0.663678;2.07968;0.141;6.5034;-2.50722;0.618132;-0.757828
-5.88829;-0.466442;0.708442;2.46842;0.141;-6.02118;-0.062198;0.704298;-1.79113
-0.11562;2.9223;0.799531;3.10738;0.141;-0.094052;3.00046;0.335084;-2.66873
8.48404;-4.98645;0.4473;-0.323807;0;7.9402;-5.19875;0.46315;1.17067
-7.73254;1.20148;0.668686;-1.07314;0.141;-6.88184;1.71051;0.537553;2.99145
-8.43075;1.9162;0.627801;-2.08818;0.141;-7.73254;1.20148;0.668686;-1.07314
-2.27695;1.41349;0.278279;1.71343;0.141;-2.2115;1.36937;0.319611;-1.98109
14.4086;2.25955;0.327194;1.80776;0;14.4036;2.03047;0.381885;-1.6261
-7.03749;-3.67611;0.815639;-2.98175;0.141;-7.14655;-3.92178;0.260676;1.07494
3.29536;-0.527908;0.225092;-0.381268;0.141;3.41811;-0.529495;0.275284;0.799906
-2.24606;-5.61455;0.810704;-2.28548;0.141;-2.29115;-6.04998;0.823426;0.238755
-2.13316;-2.44544;0.412277;2.573;0.141;-2.25739;-2.40186;0.45778;2.34921
-7.80898;2.19621;0.210033;-3.12208;0.141;-8.43075;1.9162;0.627801;-2.08818
14.2513;5.12794;0.158356;-2.29707;0;14.5625;4.99664;0.202437;0.0371409
4.44343;-5.24945;0.488632;-1.87196;0.141;3.65582;-4.6335;0.505337;-2.81794
7.61878;-4.76313;0.192129;-1.60062;0.028;7.87121;-5.0151;0.603469;0.419516
-0.805785;-0.763612;0.388591;-1.8456;0.141;-1.07791;-0.66435;0.566326;-2.49361
-6.37913;0.354781;0.500925;0.596635;0.141;-6.37455;0.849748;0.495761;3.10697
-7.47814;0.336525;0.236088;0.564338;0.141;-7.73254;1.20148;0.668686;-1.07314
4.17406;4.43948;0.623016;-2.99123;0.185;4.05795;4.3207;0.556057;-2.87117
11.2493;4.23286;0.227051;-1.0485;0.026;11.3984;4.05773;0.601497;-2.18484
7.99155;-0.625019;0.837779;-2.32829;0;7.76791;-0.689085;0.830125;-2.10334
-2.25102;6.57127;0.350386;2.67621;0.233;-1.98191;6.43522;0.714655;2.12377
7.61134;-5.16085;0.245497;0.223733;0;7.9402;-5.19875;0.46315;1.17067
-1.70101;-4.29232;0.252776;-2.23975;0.141;-1.62886;-4.02269;0.231609;-2.95965
13.9415;1.79639;0.547936;-2.80283;0;14.034;1.84523;0.478848;1.03231
5.81357;3.77791;0.622631;-2.15481;0.065;6.09858;3.90105;0.485354;-1.12238
3.22311;-0.634614;0.688434;-2.41796;0.141;3.48007;-0.838573;0.720262;1.12765
10.3751;5.12882;0.301901;2.69696;0.062;10.3384;4.88796;0.36689;0.987521
4.45993;1.73238;0.431005;0.951933;0.065;4.71568;1.77566;0.450716;-2.18576
8.45184;-5.36139;0.445895;-0.393002;0;8.48404;-4.98645;0.4473;-0.323807
14.3047;6.02139;0.518526;0.624299;0.133;14.5402;5.7978;0.450085;1.99151
6.09805;-0.932783;0.768404;-1.85846;0.141;6.37443;-1.1419;0.813179;-2.56709
9.84649;-4.73832;0.220766;-0.586164;0;10.3688;-4.93686;0.651431;2.27134
9.66309;5.02901;0.807892;2.06899;0.082;9.55376;4.99063;0.84347;-2.09304
3.50751;-0.287549;0.423429;2.60471;0.141;3.41811;-0.529495;0.275284;0.799906
-2.21105;0.784367;0.223672;0.49879;0.141;-2.4131;0.69239;0.27341;-0.261457
1.36723;0.433704;0.303485;-0.495088;0.141;1.48247;0.189775;0.560249;-0.317579
1.80895;4.53091;0.250036;1.83029;0.141;1.75395;4.30114;0.589465;-1.87491
2.33804;1.76163;0.719512;-0.407176;0.141;2.30747;1.92785;0.625558;-2.71924
11.1214;5.45098;0.841677;1.68517;0.122;10.9498;5.40859;0.347991;-2.05969
1.3702;-5.41647;0.191343;-2.90193;0.141;1.81915;-5.92492;0.373697;-1.1601
0.624989;2.5308;0.679157;-1.06646;0.141;0.593426;2.68567;0.514114;-0.260104
13.7469;1.54951;0.709302;-2.78408;0.027;13.7532;1.23374;0.635964;-2.07281
10.5425;-3.95427;0.717319;-2.36881;0;10.3688;-4.93686;0.651431;2.27134
4.69838;-5.94433;0.163619;2.82189;0.141;4.44343;-5.24945;0.488632;-1.87196
-1.76581;-0.628414;0.611226;-0.896897;0.141;-1.75414;-0.668609;0.350125;1.40513
-8.23156;-1.91024;0.650871;-1.46006;0.141;-8.17665;-1.9192;0.479114;2.75228
-5.21026;-3.68844;0.466815;0.293854;0.141;-5.24753;-3.56905;0.324122;-1.11935
12.914;-0.464085;0.20085;0.604245;0.188;12.9796;-0.450624;0.305676;2.9283
-1.99578;-4.70039;0.190307;2.52961;0.141;-2.00422;-4.94621;0.310414;1.17075
-2.17819;-5.86982;0.485957;1.8541;0.141;-2.29115;-6.04998;0.823426;0.238755
0.0520074;-3.07111;0.576735;-1.85863;0.141;0.480325;-3.1551;0.625593;-2.90834
2.19099;-5.21794;0.632741;0.35819;0.141;1.93499;-4.93186;0.353369;0.316121
-1.39576;0.381854;0.82178;2.81178;0.141;-1.93569;0.185566;0.798556;2.64596
10.6454;-6.48038;0.632402;-1.54704;0.2;10.462;-6.18651;0.701977;-3.09707
4.49614;-6.92219;0.217444;-0.0360647;0.141;4.69838;-5.94433;0.163619;2.82189
5.98042;0.723216;0.814095;-0.0801309;0.065;5.69831;0.744285;0.72435;1.89565
-8.15508;-0.33562;0.536041;0.504483;0.141;-7.47814;0.336525;0.236088;0.564338
6.33786;-2.34007;0.401975;0.0492521;0.141;6.24855;-2.30206;0.459964;2.9459
0.576103;-2.08182;0.799656;-1.79327;0.141;0.40177;-2.05844;0.305892;-2.73192
4.23357;-7.88649;0.251695;1.12449;0.141;4.49614;-6.92219;0.217444;-0.0360647
-0.588233;2.36611;0.502334;0.15789;0.141;-0.609694;2.33302;0.320215;-0.168464
0.564378;-5.96853;0.391369;-1.21998;0.141;0.945547;-6.29166;0.693566;1.52908
0.335937;3.70815;0.692998;0.138891;0.141;0.216679;3.64429;0.662432;-2.26683
7.93729;-4.94378;0.776663;1.01553;0;7.87121;-5.0151;0.603469;0.419516
-6.57933;2.04683;0.511152;-0.436665;0.141;-6.88184;1.71051;0.537553;2.99145
1.98342;4.74642;0.336074;-2.02749;0.141;1.80895;4.53091;0.250036;1.83029
5.29378;1.63329;0.495957;1.73646;0.068;4.84273;1.83932;0.618175;1.20948
-0.420052;0.0194872;0.770955;0.52879;0.141;-0.767583;0.255156;0.807946;-1.84224
12.0485;5.84104;0.582043;0.671373;0.162;12.0998;6.14471;0.303697;2.16901
12.4647;2.7828;0.292747;-1.40736;0.026;12.3549;2.75642;0.648077;-1.97683
0.492858;-1.50821;0.496098;2.76289;0.141;0.0742387;-1.13326;0.337007;1.30455
3.27179;-7.85977;0.524217;2.68125;0.141;4.23357;-7.88649;0.251695;1.12449
3.72277;-7.68747;0.8184;-2.34851;0.141;3.27179;-7.85977;0.524217;2.68125
-1.86565;-0.688597;0.260917;-0.0099079;0.141;-1.75414;-0.668609;0.350125;1.40513
-1.98568;6.41931;0.464477;-2.15157;0.233;-1.98191;6.43522;0.714655;2.12377
-7.86532;-3.58787;0.76613;-0.860828;0.141;-7.75394;-3.72079;0.528009;2.26761
-2.83858;-0.184639;0.182045;-1.96871;0.141;-2.90058;-0.346539;0.28118;-1.16751
13.6942;2.21115;0.582019;3.03868;0;13.9086;2.37768;0.282297;-1.05212
0.342793;-4.02551;0.378448;2.36047;0.141;0.278106;-3.5879;0.594176;-2.74555
-0.3024;-0.189468;0.277388;-1.41159;0.141;0.0849092;-0.298183;0.195205;0.998552
11.1566;4.51589;0.847591;1.62476;0.032;10.642;4.45393;0.766079;-3.07669
9.90307;5.33661;0.358124;-1.47049;0;9.92376;5.77609;0.176937;-0.455428
2.42956;-8.36784;0.704531;2.08528;0.141;3.27179;-7.85977;0.524217;2.68125
1.49215;-5.50967;0.43173;-2.08501;0.141;1.3702;-5.41647;0.191343;-2.90193
-8.63778;-0.49318;0.57494;1.09517;0.141;-8.15508;-0.33562;0.536041;0.504483
1.79304;-1.86472;0.51172;-1.63067;0.141;1.85676;-1.88116;0.603555;2.21689
13.7686;0.141173;0.71056;-1.21635;0.137;13.9681;0.150641;0.55957;0.108376
8.29809;3.83026;0.161269;2.89612;0.217;7.99779;3.70557;0.379027;1.96059
0.101568;-0.0190809;0.802452;-1.28525;0.141;0.107398;-0.197332;0.642205;-0.128423
10.5263;4.1544;0.240149;-0.198762;0.026;10.4001;4.37101;0.216929;-1.06087
7.03607;3.78452;0.834345;-2.45453;0.073;7.0577;3.61806;0.481261;0.530565
-0.470616;2.86219;0.641807;2.24422;0.141;-0.11562;2.9223;0.799531;3.10738
14.028;1.88106;0.559945;-1.20429;0;14.034;1.84523;0.478848;1.03231
-0.835666;-2.45028;0.369813;-0.0335988;0.141;-0.888644;-2.20121;0.243908;-1.97837
-8.98278;-0.389945;0.630346;2.96103;0.141;-8.63778;-0.49318;0.57494;1.09517
1.11113;-2.07366;0.711324;0.250272;0.141;1.09656;-2.37801;0.497554;-1.3705
2.52679;1.18201;0.691204;1.52423;0.141;2.33804;1.76163;0.719512;-0.407176
-1.12535;-0.265607;0.482854;-2.79595;0.141;-1.1161;-0.0805646;0.390385;2.66298
9.43783;-0.245627;0.406561;-0.941934;0;9.15889;-0.2642;0.627484;-2.22313
-9.92905;-0.70925;0.579215;2.08011;0.141;-8.98278;-0.389945;0.630346;2.96103
1.35972;-5.70872;0.572502;-2.4845;0.141;1.49215;-5.50967;0.43173;-2.08501
-0.850912;6.2431;0.390404;0.785702;0.141;-0.356262;6.36816;0.711403;-0.6679
7.86164;-4.45227;0.298441;0.22858;0.028;7.61878;-4.76313;0.192129;-1.60062
3.38626;-7.29727;0.217693;0.755001;0.141;3.27179;-7.85977;0.524217;2.68125
3.83235;-2.07445;0.173637;0.676651;0.141;3.77984;-1.83433;0.662448;-1.07986
12.3141;-0.134785;0.824537;2.52004;0;12.1907;-0.367011;0.487464;-0.152158
14.0747;3.08571;0.325837;1.40966;0;14.0595;3.1993;0.35356;-1.72885
0.745667;6.48973;0.271276;-2.46475;0.141;0.631983;6.48538;0.613264;-0.080483
1.77924;-1.86574;0.741046;0.692142;0.141;1.69616;-1.8071;0.747916;1.71386
10.0489;4.93297;0.188546;1.82519;0.109;10.3384;4.88796;0.36689;0.987521
-1.07791;-1.17489;0.178501;1.38311;0.141;-1.22521;-1.11301;0.346457;1.34102
7.5344;-4.53182;0.555151;-2.44642;0.028;7.86164;-4.45227;0.298441;0.22858
-4.03105;2.14849;0.152181;-1.68531;0.141;-4.26829;2.25057;0.52651;0.354919
-7.13521;-2.25548;0.299255;1.3425;0.15;-6.8872;-2.39236;0.432938;-1.34726
1.09883;-5.43594;0.372816;0.558923;0.141;1.3702;-5.41647;0.191343;-2.90193
11.077;-0.363012;0.8261;1.57251;0;11.2458;-0.300344;0.541303;-0.608474
0.452554;1.57074;0.4085;-1.62412;0.141;0.388662;1.76118;0.470497;-0.549131
3.1173;-8.34783;0.642159;-0.952974;0.141;3.27179;-7.85977;0.524217;2.68125
-2.6239;1.27854;0.849115;1.65623;0.141;-2.49686;1.18253;0.458203;1.43822
5.65168;-1.6903;0.673793;-2.35507;0.227;5.86332;-1.67875;0.404518;0.983888
0.160432;-1.72973;0.547322;-0.201655;0.141;0.492858;-1.50821;0.496098;2.76289
-1.93642;1.93169;0.848965;-0.982664;0.141;-2.03812;1.89346;0.757289;1.841
11.7129;3.95942;0.729757;-1.72745;0.026;11.5985;3.98776;0.742612;-0.636976
-7.94993;-2.73828;0.592778;2.3294;0.141;-7.86258;-3.04315;0.61145;1.45746
14.469;6.10182;0.569965;-0.647205;0.133;14.3047;6.02139;0.518526;0.624299
-4.26329;-2.49588;0.489915;0.234811;0.141;-4.19616;-2.30599;0.459432;1.45641
10.4352;0.292137;0.352547;0.211314;0;10.4616;0.170663;0.569209;-0.157065
6.2744;1.59928;0.489053;1.93962;0.065;6.21418;1.69788;0.366998;-1.37087
10.5278;5.07898;0.487381;2.83052;0.026;10.7118;5.19415;0.581094;-2.3647
-8.24676;2.37561;0.490163;1.01499;0.141;-8.43075;1.9162;0.627801;-2.08818
14.2013;5.38971;0.542697;-0.905568;0.09;13.8219;5.30659;0.371449;1.48508
-10.1465;-0.793892;0.215313;-0.804396;0.141;-9.92905;-0.70925;0.579215;2.08011
-10.4721;0.128549;0.635458;1.053;0.141;-9.92905;-0.70925;0.579215;2.08011
-5.51645;-4.19546;0.340692;-1.81977;0.141;-5.52043;-4.39249;0.34639;2.18572
2.22005;4.98748;0.206259;-1.9576;0.141;1.98342;4.74642;0.336074;-2.02749
3.69256;-0.353086;0.71617;0.0513561;0.141;3.50751;-0.287549;0.423429;2.60471
-6.80225;-1.64056;0.559207;2.87928;0.141;-6.69922;-1.60514;0.536529;-0.361972
-7.9305;-2.38784;0.363866;2.38881;0.141;-7.94993;-2.73828;0.592778;2.3294
-0.835918;-2.42566;0.569215;-2.90764;0.141;-0.835666;-2.45028;0.369813;-0.0335988
6.2112;0.278591;0.526175;-0.370803;0.065;6.10293;0.348351;0.159858;0.251279
6.45289;4.32987;0.552796;-2.04835;0.084;6.58176;4.57648;0.551122;0.431158
-7.50576;-3.45309;0.312673;1.38946;0.141;-7.85047;-3.26824;0.45075;-1.05691
11.1306;4.5345;0.489675;-0.841776;0.032;11.1566;4.51589;0.847591;1.62476
14.5333;5.29818;0.683892;1.97019;0.173;14.2013;5.38971;0.542697;-0.905568
4.96729;4.36593;0.189229;1.19613;0.625;5.18903;4.365;0.366894;1.8176
