-2.16378;10.0155;0.51148;1.36475;0;-3.05261;10.4735;0.523405;-2.26482
-3.15703;11.95;0.296327;-0.269438;0;-3.75558;11.1489;0.300535;2.26511
-7.79451;9.64774;0.48244;1.88998;0;-6.80466;9.53992;0.389846;-0.797544
-8.55485;10.2972;0.494627;-0.374047;0;-7.79451;9.64774;0.48244;1.88998
-4.79499;10.7413;0.638099;1.40762;0;-4.73391;11.3384;0.384137;2.32758
-2.10458;10.2705;0.332857;2.74185;0;-2.16378;10.0155;0.51148;1.36475
-2.26275;12.3965;0.325967;1.55216;0.192;-3.15703;11.95;0.296327;-0.269438
-9.49496;9.95631;0.498142;-2.2872;0;-8.55485;10.2972;0.494627;-0.374047
-6.09608;12.1148;0.402554;-1.05189;0;-5.72244;11.1875;0.376675;1.91156
-6.02719;10.7135;0.832734;1.85333;0;-6.40442;10.4563;0.391643;2.04221
-10.4944;9.9371;0.471616;2.01754;0;-9.49496;9.95631;0.498142;-2.2872
-3.19495;10.2366;0.416826;1.59715;0;-3.05261;10.4735;0.523405;-2.26482
-3.49564;11.6456;0.336224;-2.28816;0;-3.15703;11.95;0.296327;-0.269438
-11.3164;9.54622;0.498473;-1.84309;0;-10.4944;9.9371;0.471616;2.01754
-12.1418;10.1072;0.434488;-1.11021;0;-11.3164;9.54622;0.498473;-1.84309
-12.5155;11.0328;0.493529;-0.596842;0;-12.1418;10.1072;0.434488;-1.11021
-11.9563;11.8535;0.376308;-2.36677;0;-12.5155;11.0328;0.493529;-0.596842
-6.45469;8.50373;0.770568;-1.64247;0.133;-6.69677;8.54576;0.390348;-1.44914
-6.08106;9.48736;0.593211;1.32754;0;-6.80466;9.53992;0.389846;-0.797544
-13.0174;9.62523;0.467551;-1.32921;0;-12.1418;10.1072;0.434488;-1.11021
-11.6308;12.1538;0.807954;0.0572761;0;-11.9563;11.8535;0.376308;-2.36677
-12.2906;11.2603;0.243289;0.803841;0;-12.5155;11.0328;0.493529;-0.596842
-5.11829;9.61763;0.830062;-0.866103;0;-6.08106;9.48736;0.593211;1.32754
-11.9052;13.1153;0.792159;0.0888132;0;-11.6308;12.1538;0.807954;0.0572761
-5.48381;11.0393;0.809204;0.117284;0;-5.72244;11.1875;0.376675;1.91156
-12.0632;14.1026;0.772364;1.40583;0;-11.9052;13.1153;0.792159;0.0888132
-5.62688;12.2763;0.163532;1.7536;0;-6.09608;12.1148;0.402554;-1.05189
-7.73328;8.00054;0.259631;-1.00449;0.033;-6.84492;7.55687;0.377823;-1.99327
-6.35644;10.6497;0.166591;-2.8732;0;-6.40442;10.4563;0.391643;2.04221
-8.60298;7.81729;0.417504;-1.20445;0.033;-7.73328;8.00054;0.259631;-1.00449
-8.7505;9.69898;0.159583;-2.20059;0;-8.55485;10.2972;0.494627;-0.374047
-12.3773;12.6981;0.37504;-1.41021;0;-11.9052;13.1153;0.792159;0.0888132
-11.7056;15.0355;0.730125;-1.88304;0;-12.0632;14.1026;0.772364;1.40583
-12.5158;15.6206;0.695753;-0.328832;0;-11.7056;15.0355;0.730125;-1.88304
-11.889;16.3995;0.674876;2.19972;0;-12.5158;15.6206;0.695753;-0.328832
-13.3268;10.037;0.404585;2.89788;0;-13.0174;9.62523;0.467551;-1.32921
-5.4809;10.1316;0.633101;2.47171;0;-5.11829;9.61763;0.830062;-0.866103
-12.3844;15.9807;0.258153;2.67036;0;-12.5158;15.6206;0.695753;-0.328832
-10.6808;10.111;0.713196;-2.1292;0;-10.4944;9.9371;0.471616;2.01754
-12.5449;12.4166;0.262994;-2.35057;0;-12.3773;12.6981;0.37504;-1.41021
-12.6963;15.4953;0.640224;-2.48937;0;-12.5158;15.6206;0.695753;-0.328832
-10.892;16.3307;0.639075;1.86762;0;-11.889;16.3995;0.674876;2.19972
-14.2133;10.4984;0.439056;1.04203;0;-13.3268;10.037;0.404585;2.89788
-9.9853;15.9142;0.70528;2.94459;0;-10.892;16.3307;0.639075;1.86762
-1.65113;10.5487;0.495272;0.528111;0;-2.10458;10.2705;0.332857;2.74185
-7.52037;7.82069;0.488452;-0.802896;0.033;-7.73328;8.00054;0.259631;-1.00449
-3.73174;9.66514;0.359157;0.0202742;0;-3.19495;10.2366;0.416826;1.59715
-10.079;9.65847;0.449607;0.942358;0;-10.4944;9.9371;0.471616;2.01754
-11.8537;10.1898;0.577567;2.06915;0;-12.1418;10.1072;0.434488;-1.11021
-9.63013;15.0059;0.484129;-0.329675;0;-9.9853;15.9142;0.70528;2.94459
-9.1783;10.1201;0.512288;-2.03962;0;-9.49496;9.95631;0.498142;-2.2872
-8.75783;14.5617;0.279707;0.0498246;0;-9.63013;15.0059;0.484129;-0.329675
-14.6242;10.8201;0.806769;1.40901;0;-14.2133;10.4984;0.439056;1.04203
-13.5582;15.9981;0.573884;1.0417;0;-12.6963;15.4953;0.640224;-2.48937
-8.42905;13.8922;0.254927;-0.99637;0;-8.75783;14.5617;0.279707;0.0498246
-8.01001;15.2253;0.25837;2.05577;0;-8.75783;14.5617;0.279707;0.0498246
-9.0279;13.1494;0.554327;1.03769;0;-8.42905;13.8922;0.254927;-0.99637
-12.2934;13.4345;0.518544;-1.29135;0;-11.9052;13.1153;0.792159;0.0888132
-12.2356;14.3504;0.501741;-2.57081;0;-12.0632;14.1026;0.772364;1.40583
-12.8179;15.9039;0.718385;-0.0103845;0;-12.5158;15.6206;0.695753;-0.328832
-9.98404;13.2143;0.268687;-1.13758;0;-9.0279;13.1494;0.554327;1.03769
-4.62723;10.2439;0.529384;-1.29637;0.006;-4.79499;10.7413;0.638099;1.40762
-9.30535;12.4558;0.233374;0.635169;0;-9.0279;13.1494;0.554327;1.03769
-9.70414;13.0746;0.774356;0.152138;0;-9.98404;13.2143;0.268687;-1.13758
-2.57246;10.034;0.222054;-1.3131;0.145;-2.16378;10.0155;0.51148;1.36475
-14.2205;15.497;0.243437;0.455005;0;-13.5582;15.9981;0.573884;1.0417
-7.45974;7.94061;0.366822;-0.399903;0.033;-7.52037;7.82069;0.488452;-0.802896
-5.82684;11.971;0.555115;2.77619;0;-6.09608;12.1148;0.402554;-1.05189
-14.2248;11.1467;0.410891;2.09751;0;-14.2133;10.4984;0.439056;1.04203
-9.56541;13.8251;0.739477;-0.111408;0;-9.70414;13.0746;0.774356;0.152138
-5.00457;10.0232;0.757686;0.304214;0;-5.11829;9.61763;0.830062;-0.866103
-7.03567;15.4481;0.290087;-1.20632;0.014;-8.01001;15.2253;0.25837;2.05577
-14.5526;14.5904;0.503605;-2.82133;0;-14.2205;15.497;0.243437;0.455005
-8.16162;12.6499;0.550807;-2.56688;0;-9.0279;13.1494;0.554327;1.03769
-10.227;15.7535;0.344231;-2.4748;0;-9.9853;15.9142;0.70528;2.94459
-14.4457;13.8878;0.576244;2.87427;0;-14.5526;14.5904;0.503605;-2.82133
-11.8595;11.2132;0.158161;1.31267;0;-12.2906;11.2603;0.243289;0.803841
-6.04956;15.6131;0.270898;-1.32416;0.056;-7.03567;15.4481;0.290087;-1.20632
-7.02881;10.005;0.700218;-2.08755;0;-6.80466;9.53992;0.389846;-0.797544
-9.89323;12.3582;0.431016;-0.62825;0;-9.30535;12.4558;0.233374;0.635169
-12.4758;10.4526;0.153924;1.97243;0;-12.1418;10.1072;0.434488;-1.11021
-3.27243;11.0164;0.829196;-0.884097;0;-3.05261;10.4735;0.523405;-2.26482
-8.47437;12.6217;0.155026;2.01303;0;-8.16162;12.6499;0.550807;-2.56688
-8.86757;12.0916;0.263473;2.06737;0;-9.30535;12.4558;0.233374;0.635169
-5.24687;15.0582;0.489549;-0.467198;0.056;-6.04956;15.6131;0.270898;-1.32416
-5.15513;11.4972;0.74004;2.36905;0;-5.48381;11.0393;0.809204;0.117284
-8.71935;13.1285;0.36799;3.012;0;-9.0279;13.1494;0.554327;1.03769
-6.06559;15.5899;0.162821;-2.01002;0.101;-6.04956;15.6131;0.270898;-1.32416
-6.63788;10.5292;0.345985;-0.763514;0;-6.40442;10.4563;0.391643;2.04221
-4.71846;12.4884;0.523777;3.01557;0;-5.62688;12.2763;0.163532;1.7536
-4.25869;15.2032;0.439925;2.9243;0.103;-5.24687;15.0582;0.489549;-0.467198
-5.00768;10.0485;0.454589;-0.0201999;0;-5.00457;10.0232;0.757686;0.304214
-9.97541;15.3131;0.340116;-0.261849;0;-9.63013;15.0059;0.484129;-0.329675
-3.83568;14.3007;0.52036;2.64217;0.149;-4.25869;15.2032;0.439925;2.9243
-7.4659;16.2397;0.724079;-0.280348;0.031;-7.03567;15.4481;0.290087;-1.20632
-12.1763;15.454;0.52242;0.971051;0;-12.5158;15.6206;0.695753;-0.328832
-12.1149;14.7537;0.766387;2.5305;0;-12.2356;14.3504;0.501741;-2.57081
-5.3055;11.948;0.554886;-0.41748;0;-5.15513;11.4972;0.74004;2.36905
-9.97976;14.8616;0.685456;-1.22711;0;-9.63013;15.0059;0.484129;-0.329675
-1.506;9.95863;0.701742;-0.859183;0.084;-1.65113;10.5487;0.495272;0.528111
-6.42038;9.53647;0.563665;-2.27221;0.002;-6.08106;9.48736;0.593211;1.32754
-4.37316;15.9661;0.310968;0.251968;0.103;-4.25869;15.2032;0.439925;2.9243
-12.4521;15.0905;0.204037;2.74788;0;-12.1763;15.454;0.52242;0.971051
-7.71987;15.299;0.728542;2.57787;0;-8.01001;15.2253;0.25837;2.05577
-7.33977;7.50945;0.82683;2.37049;0.033;-7.52037;7.82069;0.488452;-0.802896
-9.78533;13.4692;0.691202;-1.27175;0;-9.70414;13.0746;0.774356;0.152138
-9.4887;12.9846;0.543096;2.75928;0;-9.70414;13.0746;0.774356;0.152138
-4.03041;16.1677;0.455084;0.936397;0.103;-4.37316;15.9661;0.310968;0.251968
-1.82038;10.0852;0.181033;-2.43476;0;-2.10458;10.2705;0.332857;2.74185
-7.68202;14.2617;0.254682;0.98993;0;-8.42905;13.8922;0.254927;-0.99637
-9.5857;7.63219;0.41374;-0.0820099;0.033;-8.60298;7.81729;0.417504;-1.20445
-8.65057;12.9858;0.24299;0.145134;0;-8.71935;13.1285;0.36799;3.012
-8.54192;12.9229;0.661867;0.277542;0;-8.71935;13.1285;0.36799;3.012
-4.19454;15.3901;0.40734;1.43965;0.103;-4.25869;15.2032;0.439925;2.9243
-7.82735;12.6093;0.773456;1.79408;0;-8.16162;12.6499;0.550807;-2.56688
-12.5858;11.8676;0.245903;-1.53354;0;-12.5449;12.4166;0.262994;-2.35057
-4.67382;16.2135;0.598762;-0.783881;0.103;-4.37316;15.9661;0.310968;0.251968
-6.46444;10.5466;0.839199;0.571826;0;-6.40442;10.4563;0.391643;2.04221
-10.2308;12.8295;0.30077;0.824244;0;-9.98404;13.2143;0.268687;-1.13758
-3.48316;11.487;0.793788;-0.352255;0;-3.49564;11.6456;0.336224;-2.28816
-11.6072;15.0293;0.656095;1.69335;0;-11.7056;15.0355;0.730125;-1.88304
-7.7732;8.19618;0.387772;0.354655;0.033;-7.73328;8.00054;0.259631;-1.00449
-12.6052;11.0942;0.632155;-2.51306;0;-12.5155;11.0328;0.493529;-0.596842
-3.80585;10.5006;0.761154;0.0576727;0;-3.27243;11.0164;0.829196;-0.884097
-9.33697;13.5054;0.403972;-2.3279;0;-9.0279;13.1494;0.554327;1.03769
-7.43495;12.3147;0.179239;0.811292;0;-7.82735;12.6093;0.773456;1.79408
-9.70142;14.5304;0.355879;-0.340605;0;-9.63013;15.0059;0.484129;-0.329675
-14.3597;16.4599;0.451361;2.08243;0;-13.5582;15.9981;0.573884;1.0417
-12.4032;10.525;0.418646;1.04923;0;-12.4758;10.4526;0.153924;1.97243
-4.11286;10.8329;0.33954;0.514836;0;-3.75558;11.1489;0.300535;2.26511
-12.3228;13.8411;0.266337;0.303171;0;-12.2934;13.4345;0.518544;-1.29135
-6.47433;10.0301;0.742466;0.737909;0;-6.46444;10.5466;0.839199;0.571826
-12.6779;11.297;0.290512;-0.250325;0;-12.5155;11.0328;0.493529;-0.596842
-4.68803;10.3123;0.638722;2.32474;0.006;-4.62723;10.2439;0.529384;-1.29637
-8.33569;10.3135;0.36922;0.101008;0;-8.55485;10.2972;0.494627;-0.374047
-4.86867;11.7711;0.69405;-0.18836;0;-5.15513;11.4972;0.74004;2.36905
-13.8067;16.5822;0.76603;-2.4274;0;-14.3597;16.4599;0.451361;2.08243
-9.95233;10.0251;0.752681;-0.633276;0;-10.079;9.65847;0.449607;0.942358
-5.56716;8.29107;0.66828;1.87324;0.204;-6.10629;7.83711;0.273516;-1.85604
-14.4219;16.52;0.550156;1.5559;0;-14.3597;16.4599;0.451361;2.08243
-11.7023;10.3533;0.542558;2.94665;0;-11.8537;10.1898;0.577567;2.06915
-2.40541;10.4135;0.670099;2.04167;0;-2.10458;10.2705;0.332857;2.74185
-12.8563;15.758;0.655768;-0.549613;0;-12.8179;15.9039;0.718385;-0.0103845
-1.93756;11.8628;0.839372;-0.975067;0.192;-2.26275;12.3965;0.325967;1.55216
-5.83316;8.58668;0.801425;2.88084;0.204;-5.56716;8.29107;0.66828;1.87324
-6.01028;7.57482;0.540282;0.799861;0.392;-6.16206;7.63835;0.442772;-2.1884
-5.92516;11.4865;0.668623;2.1461;0;-5.72244;11.1875;0.376675;1.91156
-12.3417;11.0862;0.628133;0.768171;0;-12.5155;11.0328;0.493529;-0.596842
-8.12967;14.4372;0.70274;-0.156143;0;-7.68202;14.2617;0.254682;0.98993
-5.37155;14.2337;0.55168;2.84004;0.081;-5.24687;15.0582;0.489549;-0.467198
-1.72527;9.76655;0.215594;-2.84748;0;-1.82038;10.0852;0.181033;-2.43476
-4.83214;14.1125;0.724669;-1.93162;0.081;-5.37155;14.2337;0.55168;2.84004
-7.47134;12.564;0.209443;0.136337;0;-7.43495;12.3147;0.179239;0.811292
-14.5051;14.0146;0.707245;-2.11356;0;-14.4457;13.8878;0.576244;2.87427
-9.41325;15.3945;0.766479;3.00307;0;-9.63013;15.0059;0.484129;-0.329675
-5.94753;10.7818;0.471564;3.13531;0;-6.02719;10.7135;0.832734;1.85333
-7.60985;13.1351;0.503407;1.51156;0;-7.82735;12.6093;0.773456;1.79408
-8.66974;12.7252;0.306238;1.09011;0;-8.47437;12.6217;0.155026;2.01303
-10.3873;15.8755;0.830857;-2.09179;0;-9.9853;15.9142;0.70528;2.94459
-11.8104;14.284;0.326414;-2.12078;0;-12.2356;14.3504;0.501741;-2.57081
-14.6164;9.98758;0.389811;2.0441;0;-14.2133;10.4984;0.439056;1.04203
-13.3698;15.5297;0.518147;0.303867;0;-13.5582;15.9981;0.573884;1.0417
-11.386;10.1831;0.556458;1.86761;0;-11.7023;10.3533;0.542558;2.94665
-8.90126;12.4468;0.585557;-1.08446;0;-8.66974;12.7252;0.306238;1.09011
-7.6876;10.0931;0.163453;-0.0954897;0;-7.79451;9.64774;0.48244;1.88998
-7.71202;14.6461;0.539185;0.701299;0;-7.68202;14.2617;0.254682;0.98993
-11.4462;15.6716;0.508713;-2.01997;0;-11.6072;15.0293;0.656095;1.69335
-12.9288;15.3808;0.186485;-1.56519;0;-12.6963;15.4953;0.640224;-2.48937
-5.07949;11.4861;0.649417;0.456133;0;-5.15513;11.4972;0.74004;2.36905
-8.92433;14.4076;0.383372;1.5637;0;-8.75783;14.5617;0.279707;0.0498246
-9.43722;15.0972;0.640521;0.0543788;0;-9.63013;15.0059;0.484129;-0.329675
-8.69793;8.20862;0.649729;-0.108281;0.033;-8.60298;7.81729;0.417504;-1.20445
-4.10178;9.73865;0.706569;0.257176;0;-3.73174;9.66514;0.359157;0.0202742
-11.6554;10.2186;0.555181;0.763463;0;-11.7023;10.3533;0.542558;2.94665
-7.61734;14.2074;0.299482;1.55573;0;-7.68202;14.2617;0.254682;0.98993
-12.2281;12.5456;0.443487;1.13007;0;-12.3773;12.6981;0.37504;-1.41021
-7.50279;13.6324;0.517501;0.989943;0;-7.60985;13.1351;0.503407;1.51156
-12.5278;12.6583;0.662787;-3.13438;0;-12.3773;12.6981;0.37504;-1.41021
-6.31484;14.5362;0.63801;0.252743;0.081;-5.37155;14.2337;0.55168;2.84004
-12.221;14.9467;0.609117;0.291258;0;-12.1149;14.7537;0.766387;2.5305
-6.27886;7.90839;0.485131;1.46147;0.204;-6.10629;7.83711;0.273516;-1.85604
-3.89939;14.6799;0.407746;2.64383;0.196;-3.83568;14.3007;0.52036;2.64217
-4.74042;10.7292;0.400226;-2.06753;0;-4.79499;10.7413;0.638099;1.40762
-4.27707;16.3224;0.228831;-1.30497;0.103;-4.03041;16.1677;0.455084;0.936397
-8.35362;16.5466;0.380914;-1.91529;0.031;-7.4659;16.2397;0.724079;-0.280348
-5.28786;13.9698;0.6943;-2.86768;0.081;-5.37155;14.2337;0.55168;2.84004
-9.12224;15.1712;0.496501;0.13232;0;-9.43722;15.0972;0.640521;0.0543788
-5.1095;9.77794;0.385159;-0.572814;0;-5.00768;10.0485;0.454589;-0.0201999
-14.6494;10.8882;0.452633;-0.861674;0;-14.6242;10.8201;0.806769;1.40901
-10.1428;12.5945;0.338901;-1.8655;0;-10.2308;12.8295;0.30077;0.824244
-8.89068;16.6984;0.454334;2.63412;0.031;-8.35362;16.5466;0.380914;-1.91529
-7.41638;10.324;0.222711;-1.03726;0;-7.6876;10.0931;0.163453;-0.0954897
-7.04069;15.6218;0.580605;-2.93461;0.014;-7.03567;15.4481;0.290087;-1.20632
-14.4801;12.1045;0.542639;0.0410457;0;-14.2248;11.1467;0.410891;2.09751
-11.4627;16.219;0.478737;0.443601;0;-11.889;16.3995;0.674876;2.19972
-9.70814;14.8896;0.715223;-0.81772;0;-9.63013;15.0059;0.484129;-0.329675
-7.88797;12.1515;0.77959;-0.934709;0;-7.82735;12.6093;0.773456;1.79408
-13.9507;10.8408;0.742229;-2.88978;0;-14.2133;10.4984;0.439056;1.04203
-2.0745;12.0103;0.610837;-1.50152;0.192;-1.93756;11.8628;0.839372;-0.975067
-7.51437;12.877;0.699969;-2.08799;0;-7.60985;13.1351;0.503407;1.51156
-11.7557;9.79709;0.721562;2.99313;0;-11.8537;10.1898;0.577567;2.06915
-3.77227;13.7948;0.837523;-2.21442;0.149;-3.83568;14.3007;0.52036;2.64217
-6.03763;16.18;0.755288;-3.12795;0.056;-6.04956;15.6131;0.270898;-1.32416
-14.2528;16.3693;0.588089;0.0114028;0;-14.3597;16.4599;0.451361;2.08243
-3.22739;10.6484;0.508926;1.89769;0;-3.05261;10.4735;0.523405;-2.26482
-5.0296;11.5207;0.545468;1.0097;0;-5.07949;11.4861;0.649417;0.456133
-7.99886;15.4576;0.638738;2.9484;0;-7.71987;15.299;0.728542;2.57787
-11.8634;10.205;0.647842;-2.84392;0;-11.8537;10.1898;0.577567;2.06915
-14.1907;11.7864;0.600912;1.46823;0;-14.4801;12.1045;0.542639;0.0410457
-4.11055;15.6941;0.639126;0.422258;0.103;-4.19454;15.3901;0.40734;1.43965
-7.82444;15.3464;0.541902;1.9393;0;-7.71987;15.299;0.728542;2.57787
-4.43138;11.5168;0.743627;0.0221713;0;-4.73391;11.3384;0.384137;2.32758
-12.1102;13.2087;0.752957;-1.5437;0;-11.9052;13.1153;0.792159;0.0888132
-4.17084;11.7646;0.384312;-0.619302;0;-4.43138;11.5168;0.743627;0.0221713
-5.89388;12.3628;0.264496;-1.42685;0;-5.62688;12.2763;0.163532;1.7536
-6.77369;8.84018;0.634698;-2.93613;0.033;-6.69677;8.54576;0.390348;-1.44914
-10.4803;8.05632;0.272833;-0.128842;0.033;-9.5857;7.63219;0.41374;-0.0820099
-6.13078;10.5858;0.544369;-1.18594;0;-5.94753;10.7818;0.471564;3.13531
-12.4416;11.116;0.595511;2.7264;0;-12.3417;11.0862;0.628133;0.768171
-3.87051;11.3052;0.822069;-0.181764;0;-3.48316;11.487;0.793788;-0.352255
-7.08213;8.19308;0.558178;0.960741;0.033;-7.45974;7.94061;0.366822;-0.399903
-9.45807;16.1793;0.26849;2.68342;0;-9.9853;15.9142;0.70528;2.94459
-6.25382;16.0439;0.336051;-0.767408;0.059;-6.04956;15.6131;0.270898;-1.32416
-14.4415;16.1688;0.279551;-0.095117;0;-14.3597;16.4599;0.451361;2.08243
-4.87579;15.4358;0.607378;1.57706;0.056;-5.24687;15.0582;0.489549;-0.467198
-4.89816;12.3088;0.593228;2.08532;0;-4.71846;12.4884;0.523777;3.01557
-7.87955;13.3721;0.319865;-0.0896496;0;-7.60985;13.1351;0.503407;1.51156
-13.3858;15.53;0.595585;0.685743;0;-13.3698;15.5297;0.518147;0.303867
-8.31927;15.0435;0.771538;-0.979222;0;-7.99886;15.4576;0.638738;2.9484
-5.90025;9.83145;0.272369;-1.83216;0;-6.08106;9.48736;0.593211;1.32754
-13.9144;15.2163;0.539333;0.447107;0;-14.2205;15.497;0.243437;0.455005
-3.84709;11.2008;0.319887;2.19753;0;-3.75558;11.1489;0.300535;2.26511
-2.38111;12.5157;0.664616;2.09073;0.192;-2.26275;12.3965;0.325967;1.55216
-9.20751;16.2925;0.759713;1.81523;0;-9.45807;16.1793;0.26849;2.68342
-4.5721;16.2881;0.194277;0.1508;0.103;-4.27707;16.3224;0.228831;-1.30497
-7.18643;16.3658;0.48818;1.07359;0.031;-7.4659;16.2397;0.724079;-0.280348
-6.28251;16.4203;0.352072;2.62517;0.059;-6.25382;16.0439;0.336051;-0.767408
-11.5988;11.0945;0.462402;0.548164;0;-11.8595;11.2132;0.158161;1.31267
-6.65353;7.50256;0.296678;1.01836;0.033;-6.84492;7.55687;0.377823;-1.99327
-13.234;15.3545;0.242196;3.12437;0;-12.9288;15.3808;0.186485;-1.56519
-10.1058;12.8403;0.669224;0.768721;0;-10.2308;12.8295;0.30077;0.824244
-7.56849;9.75004;0.694507;1.01044;0;-7.79451;9.64774;0.48244;1.88998
-13.9766;11.0679;0.740332;-1.48104;0;-13.9507;10.8408;0.742229;-2.88978
-8.87795;15.5769;0.662692;-1.89441;0;-9.12224;15.1712;0.496501;0.13232
-13.5883;9.7377;0.165447;0.778435;0;-13.3268;10.037;0.404585;2.89788
-1.71021;11.6426;0.239742;2.65452;0.192;-2.0745;12.0103;0.610837;-1.50152
-5.11382;13.848;0.677061;-2.61504;0.081;-5.28786;13.9698;0.6943;-2.86768
-4.45614;15.6806;0.67281;-0.871746;0.103;-4.11055;15.6941;0.639126;0.422258
-9.54133;12.2206;0.589408;2.68887;0;-9.89323;12.3582;0.431016;-0.62825
-7.55068;15.6247;0.843852;-0.46581;0.007;-7.71987;15.299;0.728542;2.57787
-6.24968;11.2275;0.775663;0.450989;0;-5.92516;11.4865;0.668623;2.1461
-10.2072;16.4513;0.386821;-1.1452;0;-9.9853;15.9142;0.70528;2.94459
-3.24837;10.1393;0.437314;0.714214;0;-3.19495;10.2366;0.416826;1.59715
-3.56644;15.2905;0.786588;0.907506;0.103;-4.11055;15.6941;0.639126;0.422258
-13.6927;10.7768;0.540304;-0.799139;0;-13.9507;10.8408;0.742229;-2.88978
-9.28974;15.8375;0.832694;1.3663;0;-9.41325;15.3945;0.766479;3.00307
-12.7456;15.1052;0.704483;-2.9889;0;-12.6963;15.4953;0.640224;-2.48937
-5.82764;10.2373;0.644739;2.85389;0;-5.4809;10.1316;0.633101;2.47171
-8.10569;16.1989;0.545084;1.89219;0.031;-8.35362;16.5466;0.380914;-1.91529
-6.21998;10.0032;0.501606;1.37249;0;-6.47433;10.0301;0.742466;0.737909
-6.09783;8.67286;0.658161;-1.35543;0.204;-5.83316;8.58668;0.801425;2.88084
-5.07491;14.3425;0.179964;-1.12;0.081;-5.37155;14.2337;0.55168;2.84004
-6.27292;8.78617;0.262774;0.988157;0.204;-6.09783;8.67286;0.658161;-1.35543
-5.93439;8.23511;0.376298;1.15942;0.204;-6.10629;7.83711;0.273516;-1.85604
-9.75796;8.04856;0.697303;2.07522;0.033;-9.5857;7.63219;0.41374;-0.0820099
-6.82356;7.6658;0.565137;1.4196;0.033;-6.84492;7.55687;0.377823;-1.99327
-4.72191;16.385;0.666596;1.19825;0.103;-4.67382;16.2135;0.598762;-0.783881
-7.92353;14.4025;0.672754;1.83639;0;-8.12967;14.4372;0.70274;-0.156143
-3.51736;10.1278;0.822907;2.31481;0;-3.24837;10.1393;0.437314;0.714214
-8.38674;14.9927;0.196832;-1.30449;0;-8.01001;15.2253;0.25837;2.05577
-5.23344;14.1486;0.450072;2.47713;0.122;-5.37155;14.2337;0.55168;2.84004
-5.36591;12.2625;0.711092;-1.49847;0;-5.3055;11.948;0.554886;-0.41748
-6.28611;15.3579;0.641958;2.13544;0.056;-6.04956;15.6131;0.270898;-1.32416
-12.0697;12.1854;0.345963;-1.80247;0;-11.9563;11.8535;0.376308;-2.36677
-8.18631;13.1462;0.25842;2.63707;0;-7.87955;13.3721;0.319865;-0.0896496
-10.5595;10.2191;0.768158;2.39889;0;-10.6808;10.111;0.713196;-2.1292
-6.71002;16.2011;0.799196;-0.435094;0.031;-7.18643;16.3658;0.48818;1.07359
-4.29034;11.9115;0.659168;2.63925;0;-4.17084;11.7646;0.384312;-0.619302
-13.4922;15.9282;0.787753;1.78609;0;-13.5582;15.9981;0.573884;1.0417
-7.29687;7.70644;0.708501;0.947823;0.033;-7.33977;7.50945;0.82683;2.37049
-6.15368;13.709;0.767335;-1.01729;0.081;-6.31484;14.5362;0.63801;0.252743
-10.1095;16.2816;0.48196;-0.480754;0;-10.2072;16.4513;0.386821;-1.1452
-9.18103;12.5164;0.52668;3.10868;0;-8.90126;12.4468;0.585557;-1.08446
-12.0347;13.2283;0.354115;0.348832;0;-12.2934;13.4345;0.518544;-1.29135
-12.6084;15.0103;0.399192;1.88893;0;-12.4521;15.0905;0.204037;2.74788
-8.94004;12.4473;0.699298;1.09456;0;-8.90126;12.4468;0.585557;-1.08446
-8.53239;8.2002;0.483249;0.377044;0.033;-8.69793;8.20862;0.649729;-0.108281
-1.57593;9.6216;0.79279;-0.263701;0.084;-1.506;9.95863;0.701742;-0.859183
-10.6351;8.21527;0.698213;0.331688;0.033;-10.4803;8.05632;0.272833;-0.128842
-14.6192;12.2637;0.810628;-2.52194;0;-14.4801;12.1045;0.542639;0.0410457
-6.4442;9.0573;0.719663;1.18199;0.033;-6.77369;8.84018;0.634698;-2.93613
-7.90828;14.2851;0.637531;2.82702;0;-7.92353;14.4025;0.672754;1.83639
-8.45323;14.3609;0.570897;-2.96126;0;-8.12967;14.4372;0.70274;-0.156143
-13.9487;11.5154;0.661661;-3.13879;0;-14.1907;11.7864;0.600912;1.46823
-12.1332;10.8555;0.637752;-3.03382;0;-12.3417;11.0862;0.628133;0.768171
-14.4039;11.7181;0.82473;-0.0782549;0;-14.1907;11.7864;0.600912;1.46823
-11.4415;7.64239;0.551548;0.0500899;0.033;-10.6351;8.21527;0.698213;0.331688
-12.475;15.2134;0.780776;0.505695;0;-12.7456;15.1052;0.704483;-2.9889
-8.10776;7.68418;0.30855;1.52014;0.033;-7.73328;8.00054;0.259631;-1.00449
-7.60254;14.631;0.374232;-2.50378;0;-7.71202;14.6461;0.539185;0.701299
-5.36195;11.2401;0.484036;3.13331;0;-5.72244;11.1875;0.376675;1.91156
-4.00507;15.1922;0.72477;1.38477;0.103;-4.25869;15.2032;0.439925;2.9243
-5.75054;11.5148;0.536313;-0.328998;0;-5.92516;11.4865;0.668623;2.1461
-3.55834;16.3378;0.23545;-1.07658;0.103;-4.03041;16.1677;0.455084;0.936397
-7.48428;8.20818;0.685626;-1.0658;0.033;-7.7732;8.19618;0.387772;0.354655
-5.55302;14.7471;0.596143;-1.67738;0.056;-5.24687;15.0582;0.489549;-0.467198
-5.89834;9.89625;0.701767;0.864731;0;-5.82764;10.2373;0.644739;2.85389
-10.1457;12.4736;0.628077;-0.687843;0;-10.1428;12.5945;0.338901;-1.8655
-5.30352;15.0659;0.64916;-1.99753;0.056;-5.24687;15.0582;0.489549;-0.467198
-5.9569;16.071;0.255347;-0.88656;0.059;-6.25382;16.0439;0.336051;-0.767408
-10.892;9.68651;0.551288;-3.13949;0;-11.3164;9.54622;0.498473;-1.84309
-6.58671;9.64994;0.574041;-2.59992;0.002;-6.42038;9.53647;0.563665;-2.27221
-8.70366;13.7494;0.620573;-1.46389;0;-8.42905;13.8922;0.254927;-0.99637
-12.6657;14.8163;0.433454;-2.98275;0;-12.6084;15.0103;0.399192;1.88893
-4.0736;14.4055;0.281704;-2.54713;0.233;-3.89939;14.6799;0.407746;2.64383
-7.87311;12.4694;0.331839;-1.1248;0;-8.16162;12.6499;0.550807;-2.56688
-3.53704;9.87649;0.369616;-0.96971;0.172;-3.73174;9.66514;0.359157;0.0202742
-6.08499;12.2288;0.37809;0.857488;0.003;-6.09608;12.1148;0.402554;-1.05189
-6.7269;8.83673;0.535698;0.936401;0.033;-6.77369;8.84018;0.634698;-2.93613
-7.60292;12.4286;0.694292;-1.70791;0;-7.82735;12.6093;0.773456;1.79408
-1.54029;9.64157;0.221659;-2.72702;0;-1.72527;9.76655;0.215594;-2.84748
-13.187;9.73896;0.646892;-1.2732;0;-13.0174;9.62523;0.467551;-1.32921
-4.6616;10.9957;0.766662;-0.408732;0;-4.79499;10.7413;0.638099;1.40762
-8.99453;10.1415;0.316183;0.743296;0;-9.1783;10.1201;0.512288;-2.03962
-12.2809;13.9169;0.66203;2.64169;0;-12.0632;14.1026;0.772364;1.40583
-4.01858;9.8235;0.168896;2.58362;0;-3.73174;9.66514;0.359157;0.0202742
-10.6225;10.0964;0.281811;-2.34908;0;-10.4944;9.9371;0.471616;2.01754
-7.95192;9.76391;0.333792;-2.23869;0;-7.79451;9.64774;0.48244;1.88998
-4.3628;9.56605;0.353412;1.97276;0;-4.01858;9.8235;0.168896;2.58362
-9.74361;14.1246;0.728866;-0.913016;0;-9.56541;13.8251;0.739477;-0.111408
-14.6117;10.1438;0.178229;-1.3244;0;-14.6164;9.98758;0.389811;2.0441
-9.1774;14.9432;0.314585;-1.75646;0;-9.12224;15.1712;0.496501;0.13232
-9.4099;12.5279;0.526737;-1.80935;0;-9.18103;12.5164;0.52668;3.10868
-9.48176;14.8709;0.454029;2.04031;0;-9.63013;15.0059;0.484129;-0.329675
-5.20632;13.6694;0.58028;2.00248;0.115;-5.11382;13.848;0.677061;-2.61504
-2.559;10.4733;0.593037;-1.27432;0.115;-2.40541;10.4135;0.670099;2.04167
-7.70786;14.1995;0.702553;-1.79434;0;-7.90828;14.2851;0.637531;2.82702
-11.289;16.0911;0.284596;0.00598528;0;-11.4627;16.219;0.478737;0.443601
-2.06481;10.2571;0.59031;1.14733;0;-2.10458;10.2705;0.332857;2.74185
-5.68844;16.4012;0.679058;-2.19456;0.102;-6.03763;16.18;0.755288;-3.12795
-12.6797;15.9241;0.540498;-0.398882;0;-12.8179;15.9039;0.718385;-0.0103845
-11.0487;16.2926;0.539926;-2.91788;0;-10.892;16.3307;0.639075;1.86762
-6.10253;15.4297;0.642282;1.80485;0.056;-6.28611;15.3579;0.641958;2.13544
-8.89665;16.3994;0.815986;2.07677;0;-9.20751;16.2925;0.759713;1.81523
-11.2942;16.2562;0.288997;-1.0622;0;-11.289;16.0911;0.284596;0.00598528
-12.4279;15.0384;0.614976;0.211089;0;-12.221;14.9467;0.609117;0.291258
-12.4359;7.57515;0.633486;3.01585;0.033;-11.4415;7.64239;0.551548;0.0500899
-5.76623;11.9177;0.535782;2.17255;0;-5.82684;11.971;0.555115;2.77619
-3.92339;11.9155;0.706192;-2.1943;0;-4.29034;11.9115;0.659168;2.63925
-6.68761;9.59945;0.49664;0.259188;0.002;-6.58671;9.64994;0.574041;-2.59992
-7.76352;12.1386;0.28934;-0.789994;0;-7.87311;12.4694;0.331839;-1.1248
-12.2954;7.80291;0.174799;-1.84555;0.033;-12.4359;7.57515;0.633486;3.01585
-14.4344;15.4172;0.526522;-0.16598;0;-14.2205;15.497;0.243437;0.455005
-11.5947;11.2194;0.674522;-2.47502;0;-11.5988;11.0945;0.462402;0.548164
-2.65711;10.466;0.297012;1.13929;0.12;-2.559;10.4733;0.593037;-1.27432
-6.18969;10.8956;0.578684;-2.32763;0;-5.94753;10.7818;0.471564;3.13531
-4.99903;15.3215;0.778364;0.872833;0.056;-4.87579;15.4358;0.607378;1.57706
-8.19336;12.1456;0.754423;-0.15838;0;-7.88797;12.1515;0.77959;-0.934709
-8.55146;9.61106;0.401965;-2.04566;0;-8.7505;9.69898;0.159583;-2.20059
-14.2557;15.7636;0.247079;-3.01903;0;-14.2205;15.497;0.243437;0.455005
-13.0318;15.9354;0.414376;0.617582;0;-12.8563;15.758;0.655768;-0.549613
-4.74349;11.4157;0.838179;1.58114;0;-4.43138;11.5168;0.743627;0.0221713
-13.9764;10.9868;0.602969;-1.26318;0;-13.9766;11.0679;0.740332;-1.48104
-4.14942;12.4307;0.301916;2.95876;0;-4.71846;12.4884;0.523777;3.01557
-13.4048;7.39197;0.467061;0.235223;0.033;-12.4359;7.57515;0.633486;3.01585
-4.75111;14.0931;0.213769;1.58641;0.081;-5.07491;14.3425;0.179964;-1.12
-13.9975;16.0798;0.259605;0.304844;0;-14.2557;15.7636;0.247079;-3.01903
-9.14546;15.7621;0.785087;-1.44957;0;-9.28974;15.8375;0.832694;1.3663
-12.084;11.7224;0.485254;2.08064;0;-11.9563;11.8535;0.376308;-2.36677
-5.53854;12.138;0.842494;-2.9851;0;-5.36591;12.2625;0.711092;-1.49847
-14.0849;16.3698;0.823678;-0.206354;0;-14.2528;16.3693;0.588089;0.0114028
-13.5432;6.40169;0.453364;-0.367605;0.033;-13.4048;7.39197;0.467061;0.235223
-12.7794;10.1569;0.775767;0.854007;0;-13.187;9.73896;0.646892;-1.2732
-5.36037;9.73146;0.845225;-3.03358;0;-5.11829;9.61763;0.830062;-0.866103
-4.13926;9.74569;0.294813;0.714683;0;-4.01858;9.8235;0.168896;2.58362
-13.5955;5.4031;0.46333;-2.61103;0.033;-13.5432;6.40169;0.453364;-0.367605
-13.7178;4.41062;0.466925;-1.04739;0.033;-13.5955;5.4031;0.46333;-2.61103
-13.0201;3.69461;0.443226;1.87339;0.033;-13.7178;4.41062;0.466925;-1.04739
-12.0259;3.6104;0.510096;0.177873;0.033;-13.0201;3.69461;0.443226;1.87339
-11.0572;15.9139;0.552055;0.902258;0;-11.0487;16.2926;0.539926;-2.91788
-6.31693;12.3726;0.82151;0.400603;0.003;-6.08499;12.2288;0.37809;0.857488
-8.82585;10.2455;0.64435;1.72296;0;-8.55485;10.2972;0.494627;-0.374047
-8.84739;13.1275;0.576287;-2.58058;0;-9.0279;13.1494;0.554327;1.03769
-8.72734;13.9039;0.643263;-3.05314;0;-8.70366;13.7494;0.620573;-1.46389
-13.1965;7.93132;0.504936;-0.632159;0.033;-13.4048;7.39197;0.467061;0.235223
-14.2451;14.4935;0.190253;-0.44666;0.071;-14.5526;14.5904;0.503605;-2.82133
-11.238;16.5488;0.61012;-1.96038;0;-11.0487;16.2926;0.539926;-2.91788
-9.45911;9.96302;0.231992;-1.65601;0;-9.49496;9.95631;0.498142;-2.2872
-6.12809;10.6687;0.181577;1.32572;0;-6.35644;10.6497;0.166591;-2.8732
-12.6711;10.8986;0.447039;1.82486;0;-12.5155;11.0328;0.493529;-0.596842
-14.3853;6.6839;0.444484;-3.084;0.033;-13.5432;6.40169;0.453364;-0.367605
-4.62451;11.7926;0.473668;-1.01796;0;-4.86867;11.7711;0.69405;-0.18836
-8.30479;10.1617;0.265841;-1.48883;0;-8.33569;10.3135;0.36922;0.101008
-3.81796;11.6775;0.255278;0.591903;0;-3.49564;11.6456;0.336224;-2.28816
-7.69811;10.1216;0.173783;-2.52935;0;-7.6876;10.0931;0.163453;-0.0954897
-9.88746;15.458;0.674405;-2.18015;0;-9.97541;15.3131;0.340116;-0.261849
-8.31221;14.1496;0.702757;3.04043;0;-8.45323;14.3609;0.570897;-2.96126
-12.304;12.7498;0.623877;2.78302;0;-12.5278;12.6583;0.662787;-3.13438
-12.0144;4.54468;0.199709;-2.32312;0.033;-12.0259;3.6104;0.510096;0.177873
-5.8184;8.78788;0.442421;2.86359;0.204;-6.09783;8.67286;0.658161;-1.35543
-9.31113;10.0707;0.221315;-1.51999;0;-9.45911;9.96302;0.231992;-1.65601
-3.77074;12.4776;0.700334;0.626213;0;-4.14942;12.4307;0.301916;2.95876
-14.5057;7.67636;0.467136;2.57;0.033;-14.3853;6.6839;0.444484;-3.084
-14.112;15.8381;0.446015;2.15353;0;-14.2557;15.7636;0.247079;-3.01903
-3.6887;9.80949;0.151671;-2.54717;0;-3.73174;9.66514;0.359157;0.0202742
-5.96615;8.36981;0.419477;1.71865;0.204;-5.93439;8.23511;0.376298;1.15942
-14.2616;7.65735;0.654133;-1.25345;0.033;-14.5057;7.67636;0.467136;2.57
-8.06953;16.1072;0.618348;3.06086;0.031;-8.10569;16.1989;0.545084;1.89219
-12.2953;14.4876;0.187944;2.36569;0;-12.2356;14.3504;0.501741;-2.57081
-11.2651;10.2314;0.784996;1.6652;0;-11.386;10.1831;0.556458;1.86761
-6.08235;16.4577;0.155576;-1.49355;0.104;-6.28251;16.4203;0.352072;2.62517
-12.4644;13.2098;0.298101;1.90961;0;-12.2934;13.4345;0.518544;-1.29135
-12.6612;8.03053;0.257572;-2.92143;0.033;-12.2954;7.80291;0.174799;-1.84555
-7.5699;7.64025;0.537903;2.49067;0.033;-7.52037;7.82069;0.488452;-0.802896
-13.9941;6.23959;0.474288;2.11489;0.033;-13.5432;6.40169;0.453364;-0.367605
-6.06109;13.7672;0.595063;1.57564;0.089;-6.15368;13.709;0.767335;-1.01729
-11.843;13.4694;0.470964;2.47683;0;-12.0347;13.2283;0.354115;0.348832
-5.64767;12.1431;0.413073;-2.68571;0;-5.76623;11.9177;0.535782;2.17255
-3.86448;9.9622;0.331699;-3.09046;0;-4.01858;9.8235;0.168896;2.58362
-12.3429;4.7835;0.521545;-2.26204;0.033;-12.0144;4.54468;0.199709;-2.32312
-14.539;16.4679;0.362664;-0.702467;0.057;-14.3597;16.4599;0.451361;2.08243
-8.65257;14.5214;0.320819;-1.31605;0;-8.75783;14.5617;0.279707;0.0498246
-11.3369;10.112;0.627049;-1.45968;0;-11.386;10.1831;0.556458;1.86761
-7.75073;16.2259;0.752443;2.18676;0.031;-7.4659;16.2397;0.724079;-0.280348
-8.82765;16.5208;0.477317;-2.3169;0.031;-8.89068;16.6984;0.454334;2.63412
-10.2107;15.4226;0.751155;2.86588;0;-9.88746;15.458;0.674405;-2.18015
-7.73111;14.9978;0.595231;-0.1084;0;-7.71987;15.299;0.728542;2.57787
-5.47008;10.5476;0.649944;-1.49942;0;-5.4809;10.1316;0.633101;2.47171
-9.05089;10.1851;0.414793;-2.29852;0;-8.99453;10.1415;0.316183;0.743296
-5.91275;9.55568;0.235738;2.10919;0;-5.90025;9.83145;0.272369;-1.83216
-7.88529;12.4301;0.443121;-0.801134;0;-7.87311;12.4694;0.331839;-1.1248
-4.16448;15.5193;0.630217;-1.69859;0.103;-4.11055;15.6941;0.639126;0.422258
-6.26579;16.2099;0.843157;0.462729;0.056;-6.03763;16.18;0.755288;-3.12795
-5.86031;13.7392;0.488715;-0.701734;0.089;-6.06109;13.7672;0.595063;1.57564
-13.9758;15.3755;0.408931;1.42173;0;-13.9144;15.2163;0.539333;0.447107
-6.19765;9.7702;0.769465;-2.58359;0;-5.89834;9.89625;0.701767;0.864731
-7.9618;13.7111;0.256306;2.54091;0;-7.87955;13.3721;0.319865;-0.0896496
-13.127;4.0179;0.465451;3.05032;0.033;-13.0201;3.69461;0.443226;1.87339
-6.13646;9.77267;0.664074;2.1065;0;-6.19765;9.7702;0.769465;-2.58359
-6.86212;10.4152;0.619977;0.497209;0;-6.63788;10.5292;0.345985;-0.763514
-11.6988;3.88111;0.175259;-0.1429;0.033;-12.0259;3.6104;0.510096;0.177873
-3.90819;11.4688;0.643037;2.2759;0;-3.87051;11.3052;0.822069;-0.181764
-5.87872;8.41852;0.491739;0.975327;0.204;-5.96615;8.36981;0.419477;1.71865
-13.8441;5.88103;0.529638;1.3649;0.033;-13.9941;6.23959;0.474288;2.11489
-4.37193;10.6561;0.675641;2.18069;0;-4.79499;10.7413;0.638099;1.40762
-12.5084;15.1419;0.554643;-1.47974;0;-12.4279;15.0384;0.614976;0.211089
-7.97338;13.369;0.454847;-2.10072;0;-7.87955;13.3721;0.319865;-0.0896496
-7.81195;12.3987;0.167212;1.86404;0;-7.87311;12.4694;0.331839;-1.1248
-14.1667;4.19057;0.189309;2.51837;0.033;-13.7178;4.41062;0.466925;-1.04739
-8.74957;10.3634;0.524105;-0.236518;0;-8.82585;10.2455;0.64435;1.72296
-9.49477;14.3536;0.698144;1.76405;0;-9.74361;14.1246;0.728866;-0.913016
-8.62125;13.2383;0.23916;1.04602;0;-8.71935;13.1285;0.36799;3.012
-12.1147;16.269;0.628243;-1.72462;0;-11.889;16.3995;0.674876;2.19972
-14.468;13.8009;0.324763;2.9611;0;-14.4457;13.8878;0.576244;2.87427
-4.04489;15.9345;0.451324;0.0612578;0.103;-4.03041;16.1677;0.455084;0.936397
-3.72516;11.4089;0.494115;0.0134045;0;-3.90819;11.4688;0.643037;2.2759
-12.0328;14.1068;0.351296;-1.33217;0;-11.8104;14.284;0.326414;-2.12078
-11.3648;5.30398;0.238816;-1.95786;0.04;-12.0144;4.54468;0.199709;-2.32312
-13.8749;12.3858;0.822607;1.83977;0;-14.1907;11.7864;0.600912;1.46823
-7.28266;15.6082;0.735602;-1.23058;0.014;-7.04069;15.6218;0.580605;-2.93461
-8.91883;16.5537;0.260144;2.88644;0.031;-8.82765;16.5208;0.477317;-2.3169
-14.4534;7.54024;0.282745;0.225497;0.033;-14.5057;7.67636;0.467136;2.57
-14.3605;12.0348;0.542592;-1.41488;0;-14.4801;12.1045;0.542639;0.0410457
-5.45075;15.0561;0.219118;-0.708145;0.056;-5.24687;15.0582;0.489549;-0.467198
-8.35456;13.4903;0.185545;-1.06169;0;-8.62125;13.2383;0.23916;1.04602
-3.92907;14.2304;0.252346;0.56834;0.233;-4.0736;14.4055;0.281704;-2.54713
-14.2859;14.401;0.631574;-0.388614;0.041;-14.5526;14.5904;0.503605;-2.82133
-10.8171;6.13977;0.276922;-2.06004;0.045;-11.3648;5.30398;0.238816;-1.95786
-10.9014;15.5012;0.276703;0.547427;0;-11.0572;15.9139;0.552055;0.902258
-9.12849;12.1848;0.47702;-1.61937;0;-9.18103;12.5164;0.52668;3.10868
-9.02457;9.97384;0.17777;1.60713;0;-8.99453;10.1415;0.316183;0.743296
-11.0507;9.58043;0.351005;0.512694;0;-10.892;9.68651;0.551288;-3.13949
-12.5201;5.76703;0.557178;0.944873;0.033;-12.3429;4.7835;0.521545;-2.26204
-1.8457;9.71542;0.592745;-2.27573;0.18;-1.57593;9.6216;0.79279;-0.263701
-8.41418;13.6831;0.532762;2.64345;0;-8.70366;13.7494;0.620573;-1.46389
-11.3596;15.7466;0.479879;-1.81491;0;-11.4462;15.6716;0.508713;-2.01997
-7.86577;16.0507;0.217289;2.90794;0.031;-8.10569;16.1989;0.545084;1.89219
-8.56998;13.144;0.622837;1.47138;0;-8.54192;12.9229;0.661867;0.277542
-5.50129;15.2986;0.383237;0.490326;0.056;-5.45075;15.0561;0.219118;-0.708145
-14.1862;5.93267;0.50491;2.20083;0.033;-13.8441;5.88103;0.529638;1.3649
-10.8739;7.87718;0.210819;0.813121;0.033;-10.4803;8.05632;0.272833;-0.128842
-9.64002;15.6645;0.230039;0.530744;0;-9.97541;15.3131;0.340116;-0.261849
-10.0449;16.3142;0.315957;-2.28951;0;-10.1095;16.2816;0.48196;-0.480754
-14.0759;5.70899;0.844428;0.294665;0.033;-14.1862;5.93267;0.50491;2.20083
-9.91613;10.1973;0.157369;-1.24137;0;-9.45911;9.96302;0.231992;-1.65601
-12.287;11.8227;0.20354;0.261428;0;-12.5858;11.8676;0.245903;-1.53354
-6.16419;15.5261;0.262049;2.80405;0.056;-6.04956;15.6131;0.270898;-1.32416
-12.4819;8.02806;0.566858;2.64594;0.033;-12.6612;8.03053;0.257572;-2.92143
-9.9116;5.72126;0.346799;-0.491003;0.045;-10.8171;6.13977;0.276922;-2.06004
-5.1081;16.5452;0.519531;2.93436;0.103;-4.72191;16.385;0.666596;1.19825
-3.07897;9.84783;0.839671;-0.759351;0;-3.51736;10.1278;0.822907;2.31481
-9.67293;6.26085;0.213394;2.22862;0.045;-9.9116;5.72126;0.346799;-0.491003
-14.7177;10.7073;0.212475;-0.503561;0;-14.6494;10.8882;0.452633;-0.861674
-6.90551;9.70785;0.404235;1.11072;0;-6.80466;9.53992;0.389846;-0.797544
-9.21439;6.52254;0.709117;-1.4482;0.045;-9.67293;6.26085;0.213394;2.22862
-8.92954;7.73689;0.377627;0.0281856;0.033;-8.60298;7.81729;0.417504;-1.20445
-14.2612;14.3994;0.573314;1.79136;0.041;-14.2859;14.401;0.631574;-0.388614
-12.4223;14.5195;0.460939;-1.56414;0;-12.2356;14.3504;0.501741;-2.57081
-4.81402;16.5148;0.776579;0.142355;0.103;-4.72191;16.385;0.666596;1.19825
-11.7771;15.234;0.740678;-2.35738;0;-11.7056;15.0355;0.730125;-1.88304
-6.14426;12.1506;0.527905;-1.88625;0;-6.09608;12.1148;0.402554;-1.05189
-9.05176;6.45079;0.800508;0.0259911;0.045;-9.21439;6.52254;0.709117;-1.4482
-4.98347;16.1118;0.160961;-2.7853;0.15;-4.5721;16.2881;0.194277;0.1508
-11.8204;7.49709;0.826895;-2.15975;0.033;-11.4415;7.64239;0.551548;0.0500899
-4.98861;15.6747;0.374327;0.326836;0.056;-4.87579;15.4358;0.607378;1.57706
-8.53467;5.60121;0.696459;-1.21141;0.045;-9.05176;6.45079;0.800508;0.0259911
-10.2677;6.34396;0.82854;1.61481;0.045;-10.8171;6.13977;0.276922;-2.06004
-8.17199;4.66933;0.687846;2.72456;0.045;-8.53467;5.60121;0.696459;-1.21141
-7.60412;3.84659;0.663144;-1.8022;0.045;-8.17199;4.66933;0.687846;2.72456
-10.2264;7.77407;0.364412;-0.0578089;0.033;-10.4803;8.05632;0.272833;-0.128842
-1.72273;12.4617;0.549556;-2.78458;0.192;-2.0745;12.0103;0.610837;-1.50152
-12.8912;9.72659;0.685109;-1.43634;0;-13.0174;9.62523;0.467551;-1.32921
-4.5496;16.0945;0.777028;0.394565;0.103;-4.67382;16.2135;0.598762;-0.783881
-7.68674;6.02028;0.525075;-2.75155;0.045;-8.53467;5.60121;0.696459;-1.21141
-4.02916;13.7477;0.810449;-2.91212;0.194;-3.77227;13.7948;0.837523;-2.21442
-5.46389;12.3727;0.303791;-0.418698;0;-5.62688;12.2763;0.163532;1.7536
-7.19291;16.0495;0.274852;-1.25408;0.053;-7.18643;16.3658;0.48818;1.07359
-14.1484;10.7644;0.439153;-1.66722;0;-14.2133;10.4984;0.439056;1.04203
-4.31415;14.6264;0.481071;1.56619;0.233;-4.0736;14.4055;0.281704;-2.54713
-6.6406;10.208;0.742078;-2.93143;0;-6.47433;10.0301;0.742466;0.737909
-7.48465;16.0248;0.324036;2.81188;0.053;-7.19291;16.0495;0.274852;-1.25408
-7.23267;9.77695;0.566094;2.43281;0;-7.02881;10.005;0.700218;-2.08755
-11.5936;5.30838;0.361499;-0.814462;0.04;-11.3648;5.30398;0.238816;-1.95786
-12.3743;5.9993;0.244036;-0.761709;0.039;-12.5201;5.76703;0.557178;0.944873
-2.84954;10.4537;0.208066;-1.75634;0.12;-2.65711;10.466;0.297012;1.13929
-1.8323;12.0542;0.64489;2.36874;0.192;-2.0745;12.0103;0.610837;-1.50152
-14.5576;7.28917;0.357262;0.653795;0.033;-14.4534;7.54024;0.282745;0.225497
-13.3689;15.4881;0.397842;-2.85136;0;-13.3698;15.5297;0.518147;0.303867
-9.43541;14.9147;0.23001;-0.273971;0;-9.48176;14.8709;0.454029;2.04031
-8.11988;5.71837;0.543828;1.23674;0.045;-8.53467;5.60121;0.696459;-1.21141
-6.5734;9.5978;0.793182;0.147153;0.002;-6.58671;9.64994;0.574041;-2.59992
-12.177;9.85695;0.273094;-2.29114;0;-12.1418;10.1072;0.434488;-1.11021
-3.93558;15.337;0.372899;0.462061;0.103;-4.19454;15.3901;0.40734;1.43965
-7.68934;15.5843;0.357095;-0.587353;0.004;-7.82444;15.3464;0.541902;1.9393
-9.2834;14.0158;0.295343;2.64291;0;-9.33697;13.5054;0.403972;-2.3279
-12.2114;11.2837;0.54881;-2.10482;0;-12.3417;11.0862;0.628133;0.768171
-14.3121;14.1586;0.286192;-1.14275;0.118;-14.2451;14.4935;0.190253;-0.44666
-10.0256;16.4341;0.209699;-2.75157;0;-10.0449;16.3142;0.315957;-2.28951
-7.61118;12.1168;0.782399;-1.30719;0;-7.88797;12.1515;0.77959;-0.934709
-5.50237;13.6409;0.569692;2.54579;0.147;-5.20632;13.6694;0.58028;2.00248
-8.80598;3.89611;0.701603;0.66859;0.045;-8.17199;4.66933;0.687846;2.72456
-11.9216;15.1302;0.716027;-0.668415;0;-11.7771;15.234;0.740678;-2.35738
-5.61024;10.2536;0.171949;-0.461839;0;-5.4809;10.1316;0.633101;2.47171
-14.5465;16.0086;0.580235;2.88237;0;-14.4415;16.1688;0.279551;-0.095117
-12.0774;14.7499;0.494214;-1.10529;0;-12.221;14.9467;0.609117;0.291258
-13.7973;11.346;0.273363;-0.154265;0;-13.9487;11.5154;0.661661;-3.13879
-5.6207;12.3233;0.274139;3.0285;0;-5.62688;12.2763;0.163532;1.7536
-9.17435;7.9709;0.612157;1.51815;0.033;-8.92954;7.73689;0.377627;0.0281856
-11.9034;7.77969;0.689093;-1.79154;0.033;-11.8204;7.49709;0.826895;-2.15975
-9.81952;12.5916;0.670937;-0.326224;0;-9.89323;12.3582;0.431016;-0.62825
-8.27227;9.75168;0.344216;2.64086;0;-8.55146;9.61106;0.401965;-2.04566
-5.45736;15.383;0.156387;2.24792;0.056;-5.50129;15.2986;0.383237;0.490326
-8.4818;3.99737;0.31209;1.7177;0.045;-8.80598;3.89611;0.701603;0.66859
-13.9272;12.2908;0.330647;-0.281984;0;-13.8749;12.3858;0.822607;1.83977
-13.7347;16.3579;0.610245;-1.38066;0.085;-13.8067;16.5822;0.76603;-2.4274
-2.30705;11.7339;0.731108;0.909799;0.323;-2.0745;12.0103;0.610837;-1.50152
-5.44981;16.1098;0.287632;2.8804;0.15;-4.98347;16.1118;0.160961;-2.7853
-12.0537;13.5086;0.566535;2.62464;0;-11.843;13.4694;0.470964;2.47683
-9.0883;12.1468;0.303401;-0.566018;0;-9.12849;12.1848;0.47702;-1.61937
-9.53551;4.04267;0.439679;0.983172;0.045;-8.80598;3.89611;0.701603;0.66859
-11.4205;5.89028;0.417901;0.945033;0.04;-11.5936;5.30838;0.361499;-0.814462
-2.88062;10.3098;0.74749;-1.16832;0.124;-3.05261;10.4735;0.523405;-2.26482
-9.92939;4.26414;0.775144;0.22975;0.045;-9.53551;4.04267;0.439679;0.983172
-9.31659;12.2477;0.633484;-1.35175;0;-9.54133;12.2206;0.589408;2.68887
-4.74287;11.1063;0.591074;2.7356;0;-4.6616;10.9957;0.766662;-0.408732
-8.94294;12.4322;0.191039;1.30293;0;-9.0883;12.1468;0.303401;-0.566018
-12.3014;5.39937;0.540559;2.17482;0.033;-12.5201;5.76703;0.557178;0.944873
-11.6996;15.6153;0.442206;-2.86255;0;-11.4462;15.6716;0.508713;-2.01997
-6.79095;7.93671;0.649555;-1.16671;0.033;-6.82356;7.6658;0.565137;1.4196
-13.2381;7.98196;0.442154;0.127224;0.033;-13.1965;7.93132;0.504936;-0.632159
-12.4201;16.1113;0.712549;-0.350469;0;-12.1147;16.269;0.628243;-1.72462
-9.10734;15.7543;0.781877;-2.01565;0;-9.14546;15.7621;0.785087;-1.44957
-6.09538;8.59752;0.802787;1.6638;0.204;-6.09783;8.67286;0.658161;-1.35543
-5.17281;12.0865;0.738342;-2.06481;0;-5.36591;12.2625;0.711092;-1.49847
-8.74343;6.53406;0.361204;-0.374962;0.045;-9.05176;6.45079;0.800508;0.0259911
-8.96273;5.84097;0.446915;1.73787;0.045;-8.53467;5.60121;0.696459;-1.21141
-10.4735;7.83842;0.358703;0.392454;0.033;-10.4803;8.05632;0.272833;-0.128842
-3.69381;11.108;0.837544;0.772519;0;-3.87051;11.3052;0.822069;-0.181764
-13.9612;10.9662;0.539185;2.2398;0;-13.9764;10.9868;0.602969;-1.26318
-9.97096;5.7466;0.332026;-1.21419;0.045;-9.9116;5.72126;0.346799;-0.491003
-5.39774;14.4716;0.180572;-0.147077;0.081;-5.07491;14.3425;0.179964;-1.12
-7.42625;5.23649;0.4273;-2.25389;0.045;-7.68674;6.02028;0.525075;-2.75155
-4.21456;10.1521;0.795375;1.56216;0;-4.10178;9.73865;0.706569;0.257176
-10.7845;8.27643;0.58241;0.760136;0.033;-10.6351;8.21527;0.698213;0.331688
-8.43094;4.07235;0.75676;1.75063;0.045;-8.80598;3.89611;0.701603;0.66859
-9.52317;16.104;0.199053;2.36628;0;-9.45807;16.1793;0.26849;2.68342
-1.55287;10.5211;0.248753;2.05564;0.021;-1.65113;10.5487;0.495272;0.528111
-9.41523;4.31932;0.278506;1.54141;0.045;-9.53551;4.04267;0.439679;0.983172
-4.66816;11.9904;0.396663;0.370622;0;-4.62451;11.7926;0.473668;-1.01796
-10.7369;8.09579;0.574481;1.11679;0.033;-10.7845;8.27643;0.58241;0.760136
-3.51161;10.979;0.496233;3.1056;0;-3.75558;11.1489;0.300535;2.26511
-9.68286;3.05426;0.476055;0.0110168;0.045;-9.53551;4.04267;0.439679;0.983172
-10.9642;8.3668;0.35426;-2.08861;0.033;-10.7845;8.27643;0.58241;0.760136
-4.25663;11.9303;0.772506;1.53816;0;-4.29034;11.9115;0.659168;2.63925
-10.3837;2.34116;0.492646;-1.17309;0.045;-9.68286;3.05426;0.476055;0.0110168
-4.8162;10.6708;0.557003;0.187428;0;-4.79499;10.7413;0.638099;1.40762
-8.34333;12.8139;0.846258;2.49025;0;-8.54192;12.9229;0.661867;0.277542
-7.8722;6.19544;0.500847;1.24392;0.045;-7.68674;6.02028;0.525075;-2.75155
-10.1692;5.89574;0.239407;2.08256;0.045;-9.97096;5.7466;0.332026;-1.21419
-12.2001;14.8265;0.734084;-0.674108;0;-12.1149;14.7537;0.766387;2.5305
-10.703;15.5047;0.401514;0.421258;0;-10.9014;15.5012;0.276703;0.547427
-10.1681;2.93015;0.25356;-1.23157;0.045;-9.68286;3.05426;0.476055;0.0110168
-11.2357;10.1744;0.723805;1.71506;0;-11.2651;10.2314;0.784996;1.6652
-3.72395;14.2604;0.797434;-1.03205;0.149;-3.83568;14.3007;0.52036;2.64217
-8.78946;14.6271;0.57275;-2.12871;0;-8.75783;14.5617;0.279707;0.0498246
-9.81113;15.3265;0.603959;0.448102;0;-9.88746;15.458;0.674405;-2.18015
-7.39156;9.62329;0.601915;1.44891;0;-7.23267;9.77695;0.566094;2.43281
-8.86063;10.0745;0.799085;2.90676;0;-8.82585;10.2455;0.64435;1.72296
-5.95095;10.4469;0.590236;0.0951142;0;-6.13078;10.5858;0.544369;-1.18594
-10.6771;15.7743;0.684428;-1.27044;0;-10.3873;15.8755;0.830857;-2.09179
-8.2062;14.4897;0.3485;-0.464448;0;-8.45323;14.3609;0.570897;-2.96126
-6.66968;8.42396;0.430479;-2.94568;0.033;-6.69677;8.54576;0.390348;-1.44914
-13.4186;10.4167;0.286918;1.23547;0;-13.3268;10.037;0.404585;2.89788
-8.39463;4.70577;0.510033;1.83818;0.045;-8.17199;4.66933;0.687846;2.72456
-7.93147;8.23851;0.328543;1.23591;0.033;-7.7732;8.19618;0.387772;0.354655
-8.80279;8.18997;0.54721;-1.89981;0.033;-8.69793;8.20862;0.649729;-0.108281
-12.5314;11.2917;0.346965;0.36787;0;-12.6779;11.297;0.290512;-0.250325
-6.46326;10.7858;0.446422;-0.428799;0;-6.18969;10.8956;0.578684;-2.32763
-12.7756;16.2258;0.513968;2.15031;0;-12.6797;15.9241;0.540498;-0.398882
-4.54271;10.7156;0.320358;1.09868;0;-4.74042;10.7292;0.400226;-2.06753
-9.2125;7.92423;0.402494;0.0140059;0.033;-9.17435;7.9709;0.612157;1.51815
-2.9583;9.76905;0.761095;-2.51515;0;-3.07897;9.84783;0.839671;-0.759351
-10.4735;3.4276;0.587896;2.15805;0.045;-10.1681;2.93015;0.25356;-1.23157
-10.7166;6.10217;0.407834;-0.827031;0.045;-10.8171;6.13977;0.276922;-2.06004
-13.1909;15.5062;0.814633;0.655119;0;-13.3858;15.53;0.595585;0.685743
-10.0416;4.26713;0.543493;2.82855;0.045;-9.92939;4.26414;0.775144;0.22975
-8.70345;12.4194;0.452537;0.840649;0;-8.90126;12.4468;0.585557;-1.08446
-6.62143;8.36687;0.412343;-1.05176;0.08;-6.66968;8.42396;0.430479;-2.94568
-13.9047;4.07975;0.270964;0.423917;0.039;-14.1667;4.19057;0.189309;2.51837
-3.63254;14.886;0.687186;2.31949;0.103;-3.56644;15.2905;0.786588;0.907506
-9.82123;15.7623;0.330008;-2.67914;0;-9.64002;15.6645;0.230039;0.530744
-11.3794;10.569;0.702971;2.63596;0;-11.2651;10.2314;0.784996;1.6652
-4.38342;14.6427;0.442867;0.723083;0.233;-4.31415;14.6264;0.481071;1.56619
-8.55336;16.1993;0.545699;-1.00925;0.04;-8.82765;16.5208;0.477317;-2.3169
-11.6;13.0229;0.442693;2.83584;0;-11.9052;13.1153;0.792159;0.0888132
-10.3985;15.1081;0.825557;-2.11101;0;-10.2107;15.4226;0.751155;2.86588
-8.43551;5.25546;0.289465;-1.62391;0.045;-8.53467;5.60121;0.696459;-1.21141
-5.11405;15.9035;0.335219;-0.804239;0.056;-4.98861;15.6747;0.374327;0.326836
-8.08365;16.5831;0.573881;1.515;0.031;-8.35362;16.5466;0.380914;-1.91529
-8.90056;3.59513;0.326424;1.897;0.045;-8.80598;3.89611;0.701603;0.66859
-10.0401;10.0294;0.399003;0.574324;0;-9.91613;10.1973;0.157369;-1.24137
-10.2467;14.3261;0.434743;-0.0302299;0;-9.70142;14.5304;0.355879;-0.340605
-11.3291;2.06598;0.66731;2.81147;0.045;-10.3837;2.34116;0.492646;-1.17309
-5.72972;16.1887;0.368976;-1.14668;0.067;-5.9569;16.071;0.255347;-0.88656
-11.6059;12.9951;0.607125;-2.70837;0;-11.6;13.0229;0.442693;2.83584
-9.65168;4.04502;0.538072;0.748454;0.045;-9.53551;4.04267;0.439679;0.983172
-8.0623;4.63729;0.296625;2.31448;0.045;-8.39463;4.70577;0.510033;1.83818
-10.397;5.56855;0.823845;1.80662;0.045;-9.97096;5.7466;0.332026;-1.21419
-10.7525;2.24154;0.311739;-2.83283;0.045;-10.3837;2.34116;0.492646;-1.17309
-12.2877;10.8503;0.794596;0.0218365;0;-12.1332;10.8555;0.637752;-3.03382
-11.8475;11.1239;0.422647;2.19323;0;-11.5988;11.0945;0.462402;0.548164
-2.50836;11.657;0.82153;0.889513;0.439;-2.30705;11.7339;0.731108;0.909799
-9.39932;14.8901;0.53443;-2.14318;0;-9.48176;14.8709;0.454029;2.04031
-8.3813;12.2374;0.79384;-0.00499705;0;-8.19336;12.1456;0.754423;-0.15838
-14.1581;11.2811;0.492604;0.562486;0;-14.2248;11.1467;0.410891;2.09751
-5.63068;11.7675;0.6395;-0.0931021;0;-5.76623;11.9177;0.535782;2.17255
-8.56085;15.1332;0.498826;-0.549431;0;-8.31927;15.0435;0.771538;-0.979222
-11.7617;3.57255;0.34515;-1.18708;0.033;-12.0259;3.6104;0.510096;0.177873
-5.16371;15.5605;0.738131;-1.60503;0.056;-4.99903;15.3215;0.778364;0.872833
-10.2286;16.2625;0.557899;1.80229;0;-10.1095;16.2816;0.48196;-0.480754
-11.5704;15.6308;0.696692;-2.12165;0;-11.4462;15.6716;0.508713;-2.01997
-13.6704;5.82073;0.848415;1.77571;0.033;-13.8441;5.88103;0.529638;1.3649
-9.75532;6.18288;0.454317;-0.244488;0.045;-9.67293;6.26085;0.213394;2.22862
-6.27895;16.4445;0.490107;0.484565;0.059;-6.28251;16.4203;0.352072;2.62517
-2.90276;9.81996;0.736801;-2.17836;0;-2.9583;9.76905;0.761095;-2.51515
-8.27122;15.7715;0.484015;-0.878882;0.034;-8.06953;16.1072;0.618348;3.06086
-5.3961;10.6097;0.386272;-0.963002;0;-5.47008;10.5476;0.649944;-1.49942
-14.4297;5.40476;0.206433;1.73074;0.033;-14.1862;5.93267;0.50491;2.20083
-12.6094;15.678;0.645415;2.25457;0;-12.5158;15.6206;0.695753;-0.328832
-4.40033;10.2538;0.176126;-1.15173;0.143;-4.62723;10.2439;0.529384;-1.29637
-5.69424;7.78647;0.608632;1.08198;0.392;-6.01028;7.57482;0.540282;0.799861
-6.01858;9.89813;0.325532;-1.39965;0;-5.90025;9.83145;0.272369;-1.83216
-11.3553;10.3932;0.663283;2.29363;0;-11.3794;10.569;0.702971;2.63596
-7.54371;13.5751;0.53826;1.92477;0;-7.50279;13.6324;0.517501;0.989943
-9.76656;13.219;0.587768;2.30176;0;-9.70414;13.0746;0.774356;0.152138
-5.35136;9.3855;0.489245;2.66776;0;-5.1095;9.77794;0.385159;-0.572814
-4.58688;12.1864;0.843249;-0.335345;0;-4.89816;12.3088;0.593228;2.08532
-11.8356;2.25509;0.438479;1.26546;0.045;-11.3291;2.06598;0.66731;2.81147
-5.65891;11.0374;0.421568;1.85561;0;-5.72244;11.1875;0.376675;1.91156
-11.7761;14.7377;0.616698;-0.853382;0;-12.0774;14.7499;0.494214;-1.10529
-14.0719;15.4466;0.72274;0.471556;0;-13.9144;15.2163;0.539333;0.447107
-3.62085;9.55388;0.589246;0.735523;0;-3.73174;9.66514;0.359157;0.0202742
-12.0154;11.1871;0.841285;-1.75995;0;-12.2114;11.2837;0.54881;-2.10482
-7.56968;3.71667;0.36506;2.87898;0.045;-7.60412;3.84659;0.663144;-1.8022
-4.5012;10.8754;0.684382;1.80553;0;-4.6616;10.9957;0.766662;-0.408732
-12.6502;1.67889;0.372106;-2.9859;0.045;-11.8356;2.25509;0.438479;1.26546
-14.4376;13.7636;0.66359;2.34789;0;-14.4457;13.8878;0.576244;2.87427
-10.8101;8.13876;0.176762;0.971796;0.033;-10.8739;7.87718;0.210819;0.813121
-14.5366;16.6379;0.837992;-3.07768;0;-14.4219;16.52;0.550156;1.5559
-4.26371;9.68665;0.269827;1.7934;0;-4.13926;9.74569;0.294813;0.714683
-2.57621;9.68454;0.255085;-0.781033;0.145;-2.57246;10.034;0.222054;-1.3131
-12.2376;9.98571;0.694875;3.02439;0;-12.1418;10.1072;0.434488;-1.11021
-11.9955;1.80069;0.772989;1.12463;0.045;-11.8356;2.25509;0.438479;1.26546
-11.8602;14.8763;0.374333;-0.699699;0;-12.0774;14.7499;0.494214;-1.10529
-6.06165;9.3797;0.657637;0.0530524;0;-6.08106;9.48736;0.593211;1.32754
-5.60526;9.45526;0.481287;-1.68476;0.014;-5.35136;9.3855;0.489245;2.66776
-9.18238;9.62281;0.725647;1.88744;0;-9.49496;9.95631;0.498142;-2.2872
-10.3583;7.8768;0.578423;2.7511;0.033;-10.4735;7.83842;0.358703;0.392454
-14.0391;4.93009;0.692058;-1.00344;0.033;-13.7178;4.41062;0.466925;-1.04739
-8.08998;13.4619;0.302388;-2.32633;0;-7.97338;13.369;0.454847;-2.10072
-12.7518;3.95147;0.25484;-1.27607;0.033;-13.0201;3.69461;0.443226;1.87339
-11.8117;15.5556;0.546011;-2.94188;0;-11.6996;15.6153;0.442206;-2.86255
-4.91365;14.9934;0.229509;-1.67448;0.056;-5.24687;15.0582;0.489549;-0.467198
-7.7352;11.9116;0.546485;-0.253329;0;-7.61118;12.1168;0.782399;-1.30719
-12.045;5.7832;0.503158;-2.82025;0.033;-12.3014;5.39937;0.540559;2.17482
-11.7337;1.93523;0.447271;0.341665;0.045;-11.8356;2.25509;0.438479;1.26546
-10.3144;8.04321;0.218548;1.33398;0.033;-10.4803;8.05632;0.272833;-0.128842
-13.6308;1.48702;0.411616;2.60163;0.045;-12.6502;1.67889;0.372106;-2.9859
-13.7211;0.491102;0.409964;1.64006;0.045;-13.6308;1.48702;0.411616;2.60163
-10.3285;7.78284;0.15135;0.285418;0.033;-10.2264;7.77407;0.364412;-0.0578089
-13.1234;-0.31025;0.434833;-0.266805;0.045;-13.7211;0.491102;0.409964;1.64006
-4.73632;15.765;0.40012;1.31648;0.056;-4.98861;15.6747;0.374327;0.326836
-13.3786;7.74189;0.81061;0.198041;0.033;-13.1965;7.93132;0.504936;-0.632159
-14.408;-0.222661;0.54675;-2.05374;0.045;-13.7211;0.491102;0.409964;1.64006
-12.2891;-0.86118;0.414155;0.374398;0.045;-13.1234;-0.31025;0.434833;-0.266805
-9.90788;16.1442;0.537724;2.94181;0;-10.1095;16.2816;0.48196;-0.480754
-12.4024;-1.85449;0.391827;-2.26212;0.045;-12.2891;-0.86118;0.414155;0.374398
-6.07365;8.2561;0.166941;1.42057;0.204;-5.93439;8.23511;0.376298;1.15942
-10.0681;5.49282;0.720539;2.31665;0.045;-10.397;5.56855;0.823845;1.80662
-12.4818;9.65918;0.456575;-1.58101;0;-12.177;9.85695;0.273094;-2.29114
-9.35139;14.6394;0.323834;-0.499851;0;-9.48176;14.8709;0.454029;2.04031
-13.442;15.7906;0.502355;1.3699;0;-13.5582;15.9981;0.573884;1.0417
-13.7234;10.0324;0.622535;0.925474;0;-13.3268;10.037;0.404585;2.89788
-13.8598;11.1627;0.803453;2.06697;0;-13.9766;11.0679;0.740332;-1.48104
-11.623;5.58546;0.300063;1.70349;0.04;-11.5936;5.30838;0.361499;-0.814462
-9.52276;2.54957;0.830361;-0.416334;0.045;-9.68286;3.05426;0.476055;0.0110168
-7.49498;5.40201;0.700558;-0.951331;0.045;-7.42625;5.23649;0.4273;-2.25389
-3.56655;12.1379;0.767614;0.425214;0;-3.77074;12.4776;0.700334;0.626213
-14.1259;3.87117;0.503221;-2.52456;0.039;-13.9047;4.07975;0.270964;0.423917
-7.29968;7.51366;0.663558;0.711359;0.033;-7.33977;7.50945;0.82683;2.37049
-8.23341;7.69115;0.699812;-0.144528;0.033;-8.10776;7.68418;0.30855;1.52014
-9.89886;8.03851;0.560188;-2.91655;0.033;-9.75796;8.04856;0.697303;2.07522
-10.4766;15.9879;0.734615;1.22668;0;-10.3873;15.8755;0.830857;-2.09179
-11.0531;10.4294;0.427151;-1.85606;0;-11.3553;10.3932;0.663283;2.29363
-11.9235;2.31265;0.384029;-0.331911;0.045;-11.8356;2.25509;0.438479;1.26546
-14.2199;0.0292832;0.207425;2.61696;0.045;-14.408;-0.222661;0.54675;-2.05374
-7.1625;9.93301;0.779533;-2.08728;0;-7.02881;10.005;0.700218;-2.08755
-5.43499;10.8949;0.413262;-0.229465;0;-5.65891;11.0374;0.421568;1.85561
-7.81305;4.65722;0.382645;0.980486;0.045;-8.0623;4.63729;0.296625;2.31448
-4.55275;13.7819;0.331302;2.15027;0.124;-4.75111;14.0931;0.213769;1.58641
-2.01202;11.7907;0.19569;0.117169;0.192;-1.71021;11.6426;0.239742;2.65452
-6.54985;15.9937;0.480907;0.08019;0.059;-6.25382;16.0439;0.336051;-0.767408
-9.68268;2.06276;0.588436;0.199591;0.045;-9.52276;2.54957;0.830361;-0.416334
-12.506;2.3157;0.661616;-1.9551;0.045;-11.9235;2.31265;0.384029;-0.331911
-9.97059;14.0093;0.383877;1.54231;0;-10.2467;14.3261;0.434743;-0.0302299
-4.76072;10.6203;0.211164;0.325941;0;-4.74042;10.7292;0.400226;-2.06753
-5.31952;16.4199;0.705699;1.25594;0.103;-5.1081;16.5452;0.519531;2.93436
-6.95097;9.88618;0.722016;0.604456;0;-7.02881;10.005;0.700218;-2.08755
-13.916;5.01956;0.3903;-0.610365;0.039;-14.0391;4.93009;0.692058;-1.00344
-4.66107;9.89771;0.231776;-1.15681;0.009;-5.00768;10.0485;0.454589;-0.0201999
-12.2189;10.9995;0.70328;1.12179;0;-12.3417;11.0862;0.628133;0.768171
-5.11272;14.7295;0.49206;-0.387513;0.056;-5.24687;15.0582;0.489549;-0.467198
-13.4418;3.91997;0.59939;0.646976;0.039;-13.127;4.0179;0.465451;3.05032
-3.61465;16.2673;0.49003;-2.47758;0.112;-3.55834;16.3378;0.23545;-1.07658
-9.91767;3.02568;0.687069;2.78234;0.045;-9.68286;3.05426;0.476055;0.0110168
-8.38922;4.29881;0.438559;-2.31413;0.045;-8.4818;3.99737;0.31209;1.7177
-8.85434;14.3142;0.777549;1.95267;0;-8.78946;14.6271;0.57275;-2.12871
-12.1532;14.8343;0.702933;-0.0289743;0;-12.2001;14.8265;0.734084;-0.674108
-6.40626;14.9027;0.643493;2.53812;0.081;-6.31484;14.5362;0.63801;0.252743
-13.3174;16.0778;0.32185;0.928336;0;-13.0318;15.9354;0.414376;0.617582
-8.43846;5.59026;0.631924;1.01587;0.045;-8.53467;5.60121;0.696459;-1.21141
-7.02416;9.95016;0.745789;1.76882;0;-7.02881;10.005;0.700218;-2.08755
-4.28149;11.1828;0.730497;-0.0272183;0;-4.43138;11.5168;0.743627;0.0221713
-12.2169;-1.50287;0.293673;1.77751;0.045;-12.4024;-1.85449;0.391827;-2.26212
-13.7341;1.25596;0.835336;-1.32203;0.045;-13.6308;1.48702;0.411616;2.60163
-10.9589;15.4141;0.735909;0.381153;0;-10.703;15.5047;0.401514;0.421258
-10.2676;16.3911;0.803224;-2.60432;0;-10.2286;16.2625;0.557899;1.80229
-13.6956;9.85913;0.198458;2.89849;0;-13.5883;9.7377;0.165447;0.778435
-9.71079;15.5552;0.732187;1.2307;0;-9.88746;15.458;0.674405;-2.18015
-11.4908;8.26505;0.504232;1.11393;0.033;-10.9642;8.3668;0.35426;-2.08861
-11.8414;8.00827;0.504806;0.20045;0.033;-11.9034;7.77969;0.689093;-1.79154
-2.03097;9.85796;0.308339;1.87453;0;-2.16378;10.0155;0.51148;1.36475
-14.1795;8.40622;0.629262;-2.09652;0.033;-14.2616;7.65735;0.654133;-1.25345
-7.64988;4.80544;0.451642;-0.168508;0.045;-7.81305;4.65722;0.382645;0.980486
-4.67021;16.3792;0.626759;2.85773;0.103;-4.72191;16.385;0.666596;1.19825
-9.21431;13.8163;0.736139;1.26047;0;-9.56541;13.8251;0.739477;-0.111408
-11.7841;7.71393;0.695965;0.194846;0.033;-11.9034;7.77969;0.689093;-1.79154
-2.60729;9.82362;0.397015;-0.926;0.145;-2.57621;9.68454;0.255085;-0.781033
-6.22239;9.94666;0.669747;-2.08789;0;-6.21998;10.0032;0.501606;1.37249
-12.9517;10.262;0.683099;-2.58955;0;-12.7794;10.1569;0.775767;0.854007
-12.8011;10.0143;0.222926;-1.58611;0;-13.0174;9.62523;0.467551;-1.32921
-3.8449;14.1094;0.150826;0.329172;0.233;-3.92907;14.2304;0.252346;0.56834
-12.4392;14.2992;0.71548;1.29259;0;-12.2356;14.3504;0.501741;-2.57081
-9.60957;1.75741;0.270593;0.561698;0.045;-9.68268;2.06276;0.588436;0.199591
-6.4412;8.33093;0.453976;-0.858397;0.08;-6.62143;8.36687;0.412343;-1.05176
-11.705;1.98388;0.288444;-2.89397;0.045;-11.7337;1.93523;0.447271;0.341665
-8.6208;5.37145;0.198655;-2.70864;0.045;-8.43551;5.25546;0.289465;-1.62391
-11.7067;6.27166;0.727385;-1.89126;0.043;-11.4205;5.89028;0.417901;0.945033
-13.514;4.48909;0.487208;2.03959;0.033;-13.7178;4.41062;0.466925;-1.04739
-12.9066;10.5879;0.235466;-0.971729;0;-12.6711;10.8986;0.447039;1.82486
-8.85455;8.06761;0.634849;-2.85891;0.033;-8.80279;8.18997;0.54721;-1.89981
-10.1612;2.69847;0.369609;-2.12235;0.045;-10.1681;2.93015;0.25356;-1.23157
-14.4562;4.67018;0.290401;2.56765;0.033;-14.1667;4.19057;0.189309;2.51837
-13.3763;1.80811;0.791616;1.63863;0.045;-13.6308;1.48702;0.411616;2.60163
-13.1586;9.60698;0.659131;1.59693;0;-13.187;9.73896;0.646892;-1.2732
-9.44702;9.50252;0.626916;-1.99684;0;-9.18238;9.62281;0.725647;1.88744
-9.21388;12.3044;0.389486;2.27164;0;-9.12849;12.1848;0.47702;-1.61937
-4.24066;15.1412;0.558265;1.25426;0.103;-4.25869;15.2032;0.439925;2.9243
-12.6192;4.54136;0.517939;-0.389905;0.034;-12.3429;4.7835;0.521545;-2.26204
-12.8656;-1.92206;0.418912;-0.480337;0.045;-12.4024;-1.85449;0.391827;-2.26212
-12.3056;4.44338;0.193042;2.66607;0.033;-12.0144;4.54468;0.199709;-2.32312
-5.89262;7.58755;0.196875;2.56925;0.204;-6.10629;7.83711;0.273516;-1.85604
-5.19737;12.2758;0.824139;-2.90507;0;-5.36591;12.2625;0.711092;-1.49847
-12.1189;12.289;0.700549;3.04711;0;-12.0697;12.1854;0.345963;-1.80247
-3.48984;10.1616;0.739346;0.335634;0;-3.51736;10.1278;0.822907;2.31481
-4.60169;16.2045;0.642156;-2.39071;0.15;-4.67382;16.2135;0.598762;-0.783881
-13.1653;0.0557392;0.33602;-1.22918;0.045;-13.1234;-0.31025;0.434833;-0.266805
-8.65668;5.14367;0.668346;0.111614;0.045;-8.43551;5.25546;0.289465;-1.62391
-6.74099;16.1432;0.458441;0.888181;0.059;-6.54985;15.9937;0.480907;0.08019
-10.3386;13.8386;0.37095;0.829329;0;-9.97059;14.0093;0.383877;1.54231
-3.64136;9.69665;0.470911;-1.10624;0.192;-3.73174;9.66514;0.359157;0.0202742
-9.19941;7.8755;0.618702;0.252896;0.033;-9.17435;7.9709;0.612157;1.51815
-12.9561;15.8863;0.505262;-2.64982;0.001;-13.0318;15.9354;0.414376;0.617582
-7.65364;10.022;0.353038;1.25398;0;-7.6876;10.0931;0.163453;-0.0954897
-3.34174;11.9885;0.519274;0.448198;0;-3.15703;11.95;0.296327;-0.269438
-7.02898;15.9877;0.167777;-2.42878;0.053;-7.19291;16.0495;0.274852;-1.25408
-12.5899;2.0505;0.524818;-0.220811;0.045;-12.506;2.3157;0.661616;-1.9551
-12.0673;4.60758;0.44748;3.10874;0.033;-12.0144;4.54468;0.199709;-2.32312
-11.8452;10.9161;0.417516;2.25156;0;-11.8475;11.1239;0.422647;2.19323
-3.51424;11.7885;0.240819;-2.45949;0;-3.49564;11.6456;0.336224;-2.28816
-13.8087;7.53905;0.6061;-2.18763;0.033;-13.4048;7.39197;0.467061;0.235223
-9.28537;9.56156;0.307774;-1.3964;0;-9.44702;9.50252;0.626916;-1.99684
-12.7893;-2.13785;0.593684;2.38833;0.045;-12.8656;-1.92206;0.418912;-0.480337
-10.1758;2.86502;0.687894;-1.35358;0.045;-9.91767;3.02568;0.687069;2.78234
-14.488;5.60688;0.220374;-1.50433;0.033;-14.4297;5.40476;0.206433;1.73074
-11.2069;15.5716;0.236031;-0.864777;0;-10.9014;15.5012;0.276703;0.547427
-8.00898;5.06048;0.548294;0.692175;0.045;-8.17199;4.66933;0.687846;2.72456
-8.46474;13.3141;0.774358;0.280333;0;-8.56998;13.144;0.622837;1.47138
-6.43943;9.50046;0.615309;2.44722;0.002;-6.42038;9.53647;0.563665;-2.27221
-13.1797;-2.19353;0.672356;-0.456524;0.045;-12.7893;-2.13785;0.593684;2.38833
-7.04074;9.50072;0.416604;0.0106457;0;-6.80466;9.53992;0.389846;-0.797544
-11.8221;12.8273;0.381557;0.0558249;0;-11.6;13.0229;0.442693;2.83584
-10.6215;16.0934;0.609958;0.0401587;0;-10.4766;15.9879;0.734615;1.22668
-5.26251;9.36919;0.722706;1.0135;0;-5.35136;9.3855;0.489245;2.66776
-4.30895;10.4476;0.235592;-2.07324;0.143;-4.40033;10.2538;0.176126;-1.15173
-8.66973;6.21639;0.253566;2.98193;0.045;-8.74343;6.53406;0.361204;-0.374962
-8.28017;5.16719;0.767163;1.6838;0.045;-8.00898;5.06048;0.548294;0.692175
-12.2201;-1.64425;0.561516;-2.67115;0.045;-12.2169;-1.50287;0.293673;1.77751
-14.0874;11.6261;0.681703;-1.0913;0;-13.9487;11.5154;0.661661;-3.13879
-9.92047;6.51568;0.796378;1.96192;0.045;-10.2677;6.34396;0.82854;1.61481
-4.7012;10.9333;0.500533;2.04615;0;-4.74287;11.1063;0.591074;2.7356
-10.503;5.74012;0.636208;-2.19625;0.047;-10.397;5.56855;0.823845;1.80662
-11.9538;-1.61092;0.209571;0.883135;0.045;-12.2169;-1.50287;0.293673;1.77751
-4.54703;10.9566;0.766131;-1.59305;0;-4.6616;10.9957;0.766662;-0.408732
-3.97588;10.25;0.574748;-2.5043;0;-4.21456;10.1521;0.795375;1.56216
-4.03802;12.1585;0.254105;-0.262599;0;-4.14942;12.4307;0.301916;2.95876
-11.7127;-1.96815;0.698163;3.01478;0.045;-12.2201;-1.64425;0.561516;-2.67115
-12.3236;2.06366;0.150724;2.90701;0.045;-12.5899;2.0505;0.524818;-0.220811
-11.6204;9.90005;0.321745;-0.470349;0;-11.6554;10.2186;0.555181;0.763463
-8.86334;12.5377;0.182617;-1.23432;0;-8.94294;12.4322;0.191039;1.30293
-3.91884;11.6363;0.21379;1.28879;0;-3.81796;11.6775;0.255278;0.591903
-5.88055;10.3762;0.681801;-2.88351;0;-5.95095;10.4469;0.590236;0.0951142
-2.19015;11.746;0.22051;0.153892;0.192;-2.01202;11.7907;0.19569;0.117169
-12.7597;3.75602;0.699463;0.183868;0.035;-13.0201;3.69461;0.443226;1.87339
-8.2945;12.3435;0.167583;0.847762;0;-8.47437;12.6217;0.155026;2.01303
-12.3861;7.87599;0.560149;0.00320284;0.033;-12.4819;8.02806;0.566858;2.64594
-4.01462;11.9276;0.534324;-2.97757;0;-3.92339;11.9155;0.706192;-2.1943
-10.2945;2.53496;0.546964;0.806885;0.045;-10.3837;2.34116;0.492646;-1.17309
-9.52612;11.7693;0.165563;-2.4651;0;-9.0883;12.1468;0.303401;-0.566018
-3.53166;15.8779;0.486484;0.0301283;0.112;-3.61465;16.2673;0.49003;-2.47758
-2.78671;10.2879;0.734278;-0.921759;0.254;-2.88062;10.3098;0.74749;-1.16832
-13.4898;-1.99033;0.557063;0.55504;0.045;-13.1797;-2.19353;0.672356;-0.456524
-11.3484;15.885;0.452284;-2.88828;0;-11.3596;15.7466;0.479879;-1.81491
-3.44765;10.6134;0.646031;1.34254;0;-3.22739;10.6484;0.508926;1.89769
-4.84667;11.1435;0.486118;-0.709316;0;-4.74287;11.1063;0.591074;2.7356
-8.08586;7.68352;0.768772;-0.74762;0.033;-8.23341;7.69115;0.699812;-0.144528
-10.383;5.8914;0.394079;-2.63592;0.05;-10.1692;5.89574;0.239407;2.08256
-9.09342;11.9297;0.269443;0.524281;0;-9.0883;12.1468;0.303401;-0.566018
-6.64981;15.9203;0.245942;0.906349;0.059;-6.54985;15.9937;0.480907;0.08019
-12.838;-1.85411;0.677997;2.10957;0.045;-12.8656;-1.92206;0.418912;-0.480337
-9.89427;1.67925;0.339902;-2.94537;0.045;-9.60957;1.75741;0.270593;0.561698
-14.2762;-1.54856;0.700754;2.73827;0.045;-13.4898;-1.99033;0.557063;0.55504
-8.97482;15.0908;0.75466;3.09965;0;-9.12224;15.1712;0.496501;0.13232
-14.2379;10.6869;0.246312;1.68363;0;-14.1484;10.7644;0.439153;-1.66722
-14.4043;4.15727;0.357778;-1.24071;0.033;-14.1667;4.19057;0.189309;2.51837
-2.6877;9.74279;0.387601;1.80782;0.145;-2.60729;9.82362;0.397015;-0.926
-14.5651;4.4026;0.29926;-0.561312;0.035;-14.4562;4.67018;0.290401;2.56765
-13.2234;16.1418;0.597046;1.00464;0;-13.3174;16.0778;0.32185;0.928336
-8.60437;12.0642;0.421057;2.2948;0;-8.86757;12.0916;0.263473;2.06737
-10.3792;2.77826;0.803499;-1.62087;0.045;-10.1758;2.86502;0.687894;-1.35358
-13.6492;-2.48968;0.439198;2.04942;0.045;-13.4898;-1.99033;0.557063;0.55504
-13.7582;-3.48291;0.398791;-1.59551;0.045;-13.6492;-2.48968;0.439198;2.04942
-13.3003;-4.36984;0.459855;-1.17246;0.045;-13.7582;-3.48291;0.398791;-1.59551
-3.63753;10.8254;0.164806;-1.82445;0.074;-3.75558;11.1489;0.300535;2.26511
-4.07635;9.6107;0.784025;2.95105;0;-4.10178;9.73865;0.706569;0.257176
-5.30541;16.6519;0.412049;0.230064;0.103;-5.1081;16.5452;0.519531;2.93436
-12.3092;0.0061513;0.219245;-3.05467;0.045;-13.1653;0.0557392;0.33602;-1.22918
-13.9725;-2.22714;0.687167;3.0293;0.045;-13.6492;-2.48968;0.439198;2.04942
-8.55397;12.8203;0.158412;2.37681;0;-8.65057;12.9858;0.24299;0.145134
-3.65781;11.0838;0.823684;1.69935;0;-3.69381;11.108;0.837544;0.772519
-11.093;2.19297;0.205798;-2.29801;0.045;-10.7525;2.24154;0.311739;-2.83283
-8.43487;15.6607;0.406505;-0.476831;0.035;-8.27122;15.7715;0.484015;-0.878882
-14.2227;11.6835;0.189801;0.219367;0;-14.1907;11.7864;0.600912;1.46823
-14.0238;-3.66506;0.354594;2.65494;0.045;-13.7582;-3.48291;0.398791;-1.59551
-9.3921;16.3357;0.404071;-0.800626;0;-9.45807;16.1793;0.26849;2.68342
-12.1739;0.209803;0.690006;1.74433;0.045;-12.3092;0.0061513;0.219245;-3.05467
-7.98512;3.80533;0.22908;-0.846163;0.045;-7.56968;3.71667;0.36506;2.87898
-8.25078;5.65683;0.374087;-3.02392;0.045;-8.11988;5.71837;0.543828;1.23674
-6.5224;9.24093;0.169169;2.22883;0;-6.80466;9.53992;0.389846;-0.797544
-13.0307;2.35423;0.242755;2.62872;0.045;-12.5899;2.0505;0.524818;-0.220811
-6.3622;9.8252;0.481015;2.32816;0;-6.21998;10.0032;0.501606;1.37249
-12.9316;7.94116;0.790784;-0.816489;0.033;-13.1965;7.93132;0.504936;-0.632159
-2.67677;12.4934;0.644761;1.80861;0.192;-2.38111;12.5157;0.664616;2.09073
-14.2106;1.67276;0.241531;2.20597;0.045;-13.6308;1.48702;0.411616;2.60163
-13.5325;-3.69168;0.457403;1.3649;0.045;-13.7582;-3.48291;0.398791;-1.59551
-12.5614;15.5325;0.231747;-1.75021;0;-12.9288;15.3808;0.186485;-1.56519
-14.412;4.50222;0.695529;2.84327;0.035;-14.5651;4.4026;0.29926;-0.561312
-11.5951;-1.36104;0.789748;-0.997736;0.045;-11.7127;-1.96815;0.698163;3.01478
-4.32908;15.2075;0.82937;-0.552838;0.103;-4.24066;15.1412;0.558265;1.25426
-12.3596;-4.70742;0.493273;-0.164457;0.045;-13.3003;-4.36984;0.459855;-1.17246
-9.8878;5.52416;0.687405;-0.616088;0.045;-10.0681;5.49282;0.720539;2.31665
-12.9768;9.69584;0.290624;-1.58715;0;-13.0174;9.62523;0.467551;-1.32921
-12.1398;8.07905;0.212493;1.99508;0.033;-12.2954;7.80291;0.174799;-1.84555
-8.52079;12.2564;0.326819;0.99987;0;-8.60437;12.0642;0.421057;2.2948
-12.56;-3.47535;0.542919;-1.59467;0.045;-13.5325;-3.69168;0.457403;1.3649
-13.0283;-4.0704;0.561692;2.8629;0.045;-13.3003;-4.36984;0.459855;-1.17246
-12.861;2.4349;0.268508;-2.38525;0.045;-13.0307;2.35423;0.242755;2.62872
-8.21673;15.9286;0.191092;-2.94745;0.034;-8.27122;15.7715;0.484015;-0.878882
-5.38295;15.0797;0.686443;-2.55584;0.064;-5.30352;15.0659;0.64916;-1.99753
-14.5391;-4.41184;0.775058;1.85448;0.045;-14.0238;-3.66506;0.354594;2.65494
-11.7745;-0.354416;0.368225;-0.793685;0.045;-12.3092;0.0061513;0.219245;-3.05467
-8.08448;5.89535;0.443248;1.37094;0.045;-8.11988;5.71837;0.543828;1.23674
-3.4255;15.6699;0.78889;-1.54019;0.112;-3.53166;15.8779;0.486484;0.0301283
-14.3678;0.978489;0.311341;-1.68669;0.045;-14.2106;1.67276;0.241531;2.20597
-4.36773;14.2445;0.387755;0.145495;0.233;-4.0736;14.4055;0.281704;-2.54713
-9.50679;15.2706;0.298593;0.408254;0;-9.63013;15.0059;0.484129;-0.329675
-8.59119;12.749;0.542064;-1.45386;0;-8.54192;12.9229;0.661867;0.277542
-12.6489;-0.659306;0.668809;-2.45281;0.045;-12.2891;-0.86118;0.414155;0.374398
-9.54851;11.9608;0.330079;-1.28796;0;-9.52612;11.7693;0.165563;-2.4651
-11.3909;6.003;0.317842;0.783968;0.04;-11.4205;5.89028;0.417901;0.945033
-7.75162;13.0387;0.186818;-0.128685;0;-7.60985;13.1351;0.503407;1.51156
-14.3969;5.93662;0.643855;2.73278;0.033;-14.1862;5.93267;0.50491;2.20083
-10.463;3.62399;0.838479;-0.0269067;0.045;-10.4735;3.4276;0.587896;2.15805
-7.09601;10.0227;0.204145;-1.90301;0;-6.90551;9.70785;0.404235;1.11072
-4.28928;14.9375;0.180538;1.74938;0.103;-4.25869;15.2032;0.439925;2.9243
-10.6851;10.277;0.512494;-0.899887;0;-10.6808;10.111;0.713196;-2.1292
-7.797;6.34811;0.19735;-2.2407;0.045;-7.8722;6.19544;0.500847;1.24392
-5.67472;13.6764;0.754605;-1.5373;0.147;-5.50237;13.6409;0.569692;2.54579
-7.84199;16.4822;0.309445;1.93369;0.031;-8.08365;16.5831;0.573881;1.515
-13.7911;16.5688;0.808222;-0.364295;0;-13.8067;16.5822;0.76603;-2.4274
-9.57028;2.9227;0.632388;-1.8445;0.045;-9.68286;3.05426;0.476055;0.0110168
-12.3212;16.0208;0.462799;-2.28654;0;-12.3844;15.9807;0.258153;2.67036
-12.0447;3.68149;0.309235;-0.688824;0.033;-12.0259;3.6104;0.510096;0.177873
-10.8988;2.19227;0.538426;2.67365;0.045;-10.7525;2.24154;0.311739;-2.83283
-6.94519;9.52188;0.226818;-0.163167;0;-7.04074;9.50072;0.416604;0.0106457
-14.6585;-4.3087;0.417915;1.99579;0.045;-14.5391;-4.41184;0.775058;1.85448
-9.00789;13.6317;0.693773;1.09994;0;-9.21431;13.8163;0.736139;1.26047
-13.2002;1.956;0.238692;2.09613;0.045;-13.0307;2.35423;0.242755;2.62872
-10.1555;13.1848;0.832354;-1.83298;0;-10.1058;12.8403;0.669224;0.768721
-14.5853;4.98855;0.664433;-0.615017;0.034;-14.4562;4.67018;0.290401;2.56765
-13.0197;10.3302;0.610359;-1.65419;0;-12.9517;10.262;0.683099;-2.58955
-12.3128;11.0256;0.402648;-0.145311;0;-12.5155;11.0328;0.493529;-0.596842
-6.56655;9.13365;0.468447;-1.48694;0.074;-6.4442;9.0573;0.719663;1.18199
-11.8604;11.8297;0.732493;-1.85344;0;-12.084;11.7224;0.485254;2.08064
-14.4691;0.230547;0.362637;-1.4344;0.045;-14.2199;0.0292832;0.207425;2.61696
-8.94523;12.9096;0.567576;0.59554;0;-8.84739;13.1275;0.576287;-2.58058
-12.4506;13.675;0.838255;3.14094;0;-12.2809;13.9169;0.66203;2.64169
-6.0511;11.0832;0.422222;-0.608456;0;-6.18969;10.8956;0.578684;-2.32763
-6.73837;10.6275;0.535267;0.0595888;0;-6.63788;10.5292;0.345985;-0.763514
-3.44838;16.0617;0.784271;-2.01031;0.114;-3.53166;15.8779;0.486484;0.0301283
-13.8554;1.04964;0.25018;-0.123423;0.045;-13.6308;1.48702;0.411616;2.60163
-3.39411;10.5954;0.725822;0.134625;0;-3.44765;10.6134;0.646031;1.34254
-12.3595;-0.499504;0.233369;0.313406;0.045;-12.2891;-0.86118;0.414155;0.374398
-10.5179;2.73206;0.534847;2.59007;0.045;-10.2945;2.53496;0.546964;0.806885
-13.5204;9.93998;0.619684;-3.01954;0;-13.7234;10.0324;0.622535;0.925474
-11.3642;-4.69063;0.399101;-2.81447;0.045;-12.3596;-4.70742;0.493273;-0.164457
-9.8675;15.3735;0.84437;0.3973;0;-9.88746;15.458;0.674405;-2.18015
-12.2562;3.86783;0.575624;1.25806;0.033;-12.0259;3.6104;0.510096;0.177873
-13.2539;-0.072552;0.443386;-2.03643;0.045;-13.1653;0.0557392;0.33602;-1.22918
-13.6935;1.70292;0.765554;3.00631;0.045;-13.3763;1.80811;0.791616;1.63863
-14.6821;-3.84756;0.81946;-1.39538;0.045;-14.5391;-4.41184;0.775058;1.85448
-9.7389;7.99927;0.541914;-1.7309;0.033;-9.75796;8.04856;0.697303;2.07522
-12.5776;12.9016;0.692019;2.68301;0;-12.5278;12.6583;0.662787;-3.13438
-14.5829;-4.20787;0.279851;-2.48602;0.045;-14.6585;-4.3087;0.417915;1.99579
-11.6832;12.9318;0.612556;2.1543;0;-11.6059;12.9951;0.607125;-2.70837
-11.887;-0.810252;0.163922;2.26294;0.045;-12.2891;-0.86118;0.414155;0.374398
-10.0733;10.3002;0.26939;-2.00158;0;-9.91613;10.1973;0.157369;-1.24137
-10.3907;-4.47549;0.47625;1.42215;0.045;-11.3642;-4.69063;0.399101;-2.81447
-11.7337;-4.49736;0.326247;2.80486;0.045;-11.3642;-4.69063;0.399101;-2.81447
-5.68221;12.0623;0.763032;0.569449;0;-5.53854;12.138;0.842494;-2.9851
-9.45574;-4.12381;0.429071;1.8988;0.045;-10.3907;-4.47549;0.47625;1.42215
-2.52727;11.9669;0.830923;0.177863;0.439;-2.50836;11.657;0.82153;0.889513
-6.11639;12.1854;0.535037;-1.6672;0;-6.14426;12.1506;0.527905;-1.88625
-10.8529;6.18058;0.228272;2.07984;0.045;-10.8171;6.13977;0.276922;-2.06004
-12.8835;4.69489;0.802226;-2.06987;0.034;-12.6192;4.54136;0.517939;-0.389905
-10.2372;7.82521;0.544619;-0.914093;0.033;-10.3583;7.8768;0.578423;2.7511
-4.83756;11.4609;0.775352;-2.34488;0;-4.74349;11.4157;0.838179;1.58114
-14.0684;5.68925;0.353063;-2.55698;0.033;-14.1862;5.93267;0.50491;2.20083
-6.32856;16.2945;0.73875;-3.04426;0.056;-6.26579;16.2099;0.843157;0.462729
-5.31763;11.9678;0.417864;-2.26023;0;-5.3055;11.948;0.554886;-0.41748
-10.905;10.4039;0.772035;2.10757;0;-10.6851;10.277;0.512494;-0.899887
-12.6663;-4.25784;0.731208;2.75969;0.045;-13.0283;-4.0704;0.561692;2.8629
-11.1326;6.32246;0.738257;-2.6526;0.045;-10.7166;6.10217;0.407834;-0.827031
-5.57333;10.4606;0.277949;-1.87135;0;-5.61024;10.2536;0.171949;-0.461839
-10.0731;-4.26659;0.164955;-2.45335;0.045;-10.3907;-4.47549;0.47625;1.42215
-6.1282;12.214;0.491701;1.27161;0.005;-6.11639;12.1854;0.535037;-1.6672
-5.18922;11.0873;0.686547;1.69556;0;-5.36195;11.2401;0.484036;3.13331
-9.9763;15.7823;0.746046;1.31504;0;-9.9853;15.9142;0.70528;2.94459
-12.4244;5.2405;0.797441;1.84961;0.033;-12.3014;5.39937;0.540559;2.17482
-6.11554;10.9701;0.670081;-0.401953;0;-6.18969;10.8956;0.578684;-2.32763
-10.8775;16.2757;0.239125;-2.63375;0;-11.0487;16.2926;0.539926;-2.91788
-13.3571;9.58559;0.387741;2.29455;0;-13.1586;9.60698;0.659131;1.59693
-10.0883;2.99947;0.769729;-2.56659;0.045;-10.1758;2.86502;0.687894;-1.35358
-5.5787;15.094;0.209554;-0.979896;0.056;-5.45075;15.0561;0.219118;-0.708145
-10.4646;3.48347;0.575328;-2.65195;0.045;-10.4735;3.4276;0.587896;2.15805
-12.6172;4.22724;0.40061;-1.40722;0.034;-12.6192;4.54136;0.517939;-0.389905
-12.037;11.7412;0.740062;-1.00006;0;-11.8604;11.8297;0.732493;-1.85344
-13.4696;3.93918;0.847941;1.84439;0.039;-13.4418;3.91997;0.59939;0.646976
-13.8649;11.6905;0.552324;-2.16685;0;-13.9487;11.5154;0.661661;-3.13879
-7.90842;10.305;0.36218;-2.20386;0;-7.69811;10.1216;0.173783;-2.52935
-8.71238;14.8267;0.444095;-1.42701;0;-8.78946;14.6271;0.57275;-2.12871
-13.2425;15.7577;0.757068;2.78339;0;-13.1909;15.5062;0.814633;0.655119
-5.54318;8.00056;0.849079;0.654801;0.204;-5.56716;8.29107;0.66828;1.87324
-14.1858;16.3269;0.303341;2.35029;0;-14.3597;16.4599;0.451361;2.08243
-7.83183;3.68796;0.28103;0.410646;0.045;-7.98512;3.80533;0.22908;-0.846163
-11.8012;10.5353;0.699681;-1.30646;0;-11.7023;10.3533;0.542558;2.94665
-12.1431;14.1104;0.736226;0.0194179;0;-12.0632;14.1026;0.772364;1.40583
-8.60999;4.0196;0.20545;-2.65515;0.045;-8.4818;3.99737;0.31209;1.7177
-8.19719;12.76;0.197323;-0.291268;0;-8.47437;12.6217;0.155026;2.01303
-12.9979;16.3155;0.502314;-2.90661;0;-12.7756;16.2258;0.513968;2.15031
-12.0439;8.183;0.794247;2.16923;0.033;-11.8414;8.00827;0.504806;0.20045
-8.46642;8.08162;0.648653;-0.242536;0.033;-8.53239;8.2002;0.483249;0.377044
-13.3129;-0.121409;0.668625;-2.1838;0.045;-13.2539;-0.072552;0.443386;-2.03643
-10.1773;10.088;0.294751;-0.342987;0;-10.0401;10.0294;0.399003;0.574324
-4.72994;11.9129;0.333317;-1.08162;0;-4.66816;11.9904;0.396663;0.370622
-9.04652;16.4601;0.350998;2.14376;0.031;-8.91883;16.5537;0.260144;2.88644
-6.01119;8.83;0.40673;-2.99099;0.204;-5.8184;8.78788;0.442421;2.86359
-8.74611;9.88926;0.187023;-2.68339;0;-8.7505;9.69898;0.159583;-2.20059
-10.8209;7.73714;0.198684;2.66754;0.033;-10.8739;7.87718;0.210819;0.813121
-14.1445;-1.84089;0.230187;-2.52015;0.045;-14.2762;-1.54856;0.700754;2.73827
-13.4385;4.23758;0.20926;0.408769;0.039;-13.514;4.48909;0.487208;2.03959
-5.15555;9.46239;0.337904;0.271226;0;-5.35136;9.3855;0.489245;2.66776
-3.76747;15.7685;0.294369;-2.59098;0.141;-3.53166;15.8779;0.486484;0.0301283
-6.35173;8.50543;0.452597;-2.95647;0.08;-6.4412;8.33093;0.453976;-0.858397
-11.1408;15.8528;0.321134;3.08582;0;-11.3484;15.885;0.452284;-2.88828
-9.82139;8.32139;0.193751;-2.08915;0.033;-9.89886;8.03851;0.560188;-2.91655
-11.4905;10.2574;0.598992;1.9221;0;-11.386;10.1831;0.556458;1.86761
-14.6188;8.10772;0.552206;0.00843285;0.033;-14.5057;7.67636;0.467136;2.57
-11.2839;6.20427;0.531125;-0.531621;0.045;-11.1326;6.32246;0.738257;-2.6526
-3.87371;16.3591;0.248665;2.72727;0.103;-3.55834;16.3378;0.23545;-1.07658
-7.96927;12.1547;0.164503;1.69167;0;-7.76352;12.1386;0.28934;-0.789994
-12.3218;12.3465;0.680288;0.576869;0;-12.1189;12.289;0.700549;3.04711
-11.3359;-4.53686;0.780022;0.162578;0.045;-11.3642;-4.69063;0.399101;-2.81447
-8.12145;12.06;0.742683;-0.369562;0;-8.19336;12.1456;0.754423;-0.15838
-14.4368;-2.51793;0.372968;-0.543289;0.045;-13.9725;-2.22714;0.687167;3.0293
-8.18626;12.1696;0.469934;2.15974;0;-8.19336;12.1456;0.754423;-0.15838
-8.34832;5.99949;0.725306;-0.0507537;0.045;-8.08448;5.89535;0.443248;1.37094
-12.669;15.0739;0.72465;-0.57165;0;-12.7456;15.1052;0.704483;-2.9889
-13.9199;7.9838;0.632728;-2.95522;0.033;-13.8087;7.53905;0.6061;-2.18763
-13.8244;-1.82383;0.786398;2.32481;0.045;-13.4898;-1.99033;0.557063;0.55504
-8.06208;6.02607;0.819334;-1.50465;0.045;-8.34832;5.99949;0.725306;-0.0507537
-6.86515;15.4142;0.506677;0.182305;0.014;-7.03567;15.4481;0.290087;-1.20632
-11.4967;7.95899;0.537661;0.47733;0.033;-11.4908;8.26505;0.504232;1.11393
-12.0325;16.457;0.843286;0.495074;0;-11.889;16.3995;0.674876;2.19972
-10.4396;2.20217;0.166714;1.87627;0.045;-10.7525;2.24154;0.311739;-2.83283
-4.38785;11.2223;0.641683;-1.98988;0.037;-4.28149;11.1828;0.730497;-0.0272183
-14.3704;6.48539;0.404607;0.211845;0.033;-14.3853;6.6839;0.444484;-3.084
-6.38957;8.36078;0.537591;-1.53229;0.201;-6.4412;8.33093;0.453976;-0.858397
-10.0555;7.662;0.189646;-0.178302;0.033;-10.2264;7.77407;0.364412;-0.0578089
-9.26306;11.9387;0.610549;-1.34379;0;-9.12849;12.1848;0.47702;-1.61937
-1.70244;11.6109;0.173494;-0.501391;0.192;-1.71021;11.6426;0.239742;2.65452
-2.96493;12.3482;0.400208;-1.41612;0.192;-2.67677;12.4934;0.644761;1.80861
-4.54971;15.0855;0.373593;0.0301404;0.103;-4.25869;15.2032;0.439925;2.9243
-4.68021;11.7186;0.46219;1.9253;0;-4.62451;11.7926;0.473668;-1.01796
-12.1342;4.92462;0.274028;-1.63527;0.033;-12.3429;4.7835;0.521545;-2.26204
-9.44918;-3.12927;0.533207;0.642174;0.045;-9.45574;-4.12381;0.429071;1.8988
-14.0508;14.2386;0.414319;1.67907;0.118;-14.3121;14.1586;0.286192;-1.14275
-3.56343;14.9265;0.345088;-2.31155;0.123;-3.63254;14.886;0.687186;2.31949
-5.49847;11.9231;0.651728;-1.45938;0;-5.63068;11.7675;0.6395;-0.0931021
-13.9863;9.88908;0.378242;-1.02068;0;-13.6956;9.85913;0.198458;2.89849
-11.7385;-0.583948;0.246618;-0.636023;0.045;-11.7745;-0.354416;0.368225;-0.793685
-6.01305;15.209;0.653152;-0.693377;0.056;-6.10253;15.4297;0.642282;1.80485
-4.77973;12.0703;0.41524;0.304529;0;-4.66816;11.9904;0.396663;0.370622
-10.1501;-3.18742;0.348695;-1.59239;0.114;-9.44918;-3.12927;0.533207;0.642174
-9.16506;16.1645;0.819705;2.43869;0;-9.20751;16.2925;0.759713;1.81523
-9.21559;4.11339;0.400521;0.0459646;0.045;-9.41523;4.31932;0.278506;1.54141
-10.4139;16.5222;0.575902;2.12437;0;-10.2072;16.4513;0.386821;-1.1452
-10.2947;-2.90365;0.550724;1.42677;0.114;-10.1501;-3.18742;0.348695;-1.59239
-9.93081;-1.97548;0.472898;0.268084;0.114;-10.2947;-2.90365;0.550724;1.42677
-9.94781;16.4916;0.250852;3.09588;0;-10.0256;16.4341;0.209699;-2.75157
-3.50896;9.9642;0.271472;-0.173006;0.172;-3.53704;9.87649;0.369616;-0.96971
-11.0457;6.26782;0.608522;1.66458;0.045;-11.1326;6.32246;0.738257;-2.6526
-3.6088;9.55405;0.323692;0.38518;0;-3.73174;9.66514;0.359157;0.0202742
-10.188;-2.52731;0.34309;1.93755;0.114;-10.2947;-2.90365;0.550724;1.42677
-4.88889;11.807;0.642821;0.821905;0;-4.86867;11.7711;0.69405;-0.18836
-7.50224;7.83351;0.815754;-1.92523;0.033;-7.29687;7.70644;0.708501;0.947823
-11.9598;4.58937;0.26298;-0.591233;0.033;-12.0144;4.54468;0.199709;-2.32312
-8.4856;5.13488;0.165499;-1.10205;0.045;-8.43551;5.25546;0.289465;-1.62391
-6.46625;15.8015;0.280165;0.809456;0.059;-6.64981;15.9203;0.245942;0.906349
-6.03349;13.9886;0.486992;0.695456;0.089;-6.06109;13.7672;0.595063;1.57564
-14.5039;4.29959;0.357646;2.07321;0.035;-14.5651;4.4026;0.29926;-0.561312
-9.30424;8.27597;0.515383;-1.09925;0.033;-9.17435;7.9709;0.612157;1.51815
-10.2665;-3.89284;0.229415;3.13615;0.045;-10.0731;-4.26659;0.164955;-2.45335
-10.0819;10.0278;0.277246;-2.03594;0;-10.1773;10.088;0.294751;-0.342987
-13.0019;15.3042;0.397619;1.0414;0;-12.9288;15.3808;0.186485;-1.56519
-4.85527;14.5359;0.613297;0.350138;0.056;-5.11272;14.7295;0.49206;-0.387513
-11.4828;15.2802;0.609037;1.73391;0;-11.6072;15.0293;0.656095;1.69335
-11.6539;12.0058;0.711586;2.33577;0;-11.6308;12.1538;0.807954;0.0572761
-8.35624;15.1682;0.61015;0.687107;0;-8.31927;15.0435;0.771538;-0.979222
-4.68357;14.6909;0.677846;-1.90823;0.056;-4.85527;14.5359;0.613297;0.350138
-8.39725;7.72017;0.747589;0.83825;0.033;-8.23341;7.69115;0.699812;-0.144528
-9.88989;13.9573;0.797002;2.21001;0;-9.74361;14.1246;0.728866;-0.913016
-14.6521;11.8466;0.554166;2.66503;0;-14.4801;12.1045;0.542639;0.0410457
-5.50363;11.2636;0.688774;-1.59863;0;-5.36195;11.2401;0.484036;3.13331
-5.69276;7.6936;0.184011;0.152871;0.204;-5.89262;7.58755;0.196875;2.56925
-10.3907;-2.07782;0.589734;2.74045;0.114;-9.93081;-1.97548;0.472898;0.268084
-12.674;0.310834;0.220925;-1.14695;0.045;-12.3092;0.0061513;0.219245;-3.05467
-12.509;10.3603;0.46433;-0.367965;0;-12.4032;10.525;0.418646;1.04923
-13.0801;4.34316;0.692745;-0.329664;0.036;-13.127;4.0179;0.465451;3.05032
-7.651;5.05532;0.689661;-0.911165;0.045;-7.64988;4.80544;0.451642;-0.168508
-14.4027;5.50749;0.808378;0.569298;0.033;-14.0759;5.70899;0.844428;0.294665
-5.77653;11.8957;0.394862;-0.840797;0;-5.76623;11.9177;0.535782;2.17255
-7.89211;4.26549;0.287914;-2.00757;0.045;-8.0623;4.63729;0.296625;2.31448
-13.9845;4.89309;0.675289;-1.59957;0.033;-14.0391;4.93009;0.692058;-1.00344
-8.71805;15.499;0.345384;-3.10161;0.035;-8.43487;15.6607;0.406505;-0.476831
-7.86639;8.10579;0.342088;-0.0557508;0.033;-7.7732;8.19618;0.387772;0.354655
-14.2625;4.66861;0.153367;2.15189;0.033;-14.4562;4.67018;0.290401;2.56765
-13.1362;4.65741;0.596019;-0.31967;0.04;-12.8835;4.69489;0.802226;-2.06987
-5.86956;8.46877;0.266833;-2.09043;0.319;-5.96615;8.36981;0.419477;1.71865
-6.53262;8.76628;0.36644;-3.11741;0.033;-6.7269;8.83673;0.535698;0.936401
-14.5682;2.37584;0.318208;-0.313232;0.045;-14.2106;1.67276;0.241531;2.20597
-10.2582;13.6784;0.344201;-0.457221;0;-10.3386;13.8386;0.37095;0.829329
-13.4963;8.47342;0.527329;-0.727706;0.033;-13.2381;7.98196;0.442154;0.127224
-14.4892;4.26005;0.311851;1.97082;0.035;-14.5039;4.29959;0.357646;2.07321
-13.1047;-3.72456;0.176617;-0.537733;0.045;-13.5325;-3.69168;0.457403;1.3649
-9.11075;16.3587;0.841704;-0.0694394;0;-9.20751;16.2925;0.759713;1.81523
-13.8046;4.63648;0.217328;1.12916;0.033;-13.7178;4.41062;0.466925;-1.04739
-11.7364;14.5104;0.406348;0.868243;0;-11.8104;14.284;0.326414;-2.12078
-13.9767;-4.64279;0.773015;1.84029;0.045;-14.5391;-4.41184;0.775058;1.85448
-4.8912;11.7664;0.250032;1.94513;0;-4.72994;11.9129;0.333317;-1.08162
-8.49195;3.68371;0.449395;-0.948363;0.045;-8.4818;3.99737;0.31209;1.7177
-8.1353;10.1654;0.428528;-1.64908;0;-8.30479;10.1617;0.265841;-1.48883
-12.5236;11.4376;0.215503;-2.42683;0;-12.5314;11.2917;0.346965;0.36787
-14.4199;-3.65958;0.407248;1.45617;0.045;-14.0238;-3.66506;0.354594;2.65494
-13.2685;8.12255;0.165382;-0.506401;0.033;-13.2381;7.98196;0.442154;0.127224
-12.049;-1.86413;0.27376;-2.42809;0.045;-11.9538;-1.61092;0.209571;0.883135
-12.6112;10.2994;0.560541;-1.44763;0;-12.509;10.3603;0.46433;-0.367965
-14.6445;-3.93767;0.576109;-2.49154;0.045;-14.6821;-3.84756;0.81946;-1.39538
-11.1748;7.55764;0.409244;1.50551;0.033;-11.4415;7.64239;0.551548;0.0500899
-6.03111;10.7091;0.666153;-2.57535;0;-6.02719;10.7135;0.832734;1.85333
-8.94011;4.02018;0.714253;-0.915667;0.045;-8.80598;3.89611;0.701603;0.66859
-4.844;11.9469;0.345543;-2.05797;0;-4.72994;11.9129;0.333317;-1.08162
-5.94897;10.6675;0.339001;1.90663;0;-5.94753;10.7818;0.471564;3.13531
-11.8315;8.2022;0.494746;1.53805;0.033;-11.8414;8.00827;0.504806;0.20045
-4.36561;14.3849;0.630376;1.2417;0.233;-4.36773;14.2445;0.387755;0.145495
-5.30174;13.7671;0.522925;-1.40504;0.115;-5.20632;13.6694;0.58028;2.00248
-5.24108;9.54656;0.437062;-2.83936;0;-5.15555;9.46239;0.337904;0.271226
-4.65494;11.3319;0.668931;0.976771;0;-4.74349;11.4157;0.838179;1.58114
-7.76751;10.0795;0.608608;-0.592621;0;-7.65364;10.022;0.353038;1.25398
-11.9523;-1.73344;0.452567;0.716537;0.045;-12.049;-1.86413;0.27376;-2.42809
-11.2314;5.37237;0.681778;0.391166;0.04;-11.3648;5.30398;0.238816;-1.95786
-8.59985;8.03739;0.340038;2.13001;0.033;-8.53239;8.2002;0.483249;0.377044
-9.74674;-3.94313;0.66403;2.72432;0.045;-9.45574;-4.12381;0.429071;1.8988
-4.96803;11.4228;0.620454;-0.851437;0;-5.07949;11.4861;0.649417;0.456133
-2.45575;12.1233;0.472889;2.12262;0.367;-2.26275;12.3965;0.325967;1.55216
-14.2113;7.81002;0.204462;2.61036;0.033;-14.4534;7.54024;0.282745;0.225497
-7.86153;6.19115;0.185366;2.06811;0.045;-7.797;6.34811;0.19735;-2.2407
-6.44637;11.1598;0.469856;2.84842;0;-6.24968;11.2275;0.775663;0.450989
-7.85737;12.1154;0.526441;0.847709;0;-7.7352;11.9116;0.546485;-0.253329
-5.88488;8.97122;0.33343;0.375486;0.204;-6.01119;8.83;0.40673;-2.99099
-12.403;-0.849836;0.432087;2.01546;0.045;-12.2891;-0.86118;0.414155;0.374398
-10.352;2.00756;0.398341;-0.245016;0.045;-10.4396;2.20217;0.166714;1.87627
-14.3037;15.8972;0.752207;1.7351;0;-14.5465;16.0086;0.580235;2.88237
-12.9131;-1.85063;0.211234;-1.85837;0.045;-12.8656;-1.92206;0.418912;-0.480337
-5.87943;13.9997;0.341633;-2.37943;0.089;-6.03349;13.9886;0.486992;0.695456
-9.59566;-3.8636;0.300864;-0.0869289;0.045;-9.45574;-4.12381;0.429071;1.8988
-14.3034;0.440869;0.337726;-1.02423;0.045;-14.4691;0.230547;0.362637;-1.4344
-13.1893;16.4836;0.295481;-1.56579;0.012;-12.9979;16.3155;0.502314;-2.90661
-4.31382;9.67102;0.202454;2.98497;0;-4.26371;9.68665;0.269827;1.7934
-11.5981;-3.35175;0.786956;-1.38451;0.13;-12.56;-3.47535;0.542919;-1.59467
-11.4642;16.0107;0.156227;-1.55353;0;-11.289;16.0911;0.284596;0.00598528
-13.0388;-1.57755;0.426442;0.197009;0.045;-12.9131;-1.85063;0.211234;-1.85837
-13.5828;1.3129;0.58754;-0.701011;0.045;-13.6308;1.48702;0.411616;2.60163
-7.99945;12.8856;0.209589;1.97184;0;-8.19719;12.76;0.197323;-0.291268
-11.115;10.3287;0.247291;-1.04454;0;-11.0531;10.4294;0.427151;-1.85606
-14.5454;5.36806;0.402491;-1.1998;0.033;-14.4297;5.40476;0.206433;1.73074
-13.4599;16.4852;0.209137;1.67139;0.012;-13.1893;16.4836;0.295481;-1.56579
-14.3641;11.1329;0.251133;0.453994;0;-14.2248;11.1467;0.410891;2.09751
-12.6757;10.1605;0.525448;0.270966;0;-12.6112;10.2994;0.560541;-1.44763
-13.5756;4.78284;0.492586;0.616302;0.037;-13.514;4.48909;0.487208;2.03959
-14.654;9.72991;0.371583;-1.96915;0;-14.6164;9.98758;0.389811;2.0441
-11.8923;3.77871;0.152178;2.22989;0.033;-11.6988;3.88111;0.175259;-0.1429
-12.2897;1.52385;0.484599;0.826253;0.045;-12.6502;1.67889;0.372106;-2.9859
-12.1347;1.72943;0.434069;2.12347;0.045;-12.2897;1.52385;0.484599;0.826253
-9.00075;8.16345;0.158143;-2.1193;0.033;-9.2125;7.92423;0.402494;0.0140059
-7.66934;5.98144;0.155767;2.57549;0.045;-7.86153;6.19115;0.185366;2.06811
-12.3497;10.3006;0.264712;-0.923254;0;-12.4758;10.4526;0.153924;1.97243
-10.9321;7.99105;0.288107;-0.0712741;0.033;-10.8739;7.87718;0.210819;0.813121
-5.27923;12.2458;0.466668;3.02612;0;-5.36591;12.2625;0.711092;-1.49847
-14.3923;16.5217;0.375732;2.23811;0;-14.3597;16.4599;0.451361;2.08243
-5.74605;8.34543;0.171003;1.44419;0.319;-5.86956;8.46877;0.266833;-2.09043
-4.8735;12.3077;0.356158;1.06287;0;-4.89816;12.3088;0.593228;2.08532
-5.21725;9.75503;0.359377;-2.8428;0;-5.1095;9.77794;0.385159;-0.572814
-7.04443;15.8367;0.680651;2.60967;0.014;-7.04069;15.6218;0.580605;-2.93461
-3.69248;10.6055;0.201324;0.712892;0.074;-3.63753;10.8254;0.164806;-1.82445
-10.418;13.7749;0.204151;-0.905064;0;-10.3386;13.8386;0.37095;0.829329
-5.99611;9.59785;0.530319;-2.83509;0;-6.08106;9.48736;0.593211;1.32754
-10.5533;-2.47002;0.818315;1.25458;0.114;-10.3907;-2.07782;0.589734;2.74045
-11.5798;-1.05692;0.650357;3.11284;0.045;-11.5951;-1.36104;0.789748;-0.997736
-8.3373;4.90702;0.271238;1.67681;0.045;-8.4856;5.13488;0.165499;-1.10205
-13.7148;10.8784;0.780031;-2.41848;0;-13.9507;10.8408;0.742229;-2.88978
-12.1764;-3.52331;0.712325;0.116813;0.045;-12.56;-3.47535;0.542919;-1.59467
-6.22818;15.219;0.832777;1.83812;0.056;-6.28611;15.3579;0.641958;2.13544
-8.18;10.2651;0.763844;2.55928;0;-8.1353;10.1654;0.428528;-1.64908
-13.5962;8.51803;0.74876;0.186826;0.033;-13.4963;8.47342;0.527329;-0.727706
-5.9347;11.8539;0.445364;-2.58375;0;-5.77653;11.8957;0.394862;-0.840797
-13.5484;-1.87848;0.619433;0.744831;0.045;-13.4898;-1.99033;0.557063;0.55504
-11.8671;10.2602;0.215068;-1.73063;0;-11.8537;10.1898;0.577567;2.06915
-13.7711;6.2908;0.801062;-2.78614;0.033;-13.9941;6.23959;0.474288;2.11489
-11.8564;1.85783;0.422099;1.87549;0.045;-11.7337;1.93523;0.447271;0.341665
-3.66853;10.062;0.236929;0.995695;0.172;-3.50896;9.9642;0.271472;-0.173006
-2.38033;9.76746;0.333962;-0.494301;0.145;-2.57621;9.68454;0.255085;-0.781033
-2.92027;11.9567;0.66523;1.56021;0.439;-2.52727;11.9669;0.830923;0.177863
-3.97724;11.3524;0.820448;0.459206;0;-3.87051;11.3052;0.822069;-0.181764
-12.935;1.954;0.580447;-1.75362;0.045;-12.5899;2.0505;0.524818;-0.220811
-3.59564;11.3489;0.483647;-1.15187;0.023;-3.72516;11.4089;0.494115;0.0134045
-13.8913;15.951;0.467521;1.2972;0;-14.112;15.8381;0.446015;2.15353
-12.05;11.3775;0.430644;2.36319;0;-12.2114;11.2837;0.54881;-2.10482
-8.76696;14.7296;0.769843;0.677307;0;-8.78946;14.6271;0.57275;-2.12871
-11.1705;-4.66851;0.460813;-1.7199;0.257;-11.3642;-4.69063;0.399101;-2.81447
-5.64333;7.96415;0.681526;2.56499;0.204;-5.54318;8.00056;0.849079;0.654801
-12.9152;-1.78278;0.764086;2.80703;0.045;-12.838;-1.85411;0.677997;2.10957
-9.75311;14.8863;0.464095;1.41777;0;-9.63013;15.0059;0.484129;-0.329675
-12.6191;8.09019;0.803875;-1.51581;0.033;-12.4819;8.02806;0.566858;2.64594
-12.9065;0.205101;0.322403;-0.387441;0.045;-12.674;0.310834;0.220925;-1.14695
-8.35673;14.2075;0.318582;-1.3783;0;-8.45323;14.3609;0.570897;-2.96126
-14.2298;15.9214;0.747787;-2.71993;0;-14.3037;15.8972;0.752207;1.7351
-9.56493;15.7811;0.467853;-2.3772;0;-9.64002;15.6645;0.230039;0.530744
-3.49885;13.7967;0.347688;-1.8002;0.233;-3.8449;14.1094;0.150826;0.329172
-10.1743;3.21454;0.695857;0.325242;0.045;-10.0883;2.99947;0.769729;-2.56659
-2.71332;12.4261;0.508501;1.51262;0.192;-2.67677;12.4934;0.644761;1.80861
-6.17968;10.3898;0.549909;-1.43195;0;-6.13078;10.5858;0.544369;-1.18594
-8.41536;15.7892;0.595614;-1.09171;0.035;-8.27122;15.7715;0.484015;-0.878882
-5.70471;8.48387;0.716949;-2.50688;0.204;-5.83316;8.58668;0.801425;2.88084
-14.1475;-3.88184;0.280373;-1.12823;0.045;-14.0238;-3.66506;0.354594;2.65494
-13.0601;-1.6446;0.821425;-2.7477;0.045;-12.9152;-1.78278;0.764086;2.80703
-9.44311;-2.56511;0.581332;-3.07132;0.045;-9.44918;-3.12927;0.533207;0.642174
-3.0134;10.5233;0.23597;2.19931;0.12;-2.84954;10.4537;0.208066;-1.75634
-10.1015;9.86868;0.726138;0.623685;0;-9.95233;10.0251;0.752681;-0.633276
-5.333;14.0831;0.735515;-0.240114;0.081;-5.28786;13.9698;0.6943;-2.86768
-10.3667;16.1137;0.745647;3.04903;0;-10.4766;15.9879;0.734615;1.22668
-4.28415;9.82174;0.572374;-2.75062;0;-4.10178;9.73865;0.706569;0.257176
-13.3305;7.64328;0.672833;0.930462;0.033;-13.3786;7.74189;0.81061;0.198041
-4.87327;11.0971;0.311655;-2.19664;0;-4.84667;11.1435;0.486118;-0.709316
-13.1837;9.51793;0.53489;0.980647;0;-13.1586;9.60698;0.659131;1.59693
-13.7865;-3.86025;0.700316;3.0003;0.045;-13.5325;-3.69168;0.457403;1.3649
-3.6831;9.51561;0.624949;1.91381;0;-3.62085;9.55388;0.589246;0.735523
-9.51729;13.1748;0.718641;-1.05963;0;-9.70414;13.0746;0.774356;0.152138
-1.52153;10.0037;0.570216;-0.381145;0.084;-1.506;9.95863;0.701742;-0.859183
-9.07579;8.05496;0.319012;1.58327;0.033;-9.2125;7.92423;0.402494;0.0140059
-11.9848;10.5184;0.810931;-0.157995;0;-11.8012;10.5353;0.699681;-1.30646
-11.3106;15.4756;0.65678;-0.0777616;0;-11.4828;15.2802;0.609037;1.73391
-8.75523;10.2171;0.281088;-1.05782;0;-8.99453;10.1415;0.316183;0.743296
-9.24732;4.04682;0.567346;-1.04297;0.045;-9.21559;4.11339;0.400521;0.0459646
-12.4299;12.0329;0.7893;-2.00533;0;-12.3218;12.3465;0.680288;0.576869
-6.19248;11.6039;0.516141;-0.0189349;0;-5.92516;11.4865;0.668623;2.1461
-10.1834;9.7981;0.210483;2.13491;0;-10.0819;10.0278;0.277246;-2.03594
-12.617;12.7585;0.473114;1.23318;0;-12.5278;12.6583;0.662787;-3.13438
-4.76389;10.8707;0.692326;0.795046;0;-4.79499;10.7413;0.638099;1.40762
-7.83678;15.7674;0.354017;2.25226;0.004;-7.68934;15.5843;0.357095;-0.587353
-13.8136;15.2887;0.509237;2.01726;0;-13.9144;15.2163;0.539333;0.447107
-8.75036;9.84684;0.668818;-2.59509;0;-8.86063;10.0745;0.799085;2.90676
-5.84183;11.2114;0.665805;-1.48137;0;-5.92516;11.4865;0.668623;2.1461
-5.01719;10.7845;0.728494;2.89164;0;-4.79499;10.7413;0.638099;1.40762
-13.6377;1.8502;0.38386;1.4659;0.045;-13.6308;1.48702;0.411616;2.60163
-8.50815;3.84697;0.356347;1.73648;0.045;-8.4818;3.99737;0.31209;1.7177
-13.332;-0.060389;0.221987;2.91311;0.045;-13.1653;0.0557392;0.33602;-1.22918
-8.24852;4.87287;0.726798;1.64711;0.045;-8.17199;4.66933;0.687846;2.72456
-5.5554;11.0425;0.231241;-2.19737;0;-5.65891;11.0374;0.421568;1.85561
-5.69042;15.6486;0.631127;0.829978;0.056;-6.10253;15.4297;0.642282;1.80485
-13.0111;3.87172;0.437109;3.04937;0.033;-13.0201;3.69461;0.443226;1.87339
-9.58234;2.39465;0.841606;-2.84265;0.045;-9.52276;2.54957;0.830361;-0.416334
-11.3592;9.69564;0.787222;0.415387;0;-11.3164;9.54622;0.498473;-1.84309
-2.10277;11.6383;0.720513;-2.79539;0.323;-2.30705;11.7339;0.731108;0.909799
-8.76948;12.3344;0.682965;0.65616;0;-8.90126;12.4468;0.585557;-1.08446
-5.67691;8.68477;0.409337;-0.0862917;0.204;-5.8184;8.78788;0.442421;2.86359
-12.57;9.81208;0.59826;2.92262;0;-12.4818;9.65918;0.456575;-1.58101
-8.88404;15.2202;0.62046;2.434;0;-8.97482;15.0908;0.75466;3.09965
-8.54236;12.1387;0.68801;1.82806;0;-8.3813;12.2374;0.79384;-0.00499705
-10.4567;8.11699;0.366442;-0.720784;0.033;-10.4803;8.05632;0.272833;-0.128842
-11.2613;9.78643;0.260022;-2.93077;0;-11.0507;9.58043;0.351005;0.512694
-9.52323;-3.70852;0.609765;2.33084;0.045;-9.74674;-3.94313;0.66403;2.72432
-12.5909;1.63779;0.444454;2.28936;0.045;-12.6502;1.67889;0.372106;-2.9859
-6.40939;16.4208;0.226991;-2.26693;0.081;-6.28251;16.4203;0.352072;2.62517
-5.29145;9.95389;0.801328;-1.53962;0;-5.36037;9.73146;0.845225;-3.03358
-7.58192;12.6829;0.623873;-2.90809;0;-7.51437;12.877;0.699969;-2.08799
-5.67682;15.2922;0.386255;2.3934;0.056;-5.50129;15.2986;0.383237;0.490326
-9.98698;2.98694;0.260441;-1.1982;0.045;-10.1681;2.93015;0.25356;-1.23157
-12.2873;16.1273;0.70721;2.54217;0;-12.4201;16.1113;0.712549;-0.350469
-4.22525;12.3605;0.690136;-2.26289;0;-4.14942;12.4307;0.301916;2.95876
-8.50119;9.75101;0.560267;-3.09456;0;-8.55146;9.61106;0.401965;-2.04566
-13.764;1.34884;0.395009;-1.2789;0.045;-13.6308;1.48702;0.411616;2.60163
-13.6705;9.73802;0.2912;-0.337216;0;-13.5883;9.7377;0.165447;0.778435
-6.12544;11.0635;0.791514;-0.983232;0;-6.11554;10.9701;0.670081;-0.401953
-13.8649;10.4237;0.656242;-2.20517;0;-13.6927;10.7768;0.540304;-0.799139
-13.5733;4.10512;0.615582;-2.26073;0.039;-13.4418;3.91997;0.59939;0.646976
-10.9956;5.43737;0.397071;1.80014;0.04;-11.2314;5.37237;0.681778;0.391166
-4.32913;10.6393;0.55948;-0.68198;0;-4.37193;10.6561;0.675641;2.18069
-3.05125;12.5306;0.738439;0.852363;0.192;-2.67677;12.4934;0.644761;1.80861
-14.0464;1.30599;0.283253;2.47301;0.045;-13.764;1.34884;0.395009;-1.2789
-10.4448;9.9845;0.456149;-0.493177;0;-10.4944;9.9371;0.471616;2.01754
-9.42735;14.8059;0.747366;0.738316;0;-9.39932;14.8901;0.53443;-2.14318
-8.79512;14.9437;0.184852;2.12353;0;-8.71238;14.8267;0.444095;-1.42701
-11.4761;8.214;0.291532;1.91607;0.033;-11.4908;8.26505;0.504232;1.11393
-11.1495;-3.5866;0.83491;1.43314;0.13;-11.5981;-3.35175;0.786956;-1.38451
-1.57029;12.529;0.564308;-1.44097;0.192;-1.72273;12.4617;0.549556;-2.78458
-13.927;11.918;0.32872;1.72429;0;-13.8649;11.6905;0.552324;-2.16685
-11.4653;15.882;0.505169;1.34473;0;-11.3484;15.885;0.452284;-2.88828
-1.67352;11.9042;0.170369;0.771979;0.192;-1.71021;11.6426;0.239742;2.65452
-4.91828;14.864;0.211556;-0.360584;0.056;-4.91365;14.9934;0.229509;-1.67448
-10.3015;10.5055;0.288183;2.04331;0;-10.0733;10.3002;0.26939;-2.00158
-8.66934;4.74975;0.749727;-2.1981;0.045;-8.39463;4.70577;0.510033;1.83818
-14.5225;7.31785;0.376837;2.26517;0.033;-14.5576;7.28917;0.357262;0.653795
-8.80982;6.15215;0.484759;-2.89489;0.045;-8.66973;6.21639;0.253566;2.98193
-7.56382;14.7774;0.413184;-1.1769;0;-7.60254;14.631;0.374232;-2.50378
-10.0619;13.0447;0.376914;-2.39405;0;-9.98404;13.2143;0.268687;-1.13758
-10.2489;1.76932;0.782608;-2.84247;0.045;-10.352;2.00756;0.398341;-0.245016
-7.72402;6.04992;0.291621;-2.02748;0.045;-7.66934;5.98144;0.155767;2.57549
-12.127;4.39535;0.604826;-1.31611;0.033;-12.0673;4.60758;0.44748;3.10874
-4.46876;16.3564;0.265196;2.50283;0.103;-4.5721;16.2881;0.194277;0.1508
-13.7619;-3.80444;0.438858;1.88499;0.045;-13.5325;-3.69168;0.457403;1.3649
-12.6537;0.0877639;0.448959;0.676614;0.045;-12.9065;0.205101;0.322403;-0.387441
-6.40233;15.1154;0.474945;0.486233;0.081;-6.40626;14.9027;0.643493;2.53812
-4.23676;11.287;0.221054;1.49314;0;-3.84709;11.2008;0.319887;2.19753
-13.6891;0.545495;0.845579;1.04878;0.045;-13.7211;0.491102;0.409964;1.64006
-4.37549;15.5356;0.615312;-0.729379;0.103;-4.45614;15.6806;0.67281;-0.871746
-12.5078;13.1791;0.356356;3.06378;0;-12.4644;13.2098;0.298101;1.90961
-12.0246;4.97299;0.676757;-0.545963;0.033;-12.3429;4.7835;0.521545;-2.26204
-5.66747;9.4031;0.667232;1.58258;0.014;-5.60526;9.45526;0.481287;-1.68476
-13.1594;15.561;0.171812;-0.801722;0;-13.234;15.3545;0.242196;3.12437
-7.11007;16.2779;0.496925;-2.72566;0.031;-7.18643;16.3658;0.48818;1.07359
-9.11485;3.36887;0.485694;0.559561;0.045;-8.90056;3.59513;0.326424;1.897
-1.55852;12.2008;0.329731;-2.2648;0.192;-1.67352;11.9042;0.170369;0.771979
-7.68654;5.30915;0.818175;2.66896;0.045;-7.49498;5.40201;0.700558;-0.951331
-10.4132;-4.00602;0.308579;-1.83254;0.204;-10.2665;-3.89284;0.229415;3.13615
-8.58138;14.1344;0.79974;3.06366;0;-8.31221;14.1496;0.702757;3.04043
-9.1515;10.075;0.626772;-0.451802;0;-9.1783;10.1201;0.512288;-2.03962
-13.0082;9.83961;0.714764;3.04361;0;-12.8912;9.72659;0.685109;-1.43634
-14.5285;11.4433;0.728464;-0.380096;0;-14.4039;11.7181;0.82473;-0.0782549
-12.5556;11.8915;0.637992;-0.113552;0;-12.4299;12.0329;0.7893;-2.00533
-13.9828;12.2558;0.83542;-0.00513376;0;-13.8749;12.3858;0.822607;1.83977
-14.0476;0.751631;0.832532;1.29857;0.045;-13.6891;0.545495;0.845579;1.04878
-8.89508;6.49597;0.59787;-2.47542;0.045;-9.05176;6.45079;0.800508;0.0259911
-13.009;4.64848;0.551548;2.49333;0.04;-13.1362;4.65741;0.596019;-0.31967
-11.1415;16.439;0.521984;3.07218;0;-11.238;16.5488;0.61012;-1.96038
-8.76996;4.08835;0.807879;-0.937373;0.045;-8.94011;4.02018;0.714253;-0.915667
-1.56328;9.63401;0.615161;-0.290683;0.084;-1.57593;9.6216;0.79279;-0.263701
-10.5385;-3.44627;0.664581;1.15781;0.114;-10.1501;-3.18742;0.348695;-1.59239
-4.79852;15.3039;0.697163;-1.82286;0.056;-4.87579;15.4358;0.607378;1.57706
-6.10573;7.57896;0.386918;-2.14076;0.588;-6.16206;7.63835;0.442772;-2.1884
