1.881;-10.0722;0.517985;1.3715;0;2.8461;-10.3097;0.62825;2.73805
6.53189;-7.62336;0.853128;-0.218666;0;6.63572;-8.61752;0.882528;-2.541
6.08175;-6.73077;0.827652;0.401957;0;6.53189;-7.62336;0.853128;-0.218666
5.81358;-5.76756;0.810054;-2.98599;0;6.08175;-6.73077;0.827652;0.401957
6.04214;-4.79425;0.789192;-2.56204;0;5.81358;-5.76756;0.810054;-2.98599
6.29667;-8.78631;0.626805;1.15805;0;6.63572;-8.61752;0.882528;-2.541
1.83418;-10.0456;0.282931;2.6162;0;1.881;-10.0722;0.517985;1.3715
4.03549;-10.2441;0.490371;-0.988764;0;3.83863;-10.1888;0.644876;-2.78232
5.75984;-7.97436;0.606499;-0.842778;0;6.53189;-7.62336;0.853128;-0.218666
6.11172;-9.74029;0.370943;0.982136;0;6.39266;-9.58641;0.929247;-2.4667
2.58442;-10.7249;0.831782;2.67359;0;2.8461;-10.3097;0.62825;2.73805
5.20442;-9.77073;0.243318;-1.01561;0;4.80215;-10.4546;0.676587;2.85033
2.07568;-11.5647;0.64222;1.74091;0;2.58442;-10.7249;0.831782;2.67359
5.93654;-7.90178;0.22364;2.62624;0;5.75984;-7.97436;0.606499;-0.842778
3.33017;-10.1107;0.170702;0.379086;0;2.8461;-10.3097;0.62825;2.73805
3.19383;-10.0987;0.669577;-2.55825;0;2.8461;-10.3097;0.62825;2.73805
6.46225;-8.13096;0.803914;0.474138;0;6.53189;-7.62336;0.853128;-0.218666
6.07201;-6.27093;0.767145;-1.21322;0;6.08175;-6.73077;0.827652;0.401957
5.77768;-7.85344;0.363399;-2.20533;0;5.93654;-7.90178;0.22364;2.62624
4.92255;-10.0419;0.340655;1.69958;0;5.20442;-9.77073;0.243318;-1.01561
2.96487;-11.9929;0.481017;2.96955;0;2.07568;-11.5647;0.64222;1.74091
4.25371;-9.73462;0.619615;-1.38034;0;4.03549;-10.2441;0.490371;-0.988764
2.00643;-11.9042;0.318378;2.58126;0;2.07568;-11.5647;0.64222;1.74091
6.27657;-10.2877;0.382992;2.81573;0;6.11172;-9.74029;0.370943;0.982136
3.90172;-12.3425;0.473525;3.09167;0;2.96487;-11.9929;0.481017;2.96955
5.80429;-4.75943;0.341875;2.63949;0;6.04214;-4.79425;0.789192;-2.56204
1.75043;-10.6448;0.5832;0.935448;0;1.881;-10.0722;0.517985;1.3715
6.50986;-6.98245;0.202575;-1.34928;0;6.08175;-6.73077;0.827652;0.401957
4.15072;-10.4481;0.660565;-3.04136;0;4.03549;-10.2441;0.490371;-0.988764
5.92739;-10.319;0.560014;-1.56656;0.002;6.27657;-10.2877;0.382992;2.81573
2.23425;-11.5963;0.591029;-0.584717;0;2.07568;-11.5647;0.64222;1.74091
4.90116;-12.3446;0.440345;3.10218;0;3.90172;-12.3425;0.473525;3.09167
4.09914;-11.7614;0.653014;-1.02576;0;3.90172;-12.3425;0.473525;3.09167
5.88457;-12.5145;0.503971;-1.05275;0;4.90116;-12.3446;0.440345;3.10218
4.30596;-10.2335;0.552903;2.88657;0;4.03549;-10.2441;0.490371;-0.988764
6.37636;-7.27075;0.17048;-0.833868;0;6.50986;-6.98245;0.202575;-1.34928
6.25617;-6.98737;0.380511;-2.8488;0;6.50986;-6.98245;0.202575;-1.34928
5.53911;-10.2677;0.77873;-0.279611;0;5.75745;-10.3583;0.956108;1.07064
6.88443;-12.5096;0.488284;0.0500865;0;5.88457;-12.5145;0.503971;-1.05275
7.35383;-11.7507;0.556338;-0.963598;0;6.88443;-12.5096;0.488284;0.0500865
8.34629;-11.8729;0.566805;0.0402065;0.006;7.35383;-11.7507;0.556338;-0.963598
9.3373;-11.9644;0.469186;0.885032;0.006;8.34629;-11.8729;0.566805;0.0402065
4.88251;-12.3289;0.350243;-0.831439;0;4.90116;-12.3446;0.440345;3.10218
3.90503;-12.4516;0.455399;0.348448;0.018;3.90172;-12.3425;0.473525;3.09167
3.83655;-10.203;0.280413;-1.54315;0;4.03549;-10.2441;0.490371;-0.988764
10.3171;-11.7652;0.452188;-2.63376;0.01;9.3373;-11.9644;0.469186;0.885032
7.25457;-12.5446;0.788925;2.18544;0.018;6.88443;-12.5096;0.488284;0.0500865
3.44487;-11.9364;0.833931;-0.562196;0.018;2.96487;-11.9929;0.481017;2.96955
3.79669;-9.9919;0.713448;1.11318;0;3.83863;-10.1888;0.644876;-2.78232
6.17969;-4.97771;0.271655;0.936292;0.061;5.80429;-4.75943;0.341875;2.63949
1.71673;-12.3102;0.818751;-2.79275;0;2.00643;-11.9042;0.318378;2.58126
11.3099;-11.657;0.399442;-1.96738;0.01;10.3171;-11.7652;0.452188;-2.63376
5.26777;-12.27;0.620332;0.808129;0.018;4.90116;-12.3446;0.440345;3.10218
5.67811;-6.10141;0.160514;1.45049;0.085;5.81358;-5.76756;0.810054;-2.98599
6.25324;-10.2137;0.398961;2.4283;0;6.27657;-10.2877;0.382992;2.81573
4.58998;-10.0343;0.276064;-1.64205;0;4.92255;-10.0419;0.340655;1.69958
12.2984;-11.8042;0.366659;-1.15828;0.01;11.3099;-11.657;0.399442;-1.96738
13.2385;-12.1417;0.413957;2.76967;0.01;12.2984;-11.8042;0.366659;-1.15828
7.31856;-12.0166;0.26847;-1.48997;0;7.35383;-11.7507;0.556338;-0.963598
1.84223;-12.5916;0.213063;0.368949;0;1.71673;-12.3102;0.818751;-2.79275
4.51681;-9.7451;0.537614;2.94198;0;4.25371;-9.73462;0.619615;-1.38034
5.48066;-9.8511;0.532281;0.485088;0;5.20442;-9.77073;0.243318;-1.01561
13.9011;-11.3945;0.36315;0.109111;0.01;13.2385;-12.1417;0.413957;2.76967
7.62464;-12.6384;0.304635;0.388322;0.024;7.25457;-12.5446;0.788925;2.18544
14.3367;-10.5089;0.201725;0.539785;0.01;13.9011;-11.3945;0.36315;0.109111
3.90828;-12.3597;0.359616;-0.511706;0;3.90172;-12.3425;0.473525;3.09167
8.66131;-11.7341;0.699635;1.00433;0.006;8.34629;-11.8729;0.566805;0.0402065
12.4818;-12.2984;0.392441;2.18508;0.01;12.2984;-11.8042;0.366659;-1.15828
14.0418;-12.0436;0.84741;-2.7338;0.01;13.9011;-11.3945;0.36315;0.109111
3.96807;-11.7917;0.427044;-2.55331;0;4.09914;-11.7614;0.653014;-1.02576
13.6749;-9.80848;0.468909;1.78039;0.01;14.3367;-10.5089;0.201725;0.539785
9.86465;-11.6472;0.740266;0.430647;0.01;10.3171;-11.7652;0.452188;-2.63376
12.7718;-10.2299;0.386858;1.4062;0.01;13.6749;-9.80848;0.468909;1.78039
5.41104;-12.1924;0.531602;1.24344;0.027;5.26777;-12.27;0.620332;0.808129
5.30747;-9.57302;0.699811;-1.73351;0;5.48066;-9.8511;0.532281;0.485088
5.03727;-10.3674;0.320605;-2.44776;0;4.92255;-10.0419;0.340655;1.69958
8.98459;-12.4926;0.579114;2.66394;0.007;9.3373;-11.9644;0.469186;0.885032
13.8332;-10.5816;0.281874;1.78206;0.01;14.3367;-10.5089;0.201725;0.539785
6.00439;-6.45747;0.354996;-1.802;0;6.07201;-6.27093;0.767145;-1.21322
6.2923;-5.0829;0.720889;-2.44094;0;6.04214;-4.79425;0.789192;-2.56204
3.59683;-12.1145;0.815364;-2.41756;0.018;3.44487;-11.9364;0.833931;-0.562196
14.4641;-10.5848;0.725296;2.9434;0.01;14.3367;-10.5089;0.201725;0.539785
4.57357;-10.4684;0.306841;1.71746;0;4.30596;-10.2335;0.552903;2.88657
11.9094;-9.75031;0.549143;-2.22639;0.01;12.7718;-10.2299;0.386858;1.4062
13.9591;-10.5008;0.311145;-2.5961;0.01;13.8332;-10.5816;0.281874;1.78206
2.57894;-10.3083;0.326659;2.62314;0;2.8461;-10.3097;0.62825;2.73805
2.43779;-10.8388;0.620259;1.08512;0;2.58442;-10.7249;0.831782;2.67359
5.66488;-12.1488;0.829183;0.736393;0.034;5.41104;-12.1924;0.531602;1.24344
12.057;-10.2185;0.254029;2.99464;0.01;11.9094;-9.75031;0.549143;-2.22639
14.0336;-9.95535;0.84427;-0.250993;0.01;13.6749;-9.80848;0.468909;1.78039
11.1016;-10.2696;0.827969;2.45767;0.01;11.9094;-9.75031;0.549143;-2.22639
13.9714;-10.6509;0.247058;1.15792;0.01;13.8332;-10.5816;0.281874;1.78206
10.9319;-10.3799;0.262982;-1.42952;0.01;11.1016;-10.2696;0.827969;2.45767
5.85577;-7.06826;0.453592;-1.51854;0;6.25617;-6.98737;0.380511;-2.8488
1.85431;-10.3517;0.297689;-2.7311;0;1.83418;-10.0456;0.282931;2.6162
14.4657;-10.7594;0.205194;-1.50345;0.01;14.3367;-10.5089;0.201725;0.539785
13.8327;-10.5122;0.804956;2.60559;0.01;13.9591;-10.5008;0.311145;-2.5961
3.41521;-10.2969;0.207181;1.18663;0;3.33017;-10.1107;0.170702;0.379086
7.68162;-11.8633;0.301787;2.68949;0.018;7.31856;-12.0166;0.26847;-1.48997
14.3762;-11.0273;0.587296;0.68801;0.01;14.4641;-10.5848;0.725296;2.9434
10.2441;-11.8279;0.744075;1.7769;0.01;10.3171;-11.7652;0.452188;-2.63376
1.75843;-10.1685;0.835986;-1.13652;0;1.881;-10.0722;0.517985;1.3715
11.693;-10.2772;0.733027;-2.49952;0.01;11.9094;-9.75031;0.549143;-2.22639
3.9736;-12.0915;0.565958;2.91188;0;3.90172;-12.3425;0.473525;3.09167
10.2634;-10.4597;0.62357;2.84836;0.01;10.9319;-10.3799;0.262982;-1.42952
3.93275;-9.86706;0.789524;-1.24571;0;3.79669;-9.9919;0.713448;1.11318
11.6843;-10.4835;0.418869;0.137736;0.01;11.693;-10.2772;0.733027;-2.49952
3.12936;-11.9103;0.813683;0.793278;0.032;3.44487;-11.9364;0.833931;-0.562196
2.27056;-11.6853;0.373525;2.38808;0;2.23425;-11.5963;0.591029;-0.584717
1.96377;-10.4068;0.675339;1.83143;0;1.75043;-10.6448;0.5832;0.935448
5.75392;-7.9647;0.201838;2.31653;0;5.93654;-7.90178;0.22364;2.62624
11.4301;-10.2263;0.383967;1.6867;0.01;11.6843;-10.4835;0.418869;0.137736
11.6941;-12.3655;0.628054;3.13984;0.016;12.4818;-12.2984;0.392441;2.18508
6.35544;-12.6781;0.654322;-1.95464;0;5.88457;-12.5145;0.503971;-1.05275
12.349;-11.9467;0.731649;-2.22676;0.01;12.2984;-11.8042;0.366659;-1.15828
11.5306;-12.2957;0.355833;-1.95414;0.016;11.6941;-12.3655;0.628054;3.13984
6.80322;-12.0249;0.539487;0.461699;0;6.88443;-12.5096;0.488284;0.0500865
3.44441;-10.083;0.806149;1.52695;0;3.19383;-10.0987;0.669577;-2.55825
9.55813;-9.75529;0.543662;-0.168302;0.01;10.2634;-10.4597;0.62357;2.84836
10.461;-10.2896;0.41076;2.95582;0.01;10.2634;-10.4597;0.62357;2.84836
5.94085;-8.967;0.253633;-2.21358;0.001;6.29667;-8.78631;0.626805;1.15805
2.23478;-11.807;0.242011;2.55238;0;2.27056;-11.6853;0.373525;2.38808
8.58901;-9.66231;0.772026;3.06973;0.01;9.55813;-9.75529;0.543662;-0.168302
12.1216;-12.1212;0.721728;1.49042;0.01;12.349;-11.9467;0.731649;-2.22676
8.29323;-8.73479;0.5435;0.815747;0.01;8.58901;-9.66231;0.772026;3.06973
14.4496;-10.6086;0.617589;2.64193;0.01;14.4641;-10.5848;0.725296;2.9434
12.1606;-12.5267;0.331418;-1.49023;0.01;12.4818;-12.2984;0.392441;2.18508
10.5014;-11.7666;0.719626;2.04989;0.01;10.2441;-11.8279;0.744075;1.7769
8.92054;-7.95936;0.471426;-1.20207;0.01;8.29323;-8.73479;0.5435;0.815747
5.57036;-9.74076;0.46674;-2.95065;0;5.48066;-9.8511;0.532281;0.485088
3.00777;-10.4206;0.425996;-0.310189;0;2.8461;-10.3097;0.62825;2.73805
12.8615;-10.2436;0.201619;2.01058;0.01;12.7718;-10.2299;0.386858;1.4062
6.08008;-4.08096;0.769281;1.78294;0.004;6.04214;-4.79425;0.789192;-2.56204
13.0369;-12.5781;0.735418;0.454959;0.01;13.2385;-12.1417;0.413957;2.76967
8.48542;-9.88046;0.391349;-2.19441;0.01;8.58901;-9.66231;0.772026;3.06973
13.69;-12.2653;0.7244;-3.03604;0.01;14.0418;-12.0436;0.84741;-2.7338
5.83159;-4.27916;0.453887;2.26574;0.008;6.08008;-4.08096;0.769281;1.78294
6.56356;-7.72829;0.689846;-1.97382;0;6.53189;-7.62336;0.853128;-0.218666
3.29911;-12.463;0.58411;-1.32757;0.018;3.59683;-12.1145;0.815364;-2.41756
6.15337;-5.93276;0.500284;-1.02385;0;6.07201;-6.27093;0.767145;-1.21322
3.74918;-12.5208;0.70687;-0.262297;0.036;3.90503;-12.4516;0.455399;0.348448
9.75541;-9.5527;0.319818;-1.9768;0.01;9.55813;-9.75529;0.543662;-0.168302
3.18324;-9.99957;0.746291;0.634854;0;3.19383;-10.0987;0.669577;-2.55825
7.27286;-11.4999;0.824283;2.19643;0;7.35383;-11.7507;0.556338;-0.963598
4.28401;-9.70064;0.735131;0.425913;0;4.25371;-9.73462;0.619615;-1.38034
9.89507;-7.74752;0.397803;2.42919;0.01;8.92054;-7.95936;0.471426;-1.20207
10.7519;-8.20976;0.626364;0.74318;0.01;9.89507;-7.74752;0.397803;2.42919
8.94001;-9.67149;0.2917;1.0478;0.01;8.48542;-9.88046;0.391349;-2.19441
5.86209;-10.2982;0.363205;1.96795;0.002;5.92739;-10.319;0.560014;-1.56656
5.69432;-9.47512;0.630276;3.04479;0;5.57036;-9.74076;0.46674;-2.95065
14.4372;-10.971;0.420075;-0.599233;0.01;14.3762;-11.0273;0.587296;0.68801
10.7625;-11.5815;0.185732;2.17187;0.01;10.3171;-11.7652;0.452188;-2.63376
11.4963;-7.54233;0.609436;-1.15672;0.01;10.7519;-8.20976;0.626364;0.74318
3.70692;-9.87664;0.521534;1.01032;0;3.79669;-9.9919;0.713448;1.11318
7.06675;-11.8428;0.292827;-1.90437;0;7.31856;-12.0166;0.26847;-1.48997
12.4749;-7.33645;0.614193;1.85913;0.01;11.4963;-7.54233;0.609436;-1.15672
8.15539;-9.22218;0.606207;3.00127;0.01;8.29323;-8.73479;0.5435;0.815747
2.41789;-12.1872;0.680232;-1.56488;0;2.27056;-11.6853;0.373525;2.38808
8.80808;-12.1835;0.503061;-0.756863;0.007;8.98459;-12.4926;0.579114;2.66394
13.111;-8.10799;0.623274;-1.02782;0.01;12.4749;-7.33645;0.614193;1.85913
12.3475;-7.4571;0.212152;-2.88177;0.01;12.4749;-7.33645;0.614193;1.85913
5.62269;-10.3293;0.822914;-2.89321;0;5.53911;-10.2677;0.77873;-0.279611
5.88178;-10.0348;0.657319;-0.0758882;0.002;5.92739;-10.319;0.560014;-1.56656
8.5952;-7.74464;0.225515;-1.77192;0.01;8.92054;-7.95936;0.471426;-1.20207
4.3413;-11.6264;0.652132;2.84663;0;4.09914;-11.7614;0.653014;-1.02576
12.8462;-12.6592;0.730327;1.84124;0.01;13.0369;-12.5781;0.735418;0.454959
8.24343;-9.40445;0.702107;0.632357;0.01;8.15539;-9.22218;0.606207;3.00127
7.13011;-12.273;0.515104;1.81639;0;6.88443;-12.5096;0.488284;0.0500865
10.7842;-10.0178;0.769964;-1.36299;0.01;11.1016;-10.2696;0.827969;2.45767
14.3658;-10.0637;0.263773;-1.22437;0.01;14.3367;-10.5089;0.201725;0.539785
11.3337;-8.10746;0.249256;-0.400693;0.01;11.4963;-7.54233;0.609436;-1.15672
9.34876;-10.3271;0.777546;2.08903;0.01;9.55813;-9.75529;0.543662;-0.168302
8.07469;-10.3624;0.667174;-2.28908;0.01;8.48542;-9.88046;0.391349;-2.19441
2.24843;-12.1222;0.689091;-0.634058;0;2.41789;-12.1872;0.680232;-1.56488
4.98599;-9.82144;0.336995;1.8905;0;4.92255;-10.0419;0.340655;1.69958
13.4626;-10.4362;0.166621;1.74232;0.01;13.8332;-10.5816;0.281874;1.78206
8.23544;-8.7185;0.848548;-1.28884;0.01;8.29323;-8.73479;0.5435;0.815747
10.7573;-12.4953;0.36563;1.03757;0.016;11.5306;-12.2957;0.355833;-1.95414
14.4918;-12.259;0.711716;-2.78666;0.01;14.0418;-12.0436;0.84741;-2.7338
13.5181;-7.87772;0.587047;1.22302;0.01;13.111;-8.10799;0.623274;-1.02782
8.12894;-8.00573;0.324183;-2.3636;0.01;8.5952;-7.74464;0.225515;-1.77192
13.0306;-11.7704;0.538725;-2.75374;0.012;13.2385;-12.1417;0.413957;2.76967
11.0263;-10.1755;0.595025;-1.48359;0.01;11.1016;-10.2696;0.827969;2.45767
12.9445;-10.164;0.176588;-2.46247;0.01;12.8615;-10.2436;0.201619;2.01058
5.94385;-6.52134;0.718364;1.58722;0.017;6.08175;-6.73077;0.827652;0.401957
2.5566;-12.403;0.176436;-0.839857;0;2.41789;-12.1872;0.680232;-1.56488
2.61489;-10.0028;0.174329;2.16684;0;2.57894;-10.3083;0.326659;2.62314
13.8679;-9.79322;0.759505;1.66449;0.01;14.0336;-9.95535;0.84427;-0.250993
1.94425;-10.3219;0.623207;-1.61883;0;1.96377;-10.4068;0.675339;1.83143
13.6146;-11.5839;0.694446;-0.81324;0.01;13.9011;-11.3945;0.36315;0.109111
13.8564;-6.94089;0.676168;0.988869;0.01;13.5181;-7.87772;0.587047;1.22302
13.8386;-5.94135;0.651725;-1.74979;0.01;13.8564;-6.94089;0.676168;0.988869
9.19908;-12.0389;0.46751;3.0911;0.006;9.3373;-11.9644;0.469186;0.885032
7.95433;-8.80403;0.33279;1.5701;0.01;8.29323;-8.73479;0.5435;0.815747
2.27704;-10.9321;0.847293;-1.59565;0;2.43779;-10.8388;0.620259;1.08512
14.1016;-8.26855;0.481276;1.01965;0.01;13.5181;-7.87772;0.587047;1.22302
5.22514;-12.1085;0.419601;1.23075;0.027;5.41104;-12.1924;0.531602;1.24344
4.54428;-9.90141;0.693413;1.77958;0;4.51681;-9.7451;0.537614;2.94198
12.5058;-7.84724;0.290629;-1.57049;0.01;12.3475;-7.4571;0.212152;-2.88177
12.9186;-9.94442;0.636844;2.80132;0.01;12.7718;-10.2299;0.386858;1.4062
6.34957;-8.70242;0.241591;-1.31534;0;6.29667;-8.78631;0.626805;1.15805
4.79816;-11.727;0.41467;1.16315;0;4.3413;-11.6264;0.652132;2.84663
11.9859;-7.74929;0.217784;0.471672;0.01;12.3475;-7.4571;0.212152;-2.88177
6.20579;-4.48188;0.702706;-1.4297;0;6.04214;-4.79425;0.789192;-2.56204
6.10507;-10.2515;0.52624;-1.06364;0.002;5.92739;-10.319;0.560014;-1.56656
8.13213;-9.07092;0.359206;-1.37862;0.01;8.15539;-9.22218;0.606207;3.00127
12.9565;-12.5248;0.679725;-1.25789;0.01;13.0369;-12.5781;0.735418;0.454959
5.84821;-6.6739;0.288927;2.58701;0;6.00439;-6.45747;0.354996;-1.802
9.6805;-8.30205;0.790699;-2.98308;0.01;9.89507;-7.74752;0.397803;2.42919
4.38716;-9.71263;0.665746;-1.80495;0;4.28401;-9.70064;0.735131;0.425913
3.41901;-12.2238;0.515811;1.61002;0.018;3.29911;-12.463;0.58411;-1.32757
10.6628;-12.0689;0.551968;-2.18743;0.01;10.5014;-11.7666;0.719626;2.04989
8.07358;-8.62706;0.359859;1.92097;0.01;7.95433;-8.80403;0.33279;1.5701
7.62478;-9.83591;0.549281;0.934056;0.01;8.07469;-10.3624;0.667174;-2.28908
2.55499;-10.4785;0.398824;-1.31155;0;2.57894;-10.3083;0.326659;2.62314
13.8202;-10.5932;0.444816;-0.979634;0.01;13.8332;-10.5816;0.281874;1.78206
7.73142;-10.1485;0.647692;-2.53373;0.01;7.62478;-9.83591;0.549281;0.934056
8.47015;-9.37396;0.754877;-2.74653;0.01;8.24343;-9.40445;0.702107;0.632357
9.19393;-7.66231;0.160899;1.32845;0.01;8.92054;-7.95936;0.471426;-1.20207
8.7563;-8.06046;0.726673;-0.656745;0.01;8.92054;-7.95936;0.471426;-1.20207
8.39851;-12.6372;0.591213;0.197497;0.013;8.98459;-12.4926;0.579114;2.66394
12.0758;-7.82615;0.686673;1.12353;0.01;11.9859;-7.74929;0.217784;0.471672
8.14426;-9.47095;0.700071;-0.78679;0.01;8.24343;-9.40445;0.702107;0.632357
6.58269;-7.70782;0.311973;1.9864;0;6.56356;-7.72829;0.689846;-1.97382
14.5806;-7.80495;0.59234;-0.607007;0.01;14.1016;-8.26855;0.481276;1.01965
9.49424;-7.97778;0.517826;-3.13405;0.01;9.6805;-8.30205;0.790699;-2.98308
12.8877;-5.63333;0.681015;1.07528;0.01;13.8386;-5.94135;0.651725;-1.74979
8.14141;-10.3391;0.298568;1.89893;0.01;8.07469;-10.3624;0.667174;-2.28908
8.78067;-8.21297;0.250414;3.00734;0.01;8.92054;-7.95936;0.471426;-1.20207
12.0781;-5.06221;0.545015;0.09515;0.01;12.8877;-5.63333;0.681015;1.07528
2.39243;-9.94017;0.637508;-2.2486;0;2.57894;-10.3083;0.326659;2.62314
5.83858;-6.39442;0.578491;0.763617;0.033;5.94385;-6.52134;0.718364;1.58722
12.2497;-7.4136;0.789789;-2.80756;0.01;12.4749;-7.33645;0.614193;1.85913
6.11891;-9.15092;0.368077;3.09277;0.001;5.94085;-8.967;0.253633;-2.21358
12.0389;-4.06299;0.549292;0.636316;0.01;12.0781;-5.06221;0.545015;0.09515
6.54734;-7.92432;0.488666;-1.4126;0;6.56356;-7.72829;0.689846;-1.97382
8.01414;-8.80221;0.182522;1.21164;0.01;7.95433;-8.80403;0.33279;1.5701
5.74451;-5.75906;0.24588;-2.50638;0.085;5.67811;-6.10141;0.160514;1.45049
14.0198;-7.51037;0.162449;1.25523;0.01;13.5181;-7.87772;0.587047;1.22302
6.41939;-5.88485;0.24425;-1.14664;0;6.15337;-5.93276;0.500284;-1.02385
12.1576;-4.09031;0.685815;0.0405099;0.01;12.0389;-4.06299;0.549292;0.636316
7.86707;-12.3007;0.391863;-0.527757;0.03;7.62464;-12.6384;0.304635;0.388322
8.00352;-7.78094;0.39036;-1.73953;0.01;8.12894;-8.00573;0.324183;-2.3636
9.23519;-10.2873;0.656676;0.0858414;0.01;9.34876;-10.3271;0.777546;2.08903
10.3575;-10.0171;0.520953;-1.442;0.01;10.461;-10.2896;0.41076;2.95582
10.2219;-7.91428;0.342111;-0.208284;0.01;9.89507;-7.74752;0.397803;2.42919
13.0098;-12.3793;0.721597;2.09867;0.01;12.9565;-12.5248;0.679725;-1.25789
11.6261;-10.3885;0.44719;1.17989;0.01;11.6843;-10.4835;0.418869;0.137736
1.68873;-12.3383;0.332599;0.340374;0;1.84223;-12.5916;0.213063;0.368949
8.09927;-12.1676;0.35962;0.487792;0.036;7.86707;-12.3007;0.391863;-0.527757
13.5319;-10.0175;0.642124;1.71971;0.01;13.6749;-9.80848;0.468909;1.78039
12.3243;-7.54439;0.231331;0.691441;0.01;12.3475;-7.4571;0.212152;-2.88177
12.9862;-8.13655;0.164652;-0.546592;0.01;13.111;-8.10799;0.623274;-1.02782
6.71005;-11.6224;0.306433;2.60002;0.002;7.06675;-11.8428;0.292827;-1.90437
9.75131;-9.94261;0.79349;2.56541;0.01;9.55813;-9.75529;0.543662;-0.168302
11.4175;-12.4578;0.340092;-0.71049;0.016;11.5306;-12.2957;0.355833;-1.95414
8.87066;-7.65189;0.609162;-1.46986;0.01;8.92054;-7.95936;0.471426;-1.20207
12.8933;-7.33779;0.799337;0.28196;0.01;12.4749;-7.33645;0.614193;1.85913
12.5703;-6.03575;0.340527;-0.293031;0.01;12.8877;-5.63333;0.681015;1.07528
7.98479;-10.0879;0.829301;-1.98334;0.01;7.73142;-10.1485;0.647692;-2.53373
6.45702;-5.45422;0.294727;0.728217;0;6.41939;-5.88485;0.24425;-1.14664
3.24357;-11.982;0.601282;-2.73101;0.032;3.12936;-11.9103;0.813683;0.793278
14.4411;-10.6661;0.321628;1.40964;0.01;14.4657;-10.7594;0.205194;-1.50345
11.1962;-7.73093;0.650996;1.47645;0.01;11.4963;-7.54233;0.609436;-1.15672
12.5915;-4.70231;0.420314;-1.57909;0.01;12.0781;-5.06221;0.545015;0.09515
3.59437;-9.92124;0.441973;1.57318;0;3.70692;-9.87664;0.521534;1.01032
6.42272;-12.4164;0.796204;0.754276;0;6.35544;-12.6781;0.654322;-1.95464
13.4838;-11.793;0.196668;-2.1301;0.01;13.2385;-12.1417;0.413957;2.76967
10.1621;-7.76253;0.837628;-2.04882;0.01;9.89507;-7.74752;0.397803;2.42919
3.73503;-12.3206;0.350728;2.88262;0;3.90828;-12.3597;0.359616;-0.511706
6.73703;-12.3738;0.213113;-0.101097;0;6.88443;-12.5096;0.488284;0.0500865
12.8415;-12.0061;0.768435;0.802561;0.012;13.0306;-11.7704;0.538725;-2.75374
5.93668;-9.17418;0.488166;2.64925;0.001;6.11891;-9.15092;0.368077;3.09277
6.37855;-8.35768;0.566647;0.952312;0;6.46225;-8.13096;0.803914;0.474138
12.7407;-8.31138;0.409955;-1.1049;0.01;12.9862;-8.13655;0.164652;-0.546592
14.095;-6.59776;0.620872;-2.80318;0.01;13.8564;-6.94089;0.676168;0.988869
10.4244;-9.85642;0.787798;-1.83087;0.01;10.3575;-10.0171;0.520953;-1.442
13.7137;-7.84204;0.15933;2.2223;0.01;14.0198;-7.51037;0.162449;1.25523
3.4703;-12.3892;0.606767;0.780825;0.036;3.29911;-12.463;0.58411;-1.32757
13.8298;-7.93316;0.60622;1.78257;0.01;13.5181;-7.87772;0.587047;1.22302
14.4275;-12.4568;0.6984;-1.56681;0.01;14.4918;-12.259;0.711716;-2.78666
10.9904;-11.9101;0.825301;-2.41077;0.016;10.6628;-12.0689;0.551968;-2.18743
6.05322;-5.02782;0.355067;-1.24386;0.061;6.17969;-4.97771;0.271655;0.936292
6.13646;-7.8307;0.574042;-1.48163;0;5.75984;-7.97436;0.606499;-0.842778
6.4483;-12.2746;0.476499;0.526881;0;6.42272;-12.4164;0.796204;0.754276
11.7708;-4.98301;0.380294;2.41169;0.01;12.0781;-5.06221;0.545015;0.09515
5.0377;-11.903;0.735646;0.496141;0.045;5.22514;-12.1085;0.419601;1.23075
9.38257;-12.2731;0.235681;1.51043;0.006;9.19908;-12.0389;0.46751;3.0911
12.9211;-6.0951;0.500545;2.32516;0.01;12.5703;-6.03575;0.340527;-0.293031
8.4064;-12.5599;0.822269;-0.986765;0.013;8.39851;-12.6372;0.591213;0.197497
12.1325;-7.91587;0.813065;-1.9353;0.01;12.0758;-7.82615;0.686673;1.12353
14.1533;-7.87173;0.665631;-1.43136;0.01;13.8298;-7.93316;0.60622;1.78257
13.4811;-6.6361;0.806173;0.779606;0.01;13.8564;-6.94089;0.676168;0.988869
2.07984;-12.1477;0.416225;-2.9761;0;2.00643;-11.9042;0.318378;2.58126
6.47962;-12.1715;0.505383;3.08123;0.011;6.4483;-12.2746;0.476499;0.526881
11.7546;-7.89;0.814671;-2.24608;0.01;12.0758;-7.82615;0.686673;1.12353
12.0111;-11.5664;0.332563;2.63552;0.01;12.2984;-11.8042;0.366659;-1.15828
14.2474;-6.50568;0.386157;0.282118;0.01;14.095;-6.59776;0.620872;-2.80318
10.4921;-12.2625;0.349547;-2.27297;0.01;10.6628;-12.0689;0.551968;-2.18743
8.22178;-8.7586;0.307697;-2.87951;0.01;8.07358;-8.62706;0.359859;1.92097
6.27382;-6.29068;0.208866;1.41393;0.086;6.00439;-6.45747;0.354996;-1.802
11.9279;-6.31901;0.514208;-1.31609;0.01;12.5703;-6.03575;0.340527;-0.293031
11.5996;-7.63991;0.549593;0.000276654;0.01;11.4963;-7.54233;0.609436;-1.15672
9.91295;-9.64675;0.290749;0.0606523;0.01;9.75541;-9.5527;0.319818;-1.9768
8.68768;-11.9197;0.388618;2.94823;0.02;8.80808;-12.1835;0.503061;-0.756863
10.8775;-7.71542;0.2078;-1.03648;0.01;11.1962;-7.73093;0.650996;1.47645
12.0924;-8.13961;0.582576;0.0656179;0.01;12.1325;-7.91587;0.813065;-1.9353
5.80295;-6.75728;0.599426;-0.44609;0.017;5.94385;-6.52134;0.718364;1.58722
1.81908;-10.5124;0.514886;-2.61842;0;1.75043;-10.6448;0.5832;0.935448
11.5558;-8.2619;0.21252;-0.624572;0.01;11.3337;-8.10746;0.249256;-0.400693
13.7486;-5.60321;0.352262;-2.94018;0.01;13.8386;-5.94135;0.651725;-1.74979
12.8055;-9.78073;0.37589;2.36985;0.01;12.9186;-9.94442;0.636844;2.80132
6.22379;-7.44945;0.27639;-0.297176;0;6.37636;-7.27075;0.17048;-0.833868
13.0464;-9.67926;0.484098;-0.0515938;0.01;12.8055;-9.78073;0.37589;2.36985
4.17872;-10.4331;0.379696;2.05247;0;4.03549;-10.2441;0.490371;-0.988764
4.76401;-10.4686;0.169724;-0.964379;0;4.57357;-10.4684;0.306841;1.71746
7.21585;-12.0918;0.41507;-0.0976603;0.006;7.31856;-12.0166;0.26847;-1.48997
6.63559;-12.6884;0.69292;-2.27573;0;6.35544;-12.6781;0.654322;-1.95464
2.97966;-12.2608;0.662964;-3.03947;0;2.96487;-11.9929;0.481017;2.96955
6.11183;-7.0109;0.368553;-2.18706;0;6.25617;-6.98737;0.380511;-2.8488
6.61545;-11.5182;0.801981;2.14469;0.002;6.71005;-11.6224;0.306433;2.60002
6.08384;-5.7475;0.391555;2.5794;0;6.15337;-5.93276;0.500284;-1.02385
1.63274;-10.9919;0.552092;1.95347;0;1.75043;-10.6448;0.5832;0.935448
12.3879;-3.9486;0.599021;1.53946;0.01;12.1576;-4.09031;0.685815;0.0405099
13.9435;-6.64593;0.793536;-0.252752;0.01;14.095;-6.59776;0.620872;-2.80318
13.8271;-7.55843;0.166285;-0.822125;0.01;14.0198;-7.51037;0.162449;1.25523
6.28392;-8.97777;0.45437;-0.393086;0.001;6.11891;-9.15092;0.368077;3.09277
6.1199;-6.20464;0.602259;-1.71573;0;6.07201;-6.27093;0.767145;-1.21322
12.9673;-9.92977;0.819134;2.70932;0.01;12.9186;-9.94442;0.636844;2.80132
12.5501;-4.4773;0.559894;2.95839;0.01;12.5915;-4.70231;0.420314;-1.57909
11.0419;-12.2346;0.446153;-1.51302;0.016;10.7573;-12.4953;0.36563;1.03757
12.7601;-6.28272;0.478354;1.62714;0.01;12.9211;-6.0951;0.500545;2.32516
12.64;-5.12616;0.255573;0.011607;0.01;12.5915;-4.70231;0.420314;-1.57909
13.4786;-4.11897;0.657564;1.96682;0.01;12.5501;-4.4773;0.559894;2.95839
6.34284;-9.22103;0.357345;-1.58844;0.001;6.11891;-9.15092;0.368077;3.09277
14.0972;-10.4282;0.504802;-1.72655;0.01;13.9591;-10.5008;0.311145;-2.5961
12.5569;-12.7326;0.770029;-0.119371;0.01;12.8462;-12.6592;0.730327;1.84124
3.07159;-12.2063;0.303983;2.2193;0;2.96487;-11.9929;0.481017;2.96955
1.98119;-11.6079;0.81438;1.17064;0;2.07568;-11.5647;0.64222;1.74091
5.53681;-9.39419;0.742266;0.368847;0;5.69432;-9.47512;0.630276;3.04479
13.5396;-12.4659;0.167842;-1.462;0.01;13.2385;-12.1417;0.413957;2.76967
12.5905;-4.03752;0.304734;-2.87183;0.01;12.3879;-3.9486;0.599021;1.53946
11.3809;-8.07886;0.612446;2.63239;0.01;11.3337;-8.10746;0.249256;-0.400693
10.8847;-7.88495;0.390139;0.731332;0.01;10.8775;-7.71542;0.2078;-1.03648
14.4984;-8.15019;0.667675;-0.167889;0.01;14.5806;-7.80495;0.59234;-0.607007
14.1016;-3.37349;0.420644;3.00377;0.01;13.4786;-4.11897;0.657564;1.96682
14.1204;-2.37368;0.426075;0.050008;0.01;14.1016;-3.37349;0.420644;3.00377
8.07566;-9.71065;0.585344;2.58791;0.01;8.14426;-9.47095;0.700071;-0.78679
11.8343;-3.6423;0.37571;-2.68693;0.01;12.0389;-4.06299;0.549292;0.636316
10.3863;-12.2335;0.293409;3.10654;0.01;10.4921;-12.2625;0.349547;-2.27297
11.5276;-10.3146;0.536618;-1.17958;0.01;11.6261;-10.3885;0.44719;1.17989
9.38794;-9.93374;0.782185;2.4246;0.01;9.55813;-9.75529;0.543662;-0.168302
13.9785;-3.30909;0.209799;-0.00827936;0.01;14.1016;-3.37349;0.420644;3.00377
14.5287;-2.66992;0.380037;2.40007;0.01;14.1204;-2.37368;0.426075;0.050008
4.90815;-10.0419;0.160889;1.58127;0;4.92255;-10.0419;0.340655;1.69958
13.5785;-7.93827;0.417527;1.98084;0.01;13.5181;-7.87772;0.587047;1.22302
9.05663;-9.98921;0.247393;-1.42668;0.01;8.94001;-9.67149;0.2917;1.0478
14.1368;-2.26976;0.305533;-1.08747;0.01;14.1204;-2.37368;0.426075;0.050008
13.7933;-6.2603;0.602851;1.39907;0.01;13.8386;-5.94135;0.651725;-1.74979
8.00649;-9.93729;0.385361;-1.58199;0.01;8.07566;-9.71065;0.585344;2.58791
13.7056;-11.9824;0.544794;0.386841;0.01;13.69;-12.2653;0.7244;-3.03604
11.6787;-5.95183;0.215729;1.65756;0.01;11.9279;-6.31901;0.514208;-1.31609
11.8958;-4.23411;0.713765;-1.89027;0.01;12.0389;-4.06299;0.549292;0.636316
7.11737;-11.9807;0.419923;3.04961;0.024;7.21585;-12.0918;0.41507;-0.0976603
8.84564;-9.83738;0.727584;0.711475;0.01;8.58901;-9.66231;0.772026;3.06973
5.8516;-9.70129;0.728226;-1.17885;0.002;5.69432;-9.47512;0.630276;3.04479
11.568;-9.73404;0.769731;-1.71477;0.01;11.9094;-9.75031;0.549143;-2.22639
14.4478;-3.42224;0.490371;2.62811;0.01;14.1016;-3.37349;0.420644;3.00377
9.80813;-12.1532;0.254988;0.568834;0.006;9.38257;-12.2731;0.235681;1.51043
11.8223;-9.56542;0.696048;1.275;0.01;11.9094;-9.75031;0.549143;-2.22639
5.67732;-9.36151;0.583749;-2.41876;0;5.69432;-9.47512;0.630276;3.04479
13.1621;-4.31053;0.56628;0.808184;0.01;13.4786;-4.11897;0.657564;1.96682
7.70859;-9.5041;0.159264;2.10653;0.01;7.62478;-9.83591;0.549281;0.934056
11.6466;-11.5871;0.516489;1.60476;0.01;11.3099;-11.657;0.399442;-1.96738
1.80606;-11.7041;0.431484;2.64741;0;2.00643;-11.9042;0.318378;2.58126
6.27872;-8.87045;0.51993;-0.673302;0.001;6.28392;-8.97777;0.45437;-0.393086
13.2965;-1.72888;0.268745;-2.09784;0.01;14.1368;-2.26976;0.305533;-1.08747
6.16783;-7.61686;0.739583;-0.262522;0;6.13646;-7.8307;0.574042;-1.48163
6.02888;-9.42776;0.470371;0.905864;0.001;5.93668;-9.17418;0.488166;2.64925
9.73407;-11.6678;0.814425;3.07945;0.01;9.86465;-11.6472;0.740266;0.430647
13.2897;-11.6503;0.805437;-0.533423;0.01;13.6146;-11.5839;0.694446;-0.81324
10.785;-8.44541;0.212226;0.749208;0.01;10.7519;-8.20976;0.626364;0.74318
12.8025;-3.61489;0.165243;-0.939717;0.01;12.5905;-4.03752;0.304734;-2.87183
1.95172;-11.8108;0.533029;-0.116787;0;1.80606;-11.7041;0.431484;2.64741
13.4328;-4.00031;0.765113;-0.179706;0.01;13.4786;-4.11897;0.657564;1.96682
5.31146;-10.0404;0.718315;-2.24224;0;5.48066;-9.8511;0.532281;0.485088
13.8827;-3.52605;0.290289;1.60305;0.01;13.9785;-3.30909;0.209799;-0.00827936
13.9898;-7.83005;0.693355;0.139786;0.01;14.1533;-7.87173;0.665631;-1.43136
12.2609;-11.8402;0.575202;-2.42158;0.016;12.349;-11.9467;0.731649;-2.22676
12.5823;-5.24724;0.600988;-2.21262;0.01;12.64;-5.12616;0.255573;0.011607
6.34567;-12.3662;0.367823;-0.252166;0;6.4483;-12.2746;0.476499;0.526881
12.5136;-5.39854;0.623428;-0.805878;0.01;12.5823;-5.24724;0.600988;-2.21262
12.2538;-7.93661;0.70104;-0.172758;0.01;12.1325;-7.91587;0.813065;-1.9353
13.1557;-10.1034;0.312396;1.23585;0.01;12.9445;-10.164;0.176588;-2.46247
7.75152;-11.6651;0.797865;1.09365;0;7.35383;-11.7507;0.556338;-0.963598
3.82271;-12.5548;0.651066;-2.6928;0.036;3.74918;-12.5208;0.70687;-0.262297
12.2357;-12.0674;0.413943;1.03586;0.01;12.2984;-11.8042;0.366659;-1.15828
6.0104;-8.10287;0.533123;1.76784;0;5.75984;-7.97436;0.606499;-0.842778
5.83316;-8.8767;0.409317;1.97022;0.001;5.94085;-8.967;0.253633;-2.21358
11.3511;-12.2857;0.286334;2.7808;0.022;11.4175;-12.4578;0.340092;-0.71049
12.9167;-9.9387;0.370757;2.73537;0.01;12.8055;-9.78073;0.37589;2.36985
8.3623;-8.31783;0.701931;0.504541;0.01;8.23544;-8.7185;0.848548;-1.28884
8.16754;-10.1317;0.238919;-0.641555;0.01;8.14141;-10.3391;0.298568;1.89893
3.73318;-10.0613;0.578781;2.57885;0;3.79669;-9.9919;0.713448;1.11318
10.3709;-9.97916;0.81528;-0.293723;0.01;10.4244;-9.85642;0.787798;-1.83087
6.49447;-7.24629;0.756255;1.92144;0.001;6.53189;-7.62336;0.853128;-0.218666
14.0592;-10.5566;0.428782;-2.52128;0.01;14.0972;-10.4282;0.504802;-1.72655
5.53217;-10.2481;0.598211;-0.0374285;0;5.53911;-10.2677;0.77873;-0.279611
9.16008;-9.52355;0.641247;-2.96708;0.01;8.94001;-9.67149;0.2917;1.0478
6.38925;-5.29594;0.382409;-1.28569;0;6.45702;-5.45422;0.294727;0.728217
5.49355;-11.6929;0.202682;0.227297;0.027;5.22514;-12.1085;0.419601;1.23075
10.7206;-10.2389;0.175123;-1.74611;0.01;10.9319;-10.3799;0.262982;-1.42952
14.315;-10.5934;0.162728;2.90306;0.01;14.3367;-10.5089;0.201725;0.539785
3.8768;-10.0119;0.349129;1.51701;0;3.83655;-10.203;0.280413;-1.54315
14.0256;-5.87267;0.662822;1.49864;0.01;13.8386;-5.94135;0.651725;-1.74979
14.2543;-10.3017;0.272375;-0.814403;0.01;14.3367;-10.5089;0.201725;0.539785
11.4092;-9.87765;0.555337;2.41612;0.01;11.568;-9.73404;0.769731;-1.71477
3.37155;-12.2605;0.680671;-2.41776;0.018;3.41901;-12.2238;0.515811;1.61002
7.57037;-9.98875;0.67537;-1.84809;0.01;7.62478;-9.83591;0.549281;0.934056
11.6286;-9.44776;0.441011;1.99837;0.01;11.8223;-9.56542;0.696048;1.275
5.10121;-9.73442;0.811009;2.68677;0;5.30747;-9.57302;0.699811;-1.73351
5.85463;-9.06387;0.197591;-0.899564;0.003;5.94085;-8.967;0.253633;-2.21358
14.6205;-1.66144;0.5342;0.885923;0.01;14.1368;-2.26976;0.305533;-1.08747
10.7162;-11.9119;0.452624;1.45634;0.01;10.6628;-12.0689;0.551968;-2.18743
10.2326;-9.71716;0.776622;-1.46027;0.01;10.4244;-9.85642;0.787798;-1.83087
5.69638;-9.2669;0.244437;2.72721;0.003;5.85463;-9.06387;0.197591;-0.899564
9.16679;-11.9934;0.504657;2.0338;0.006;9.19908;-12.0389;0.46751;3.0911
7.77082;-8.65487;0.508281;-0.340559;0.01;7.95433;-8.80403;0.33279;1.5701
13.8073;-12.1434;0.29712;-1.7656;0.01;13.7056;-11.9824;0.544794;0.386841
11.2172;-9.88581;0.593761;1.15331;0.01;11.4092;-9.87765;0.555337;2.41612
12.3183;-1.93601;0.261188;-0.570104;0.01;13.2965;-1.72888;0.268745;-2.09784
11.3584;-1.66709;0.340818;-2.47518;0.01;12.3183;-1.93601;0.261188;-0.570104
7.97878;-9.25524;0.22608;-3.13001;0.01;8.13213;-9.07092;0.359206;-1.37862
12.7591;-11.5533;0.281503;2.40726;0.012;13.0306;-11.7704;0.538725;-2.75374
13.3642;-10.328;0.725072;-1.61134;0.01;13.5319;-10.0175;0.642124;1.71971
1.72148;-11.2801;0.240416;-0.941308;0;1.63274;-10.9919;0.552092;1.95347
13.5643;-1.76899;0.380947;0.578681;0.01;13.2965;-1.72888;0.268745;-2.09784
9.02379;-8.16307;0.235008;-1.90912;0.01;8.78067;-8.21297;0.250414;3.00734
10.4212;-2.01289;0.295193;1.16683;0.01;11.3584;-1.66709;0.340818;-2.47518
7.72307;-12.1665;0.263915;-0.118064;0.036;7.86707;-12.3007;0.391863;-0.527757
4.08197;-11.941;0.84358;1.64217;0;4.09914;-11.7614;0.653014;-1.02576
12.3338;-5.47017;0.521583;-2.42116;0.01;12.5136;-5.39854;0.623428;-0.805878
3.95476;-12.3653;0.745319;-2.50333;0.036;3.82271;-12.5548;0.651066;-2.6928
14.0405;-11.355;0.705685;2.69139;0.01;13.9011;-11.3945;0.36315;0.109111
14.0312;-3.30809;0.206501;-0.0267115;0.01;13.9785;-3.30909;0.209799;-0.00827936
14.0855;-11.2097;0.273782;2.28238;0.01;13.9011;-11.3945;0.36315;0.109111
11.9041;-9.97961;0.621235;1.82565;0.01;11.9094;-9.75031;0.549143;-2.22639
9.57736;-8.07395;0.32798;0.493573;0.01;9.49424;-7.97778;0.517826;-3.13405
5.73829;-10.3239;0.16645;0.138359;0.002;5.86209;-10.2982;0.363205;1.96795
6.08426;-7.29102;0.156188;1.60601;0.001;6.22379;-7.44945;0.27639;-0.297176
12.9531;-12.4659;0.249809;-0.283119;0.01;12.9565;-12.5248;0.679725;-1.25789
5.5133;-9.71915;0.317332;0.599123;0;5.57036;-9.74076;0.46674;-2.95065
10.5811;-7.93767;0.193652;0.0342999;0.01;10.8847;-7.88495;0.390139;0.731332
6.35081;-8.13353;0.788818;1.18217;0;6.46225;-8.13096;0.803914;0.474138
9.58816;-7.80586;0.27277;2.88451;0.01;9.57736;-8.07395;0.32798;0.493573
14.2751;-7.66427;0.19363;1.43278;0.01;14.0198;-7.51037;0.162449;1.25523
11.8678;-2.51352;0.710306;-3.11111;0.01;12.3183;-1.93601;0.261188;-0.570104
11.7214;-5.93433;0.792139;-0.778872;0.01;11.9279;-6.31901;0.514208;-1.31609
12.7705;-2.07781;0.68433;1.54051;0.01;12.3183;-1.93601;0.261188;-0.570104
9.88558;-12.3075;0.32276;-2.48287;0.006;9.80813;-12.1532;0.254988;0.568834
13.9865;-8.38216;0.320988;0.0443074;0.01;14.1016;-8.26855;0.481276;1.01965
8.53288;-8.58581;0.469721;1.62549;0.01;8.29323;-8.73479;0.5435;0.815747
2.11955;-10.3414;0.437951;0.587659;0;1.94425;-10.3219;0.623207;-1.61883
8.42717;-9.27652;0.632952;2.87617;0.01;8.47015;-9.37396;0.754877;-2.74653
8.49245;-12.2076;0.462908;2.5891;0.025;8.80808;-12.1835;0.503061;-0.756863
4.72476;-10.2426;0.348303;-0.224939;0;4.58998;-10.0343;0.276064;-1.64205
5.95702;-4.85063;0.305302;1.76881;0.075;5.80429;-4.75943;0.341875;2.63949
2.35916;-11.0226;0.735387;0.868261;0;2.27704;-10.9321;0.847293;-1.59565
4.79585;-10.1231;0.829296;-2.60972;0;4.54428;-9.90141;0.693413;1.77958
5.75178;-6.05474;0.305181;-2.73709;0.085;5.67811;-6.10141;0.160514;1.45049
6.13961;-6.75022;0.797925;1.05642;0.012;6.08175;-6.73077;0.827652;0.401957
12.0285;-7.62682;0.722194;-0.268554;0.01;12.0758;-7.82615;0.686673;1.12353
9.9897;-1.93756;0.306918;2.59061;0.01;10.4212;-2.01289;0.295193;1.16683
11.9962;-10.2932;0.778748;-2.91269;0.01;11.693;-10.2772;0.733027;-2.49952
8.24923;-8.17392;0.65897;-2.66537;0.01;8.3623;-8.31783;0.701931;0.504541
2.94246;-10.2159;0.817678;-1.61917;0;2.8461;-10.3097;0.62825;2.73805
12.0716;-5.25743;0.2321;-0.214437;0.01;12.0781;-5.06221;0.545015;0.09515
12.0746;-1.83882;0.471878;-0.0136412;0.01;12.3183;-1.93601;0.261188;-0.570104
6.14962;-7.39947;0.756952;1.5569;0.001;6.16783;-7.61686;0.739583;-0.262522
14.6881;-11.8373;0.195433;-2.44481;0.01;14.4918;-12.259;0.711716;-2.78666
13.482;-3.51887;0.63693;0.134872;0.01;13.4328;-4.00031;0.765113;-0.179706
6.3954;-6.52521;0.43559;3.01394;0.086;6.27382;-6.29068;0.208866;1.41393
14.513;-6.08583;0.355441;0.590435;0.01;14.2474;-6.50568;0.386157;0.282118
13.8274;-7.02895;0.186948;2.54292;0.01;13.8564;-6.94089;0.676168;0.988869
8.48171;-9.48102;0.470109;2.30443;0.01;8.42717;-9.27652;0.632952;2.87617
12.8311;-2.29393;0.254815;3.01729;0.01;12.7705;-2.07781;0.68433;1.54051
12.7094;-10.1167;0.479003;1.88112;0.01;12.7718;-10.2299;0.386858;1.4062
10.6582;-2.03033;0.772943;-2.19706;0.01;10.4212;-2.01289;0.295193;1.16683
2.9284;-10.0895;0.453063;2.73374;0;2.8461;-10.3097;0.62825;2.73805
6.0168;-10.0231;0.783587;2.16746;0.002;5.88178;-10.0348;0.657319;-0.0758882
3.844;-9.76348;0.707354;-2.93154;0;3.93275;-9.86706;0.789524;-1.24571
14.1835;-2.15155;0.260996;-3.11681;0.01;14.1368;-2.26976;0.305533;-1.08747
14.4145;-10.997;0.476213;0.116963;0.01;14.4372;-10.971;0.420075;-0.599233
11.5837;-12.353;0.547141;0.236933;0.016;11.6941;-12.3655;0.628054;3.13984
7.96207;-10.4406;0.679993;-1.05866;0.01;8.07469;-10.3624;0.667174;-2.28908
10.5707;-11.796;0.830725;3.12881;0.012;10.5014;-11.7666;0.719626;2.04989
11.2003;-10.5285;0.314476;2.05719;0.01;10.9319;-10.3799;0.262982;-1.42952
14.111;-8.16592;0.407477;2.47334;0.01;14.1016;-8.26855;0.481276;1.01965
7.78078;-12.6128;0.623527;2.70538;0.042;7.62464;-12.6384;0.304635;0.388322
12.5615;-8.1246;0.376552;-0.287498;0.01;12.7407;-8.31138;0.409955;-1.1049
7.81149;-9.73163;0.380503;0.901139;0.01;7.62478;-9.83591;0.549281;0.934056
12.5139;-5.04722;0.501082;1.18348;0.01;12.5823;-5.24724;0.600988;-2.21262
8.2376;-12.5643;0.366128;1.63098;0.013;8.39851;-12.6372;0.591213;0.197497
11.6668;-10.1298;0.312883;-0.565475;0.01;11.4301;-10.2263;0.383967;1.6867
8.32925;-12.2919;0.727915;-1.49899;0.013;8.4064;-12.5599;0.822269;-0.986765
12.8525;-2.07931;0.578911;2.68978;0.01;12.7705;-2.07781;0.68433;1.54051
5.7397;-8.50965;0.288123;1.38579;0.001;5.83316;-8.8767;0.409317;1.97022
3.65835;-12.0429;0.755744;-2.0793;0.018;3.59683;-12.1145;0.815364;-2.41756
8.62646;-10.261;0.231713;-0.300246;0.01;8.48542;-9.88046;0.391349;-2.19441
12.7567;-11.8144;0.273313;0.692271;0.012;12.7591;-11.5533;0.281503;2.40726
14.5939;-11.9772;0.250952;2.53101;0.01;14.6881;-11.8373;0.195433;-2.44481
2.62885;-11.5203;0.188728;2.02756;0;2.27056;-11.6853;0.373525;2.38808
12.3743;-11.9888;0.194866;-0.566044;0.01;12.2984;-11.8042;0.366659;-1.15828
9.94582;-2.54344;0.394777;-1.82314;0.01;9.9897;-1.93756;0.306918;2.59061
6.31712;-6.50887;0.260615;1.14269;0.094;6.3954;-6.52521;0.43559;3.01394
3.25826;-10.5305;0.436102;1.54244;0;3.00777;-10.4206;0.425996;-0.310189
11.4654;-1.68918;0.277508;3.00429;0.01;11.3584;-1.66709;0.340818;-2.47518
2.14828;-9.99858;0.528418;-1.75021;0;2.39243;-9.94017;0.637508;-2.2486
10.8005;-8.42952;0.163803;-2.69537;0.01;10.785;-8.44541;0.212226;0.749208
6.23317;-5.81868;0.503299;-1.61449;0;6.15337;-5.93276;0.500284;-1.02385
14.0414;-7.12338;0.560209;2.51019;0.01;13.8564;-6.94089;0.676168;0.988869
8.87809;-7.62184;0.775877;1.73036;0.01;8.87066;-7.65189;0.609162;-1.46986
14.2818;-3.34195;0.404394;-0.183709;0.01;14.1016;-3.37349;0.420644;3.00377
12.2949;-4.00425;0.629301;2.96239;0.01;12.3879;-3.9486;0.599021;1.53946
7.42508;-11.5578;0.819441;-2.25932;0.003;7.27286;-11.4999;0.824283;2.19643
11.0882;-12.19;0.593998;-2.2883;0.016;11.0419;-12.2346;0.446153;-1.51302
6.28079;-9.45959;0.742827;-1.67667;0;6.39266;-9.58641;0.929247;-2.4667
9.4133;-8.12439;0.533367;2.47724;0.01;9.49424;-7.97778;0.517826;-3.13405
13.2445;-12.6763;0.737848;-1.72101;0.01;13.0369;-12.5781;0.735418;0.454959
9.80359;-12.465;0.304525;-3.1178;0.006;9.88558;-12.3075;0.32276;-2.48287
10.119;-3.37522;0.838679;-2.62648;0.01;9.94582;-2.54344;0.394777;-1.82314
14.3736;-10.6621;0.552695;-1.15609;0.01;14.4496;-10.6086;0.617589;2.64193
12.6576;-12.3157;0.810785;1.55184;0.012;12.8415;-12.0061;0.768435;0.802561
11.859;-10.031;0.410536;1.74943;0.01;11.9041;-9.97961;0.621235;1.82565
12.7886;-12.3741;0.36178;-1.8721;0.01;12.9531;-12.4659;0.249809;-0.283119
11.7194;-11.8153;0.237741;-1.62526;0.01;11.6466;-11.5871;0.516489;1.60476
11.6914;-7.61143;0.646265;-1.89202;0.01;11.5996;-7.63991;0.549593;0.000276654
9.25721;-8.10891;0.833481;-0.384555;0.01;9.4133;-8.12439;0.533367;2.47724
11.9615;-5.7442;0.788459;2.5842;0.01;11.7214;-5.93433;0.792139;-0.778872
10.8482;-12.4064;0.38428;0.387129;0.016;10.7573;-12.4953;0.36563;1.03757
11.6077;-1.5619;0.528677;-0.439846;0.01;11.4654;-1.68918;0.277508;3.00429
5.95885;-9.09207;0.714899;2.2514;0.001;5.93668;-9.17418;0.488166;2.64925
14.2749;-5.72195;0.485189;-1.28904;0.01;14.0256;-5.87267;0.662822;1.49864
14.1369;-12.584;0.517709;1.77443;0.01;14.4275;-12.4568;0.6984;-1.56681
13.3138;-7.29605;0.558325;2.14204;0.01;12.8933;-7.33779;0.799337;0.28196
8.21569;-12.3857;0.37984;0.124454;0.019;8.2376;-12.5643;0.366128;1.63098
9.96466;-8.14923;0.767395;-2.69461;0.01;9.6805;-8.30205;0.790699;-2.98308
6.83984;-12.6833;0.719521;1.82855;0.017;6.63559;-12.6884;0.69292;-2.27573
12.4879;-8.37536;0.830051;-3.11062;0.01;12.7407;-8.31138;0.409955;-1.1049
13.8966;-2.37271;0.542796;-0.387718;0.01;14.1204;-2.37368;0.426075;0.050008
13.6931;-3.94031;0.550234;0.770089;0.01;13.4786;-4.11897;0.657564;1.96682
6.13246;-8.70238;0.539118;2.44792;0;6.29667;-8.78631;0.626805;1.15805
11.8787;-4.33228;0.35465;-2.50257;0.01;12.0389;-4.06299;0.549292;0.636316
14.2453;-8.36081;0.30601;-2.50671;0.01;14.1016;-8.26855;0.481276;1.01965
7.86556;-11.4878;0.577323;-0.0237335;0.006;7.75152;-11.6651;0.797865;1.09365
2.3826;-10.4483;0.301063;1.27723;0;2.55499;-10.4785;0.398824;-1.31155
10.9559;-1.80094;0.487379;-2.12228;0.01;11.3584;-1.66709;0.340818;-2.47518
11.6957;-8.26269;0.272041;1.73011;0.01;11.5558;-8.2619;0.21252;-0.624572
4.06814;-12.0419;0.350632;-1.76243;0;3.9736;-12.0915;0.565958;2.91188
6.96236;-12.2656;0.583672;1.07386;0;7.13011;-12.273;0.515104;1.81639
10.7038;-8.09693;0.590633;2.3317;0.01;10.7519;-8.20976;0.626364;0.74318
5.87551;-5.23187;0.281079;-0.796415;0.061;6.05322;-5.02782;0.355067;-1.24386
13.3627;-4.34981;0.187071;3.13728;0.01;13.1621;-4.31053;0.56628;0.808184
14.1145;-7.50871;0.762902;2.34336;0.01;13.9898;-7.83005;0.693355;0.139786
14.6283;-3.0166;0.458425;-0.399344;0.01;14.5287;-2.66992;0.380037;2.40007
6.14874;-9.7272;0.549345;2.04216;0;6.11172;-9.74029;0.370943;0.982136
5.80819;-11.5758;0.186039;2.6976;0.027;5.49355;-11.6929;0.202682;0.227297
5.59253;-12.1859;0.495094;2.33966;0.027;5.41104;-12.1924;0.531602;1.24344
12.2273;-9.76094;0.553047;-2.28897;0.01;11.9094;-9.75031;0.549143;-2.22639
8.00632;-8.29982;0.319586;2.45152;0.01;8.12894;-8.00573;0.324183;-2.3636
6.33798;-10.2154;0.441363;1.53729;0;6.25324;-10.2137;0.398961;2.4283
14.1261;-8.58956;0.773167;-3.00474;0.01;14.1016;-8.26855;0.481276;1.01965
5.69569;-6.52237;0.151176;-1.00648;0;5.84821;-6.6739;0.288927;2.58701
7.14361;-12.0373;0.555547;-1.61921;0.024;7.11737;-11.9807;0.419923;3.04961
9.6584;-4.18147;0.467471;0.889127;0.01;10.119;-3.37522;0.838679;-2.62648
10.4557;-4.24038;0.364489;0.683764;0.01;9.6584;-4.18147;0.467471;0.889127
8.41231;-9.44211;0.601824;2.16944;0.01;8.48171;-9.48102;0.470109;2.30443
14.0248;-10.8401;0.593775;-3.03999;0.01;14.0592;-10.5566;0.428782;-2.52128
8.24807;-8.33999;0.817522;-0.0295058;0.01;8.3623;-8.31783;0.701931;0.504541
11.5094;-12.1607;0.229249;1.3491;0.016;11.5306;-12.2957;0.355833;-1.95414
10.9152;-11.5277;0.421351;1.21999;0.01;10.7625;-11.5815;0.185732;2.17187
13.7424;-6.1713;0.632555;-2.74446;0.01;13.7933;-6.2603;0.602851;1.39907
14.4017;-7.94753;0.453305;-1.90528;0.01;14.5806;-7.80495;0.59234;-0.607007
12.7433;-2.09265;0.160662;-0.21289;0.01;12.8311;-2.29393;0.254815;3.01729
12.3132;-2.04479;0.434516;2.09807;0.01;12.3183;-1.93601;0.261188;-0.570104
8.72108;-10.1519;0.399404;0.0993931;0.01;8.62646;-10.261;0.231713;-0.300246
1.79068;-12.5385;0.154108;2.44797;0;1.84223;-12.5916;0.213063;0.368949
3.89568;-11.7027;0.182719;0.392972;0.018;3.96807;-11.7917;0.427044;-2.55331
10.3531;-4.80911;0.255621;-2.57524;0.01;10.4557;-4.24038;0.364489;0.683764
11.8852;-5.88298;0.518918;1.70273;0.01;11.9615;-5.7442;0.788459;2.5842
13.0015;-11.6548;0.198821;-0.505434;0.012;12.7591;-11.5533;0.281503;2.40726
6.50965;-7.62472;0.693662;-1.31007;0;6.56356;-7.72829;0.689846;-1.97382
9.03309;-9.8791;0.746509;-2.4444;0.01;8.84564;-9.83738;0.727584;0.711475
9.47022;-11.611;0.682187;-2.52858;0.01;9.73407;-11.6678;0.814425;3.07945
14.4202;-2.39473;0.812425;0.899573;0.01;14.1204;-2.37368;0.426075;0.050008
6.8976;-11.8763;0.534175;-0.139955;0;6.80322;-12.0249;0.539487;0.461699
5.01623;-12.2741;0.640914;-1.91131;0;4.90116;-12.3446;0.440345;3.10218
12.1562;-4.08869;0.810451;0.489303;0.01;12.1576;-4.09031;0.685815;0.0405099
6.10244;-9.08932;0.707489;0.985981;0.001;5.95885;-9.09207;0.714899;2.2514
6.38638;-6.63907;0.693667;-0.943179;0.086;6.3954;-6.52521;0.43559;3.01394
9.55699;-12.1167;0.709542;2.52382;0.006;9.3373;-11.9644;0.469186;0.885032
12.2338;-5.31633;0.252077;-1.89514;0.01;12.0716;-5.25743;0.2321;-0.214437
8.86748;-9.38153;0.629194;-0.105813;0.01;9.16008;-9.52355;0.641247;-2.96708
13.4554;-11.2788;0.519577;0.783373;0.01;13.6146;-11.5839;0.694446;-0.81324
12.1521;-11.9514;0.494502;2.63228;0.016;12.2357;-12.0674;0.413943;1.03586
11.4256;-2.27525;0.668776;-0.613217;0.01;11.8678;-2.51352;0.710306;-3.11111
5.49035;-9.25412;0.787655;2.17714;0;5.53681;-9.39419;0.742266;0.368847
13.688;-2.52854;0.207166;1.20488;0.01;13.8966;-2.37271;0.542796;-0.387718
2.91528;-12.1166;0.477365;0.324999;0.013;2.96487;-11.9929;0.481017;2.96955
9.98061;-4.8266;0.463365;2.33934;0.01;10.3531;-4.80911;0.255621;-2.57524
14.4782;-1.51073;0.257046;-1.93613;0.01;14.6205;-1.66144;0.5342;0.885923
10.4171;-11.8293;0.43923;1.45441;0.01;10.3171;-11.7652;0.452188;-2.63376
10.3424;-2.6816;0.306778;-1.69574;0.01;9.94582;-2.54344;0.394777;-1.82314
14.2061;-2.61911;0.507749;0.486766;0.01;14.1204;-2.37368;0.426075;0.050008
2.59019;-10.5864;0.621965;-0.641523;0;2.55499;-10.4785;0.398824;-1.31155
5.47872;-9.64931;0.522713;2.42277;0;5.57036;-9.74076;0.46674;-2.95065
3.74281;-12.4198;0.395441;1.52164;0;3.73503;-12.3206;0.350728;2.88262
9.71028;-3.15007;0.266794;-2.35582;0.01;9.94582;-2.54344;0.394777;-1.82314
12.2524;-4.85248;0.24711;-1.42613;0.01;12.0781;-5.06221;0.545015;0.09515
9.49614;-5.67252;0.240399;2.17816;0.01;9.98061;-4.8266;0.463365;2.33934
6.37822;-7.63992;0.723081;-0.619617;0;6.50965;-7.62472;0.693662;-1.31007
10.7964;-8.04263;0.460572;-1.62292;0.01;10.7038;-8.09693;0.590633;2.3317
2.46865;-11.7482;0.440344;2.14657;0;2.27056;-11.6853;0.373525;2.38808
14.3185;-4.03608;0.352038;-1.06691;0.01;14.4478;-3.42224;0.490371;2.62811
8.17783;-12.3109;0.331119;0.0232413;0.025;8.21569;-12.3857;0.37984;0.124454
8.39704;-9.31637;0.306568;0.535568;0.01;8.48171;-9.48102;0.470109;2.30443
12.5991;-7.54676;0.705629;-2.49265;0.01;12.4749;-7.33645;0.614193;1.85913
8.07222;-9.36686;0.338796;-0.114183;0.01;7.97878;-9.25524;0.22608;-3.13001
3.06008;-10.249;0.585315;-0.0500316;0;3.19383;-10.0987;0.669577;-2.55825
12.1935;-9.69088;0.229825;-2.98655;0.01;12.2273;-9.76094;0.553047;-2.28897
9.80359;-8.25389;0.189452;-2.215;0.01;9.57736;-8.07395;0.32798;0.493573
6.78093;-11.8581;0.728442;1.51826;0;6.8976;-11.8763;0.534175;-0.139955
14.1762;-3.02352;0.496364;-2.65839;0.01;14.2818;-3.34195;0.404394;-0.183709
8.01678;-12.3688;0.329425;1.24939;0.025;8.17783;-12.3109;0.331119;0.0232413
8.10538;-9.60623;0.70612;-1.35936;0.01;8.14426;-9.47095;0.700071;-0.78679
9.43234;-11.5346;0.246327;-0.373934;0.013;9.47022;-11.611;0.682187;-2.52858
9.83156;-4.25498;0.833157;1.08788;0.01;9.6584;-4.18147;0.467471;0.889127
8.67581;-5.19293;0.551909;1.76819;0.011;9.49614;-5.67252;0.240399;2.17816
14.4999;-6.49259;0.828654;-2.06301;0.01;14.095;-6.59776;0.620872;-2.80318
9.32716;-6.3333;0.760078;-0.384001;0.01;9.49614;-5.67252;0.240399;2.17816
3.60882;-10.5042;0.561191;-1.01247;0;3.25826;-10.5305;0.436102;1.54244
11.912;-4.35561;0.503813;1.31629;0.01;11.8787;-4.33228;0.35465;-2.50257
13.3415;-4.34429;0.562467;1.08656;0.01;13.1621;-4.31053;0.56628;0.808184
6.53818;-11.8312;0.197795;2.53487;0.002;6.71005;-11.6224;0.306433;2.60002
13.2659;-3.92858;0.740888;-0.373791;0.01;13.4328;-4.00031;0.765113;-0.179706
12.451;-5.53021;0.507128;2.91232;0.01;12.3338;-5.47017;0.521583;-2.42116
12.8683;-9.99357;0.556257;-0.752581;0.01;12.9186;-9.94442;0.636844;2.80132
10.2864;-4.7632;0.509129;-1.90329;0.01;10.3531;-4.80911;0.255621;-2.57524
13.8983;-12.2423;0.495545;-2.82101;0.01;13.8073;-12.1434;0.29712;-1.7656
6.38036;-10.3119;0.567737;2.14931;0;6.33798;-10.2154;0.441363;1.53729
13.9469;-2.83534;0.759197;1.17496;0.01;14.1762;-3.02352;0.496364;-2.65839
5.0489;-10.2273;0.620991;1.6753;0;5.03727;-10.3674;0.320605;-2.44776
13.7649;-6.32258;0.814162;0.902292;0.01;13.7933;-6.2603;0.602851;1.39907
5.78896;-9.51352;0.801113;1.22758;0;5.69432;-9.47512;0.630276;3.04479
10.8893;-2.19872;0.370763;1.85593;0.01;10.9559;-1.80094;0.487379;-2.12228
8.65542;-12.4055;0.308014;1.19524;0.025;8.49245;-12.2076;0.462908;2.5891
12.0087;-8.12055;0.495977;-2.98626;0.01;12.0924;-8.13961;0.582576;0.0656179
10.307;-5.05264;0.796212;-1.3397;0.01;10.2864;-4.7632;0.509129;-1.90329
6.04498;-5.73199;0.392145;-2.99059;0;6.08384;-5.7475;0.391555;2.5794
2.13312;-9.98463;0.695369;-1.52157;0;2.14828;-9.99858;0.528418;-1.75021
12.783;-11.8256;0.707247;3.03949;0.018;12.8415;-12.0061;0.768435;0.802561
7.31294;-12.0087;0.270686;-2.95395;0.018;7.31856;-12.0166;0.26847;-1.48997
6.01829;-6.77281;0.791687;-2.78678;0;6.08175;-6.73077;0.827652;0.401957
10.7673;-2.12718;0.178692;1.28434;0.01;10.8893;-2.19872;0.370763;1.85593
12.2035;-7.70747;0.703587;2.71604;0.01;12.0758;-7.82615;0.686673;1.12353
5.25663;-10.2388;0.796998;2.77901;0;5.31146;-10.0404;0.718315;-2.24224
12.7248;-4.97118;0.762216;-0.841676;0.01;12.5139;-5.04722;0.501082;1.18348
14.6318;-2.39749;0.290665;1.1515;0.01;14.5287;-2.66992;0.380037;2.40007
6.04846;-8.2837;0.767461;-0.660823;0;6.0104;-8.10287;0.533123;1.76784
11.1774;-12.0778;0.802644;-1.10747;0.016;10.9904;-11.9101;0.825301;-2.41077
6.62209;-11.9;0.616927;1.6665;0;6.78093;-11.8581;0.728442;1.51826
14.2411;-7.88207;0.68247;-0.609645;0.01;14.1533;-7.87173;0.665631;-1.43136
5.98089;-9.87708;0.237054;-0.147956;0;6.11172;-9.74029;0.370943;0.982136
6.45953;-6.8404;0.411335;0.348677;0;6.25617;-6.98737;0.380511;-2.8488
10.9654;-10.1668;0.394375;1.3708;0.01;11.0263;-10.1755;0.595025;-1.48359
14.2616;-7.38854;0.710275;-1.07687;0.01;14.1145;-7.50871;0.762902;2.34336
5.87838;-4.50984;0.527631;-3.05366;0.008;5.83159;-4.27916;0.453887;2.26574
13.818;-6.81638;0.330259;2.85269;0.01;13.8274;-7.02895;0.186948;2.54292
9.82595;-3.72006;0.735849;-2.98735;0.01;10.119;-3.37522;0.838679;-2.62648
13.3705;-10.1108;0.403714;0.990912;0.01;13.1557;-10.1034;0.312396;1.23585
13.6819;-4.20198;0.302838;-1.72605;0.01;13.6931;-3.94031;0.550234;0.770089
7.86316;-12.5707;0.659653;3.12568;0.06;7.78078;-12.6128;0.623527;2.70538
6.25678;-10.3723;0.57249;0.697732;0;6.38036;-10.3119;0.567737;2.14931
12.0014;-6.06404;0.455065;-2.83302;0.01;11.8852;-5.88298;0.518918;1.70273
7.03087;-12.1567;0.468095;0.612936;0.002;7.13011;-12.273;0.515104;1.81639
12.5866;-3.87525;0.786288;-0.0594382;0.01;12.3879;-3.9486;0.599021;1.53946
12.935;-1.91558;0.268215;-2.52189;0.01;12.7433;-2.09265;0.160662;-0.21289
12.7587;-8.53537;0.653027;-2.65815;0.01;12.7407;-8.31138;0.409955;-1.1049
14.5922;-3.77521;0.296923;-1.60741;0.01;14.3185;-4.03608;0.352038;-1.06691
8.35293;-8.41525;0.150529;-0.973221;0.01;8.22178;-8.7586;0.307697;-2.87951
9.79258;-9.51324;0.406509;1.35217;0.01;9.75541;-9.5527;0.319818;-1.9768
4.41312;-9.78166;0.33147;1.05701;0;4.51681;-9.7451;0.537614;2.94198
9.41405;-11.9614;0.391305;-0.425647;0.011;9.3373;-11.9644;0.469186;0.885032
7.91072;-9.71032;0.342509;-2.44591;0.01;7.81149;-9.73163;0.380503;0.901139
11.2147;-2.19876;0.326245;1.9758;0.01;10.8893;-2.19872;0.370763;1.85593
11.0429;-2.2293;0.384357;-1.13081;0.01;10.8893;-2.19872;0.370763;1.85593
12.1836;-11.7046;0.500852;-2.63464;0.022;12.2609;-11.8402;0.575202;-2.42158
12.5475;-6.24963;0.548797;1.31134;0.01;12.7601;-6.28272;0.478354;1.62714
13.8453;-10.245;0.215184;0.761981;0.01;13.9591;-10.5008;0.311145;-2.5961
13.5232;-4.39683;0.34002;-2.60865;0.01;13.3627;-4.34981;0.187071;3.13728
9.33945;-7.80727;0.6742;1.21871;0.01;9.49424;-7.97778;0.517826;-3.13405
11.941;-2.18787;0.39068;-0.772543;0.01;12.0746;-1.83882;0.471878;-0.0136412
8.55793;-4.6245;0.339629;2.16176;0.014;8.67581;-5.19293;0.551909;1.76819
4.6433;-12.3519;0.300278;2.4059;0;4.88251;-12.3289;0.350243;-0.831439
9.22325;-11.887;0.603763;0.73553;0.006;9.16679;-11.9934;0.504657;2.0338
10.7949;-12.5412;0.547613;-0.441625;0.016;10.7573;-12.4953;0.36563;1.03757
8.182;-3.74093;0.618865;-1.21713;0.014;8.55793;-4.6245;0.339629;2.16176
13.8287;-3.47181;0.208555;-0.0875113;0.01;13.8827;-3.52605;0.290289;1.60305
10.3249;-2.18256;0.543382;2.49606;0.01;10.4212;-2.01289;0.295193;1.16683
9.42522;-11.9242;0.251937;-2.49503;0.011;9.41405;-11.9614;0.391305;-0.425647
6.43805;-6.19181;0.204857;-2.21555;0.086;6.27382;-6.29068;0.208866;1.41393
13.8833;-7.96957;0.768888;1.44305;0.01;13.8298;-7.93316;0.60622;1.78257
13.1544;-12.4116;0.312858;0.199795;0.01;12.9531;-12.4659;0.249809;-0.283119
2.39445;-11.5839;0.500237;-0.374711;0;2.23425;-11.5963;0.591029;-0.584717
8.18434;-8.76635;0.709564;-0.773397;0.01;8.23544;-8.7185;0.848548;-1.28884
13.7609;-9.80576;0.171285;-1.76096;0.01;13.6749;-9.80848;0.468909;1.78039
7.88686;-12.5764;0.829286;-0.116963;0.066;7.86316;-12.5707;0.659653;3.12568
10.6107;-5.51839;0.488398;0.451633;0.01;10.307;-5.05264;0.796212;-1.3397
8.41226;-12.3286;0.364354;0.191841;0.031;8.49245;-12.2076;0.462908;2.5891
11.8639;-4.37592;0.430124;1.09053;0.01;11.8787;-4.33228;0.35465;-2.50257
2.90741;-10.2031;0.269129;1.67544;0;2.9284;-10.0895;0.453063;2.73374
14.1802;-10.7337;0.365877;-0.913795;0.01;14.0592;-10.5566;0.428782;-2.52128
5.72852;-6.29995;0.159885;-2.25903;0.085;5.67811;-6.10141;0.160514;1.45049
8.41848;-4.83755;0.814002;-1.58784;0.011;8.67581;-5.19293;0.551909;1.76819
14.0094;-6.80875;0.638723;2.39572;0.01;13.8564;-6.94089;0.676168;0.988869
13.09;-1.69422;0.245798;-1.96734;0.01;13.2965;-1.72888;0.268745;-2.09784
9.4617;-5.73285;0.207398;0.706379;0.01;9.49614;-5.67252;0.240399;2.17816
11.6251;-8.22739;0.440267;-2.4844;0.01;11.6957;-8.26269;0.272041;1.73011
2.51835;-12.3182;0.795293;-2.55143;0;2.41789;-12.1872;0.680232;-1.56488
7.76461;-2.83293;0.582357;0.21261;0.014;8.182;-3.74093;0.618865;-1.21713
14.3587;-3.74033;0.475129;-1.0237;0.01;14.5922;-3.77521;0.296923;-1.60741
8.61122;-5.56625;0.276169;0.596238;0.011;8.67581;-5.19293;0.551909;1.76819
13.6243;-8.01221;0.358996;-0.415766;0.01;13.5785;-7.93827;0.417527;1.98084
7.81164;-3.12663;0.830092;2.8672;0.014;7.76461;-2.83293;0.582357;0.21261
8.00022;-5.4626;0.390819;-2.6461;0.011;8.61122;-5.56625;0.276169;0.596238
11.8262;-6.33661;0.192344;-0.206787;0.01;11.9279;-6.31901;0.514208;-1.31609
7.72871;-4.0198;0.81552;-0.702903;0.014;8.182;-3.74093;0.618865;-1.21713
7.54911;-11.9324;0.352971;2.2682;0.025;7.68162;-11.8633;0.301787;2.68949
2.19025;-11.0261;0.747643;1.40616;0;2.27704;-10.9321;0.847293;-1.59565
7.55741;-5.76698;0.540599;1.30991;0.011;8.00022;-5.4626;0.390819;-2.6461
12.7453;-8.18867;0.299119;-2.9884;0.01;12.7407;-8.31138;0.409955;-1.1049
13.1131;-8.34959;0.273355;-0.483208;0.01;12.9862;-8.13655;0.164652;-0.546592
6.09007;-12.3899;0.660766;0.700177;0;5.88457;-12.5145;0.503971;-1.05275
5.13137;-11.6936;0.459409;2.62796;0;4.79816;-11.727;0.41467;1.16315
5.93722;-6.9029;0.485732;-0.85982;0;5.85577;-7.06826;0.453592;-1.51854
2.47118;-12.345;0.648373;0.953108;0;2.51835;-12.3182;0.795293;-2.55143
13.5599;-6.61831;0.425846;2.74347;0.01;13.818;-6.81638;0.330259;2.85269
11.9587;-10.5109;0.56591;-1.55901;0.01;11.9962;-10.2932;0.778748;-2.91269
7.01655;-12.098;0.749365;0.0133591;0.026;7.14361;-12.0373;0.555547;-1.61921
8.29095;-4.58416;0.592052;0.0516376;0.011;8.41848;-4.83755;0.814002;-1.58784
8.81113;-6.2139;0.817718;-0.747221;0.01;9.32716;-6.3333;0.760078;-0.384001
9.01611;-5.26127;0.475046;1.95803;0.011;8.67581;-5.19293;0.551909;1.76819
7.65152;-12.4518;0.737068;-1.2297;0.042;7.78078;-12.6128;0.623527;2.70538
10.4427;-2.10126;0.755923;2.20832;0.01;10.6582;-2.03033;0.772943;-2.19706
7.66692;-5.82438;0.390698;1.03075;0.011;7.55741;-5.76698;0.540599;1.30991
13.85;-9.91974;0.489344;0.568254;0.01;13.6749;-9.80848;0.468909;1.78039
2.07149;-11.2333;0.581444;0.129677;0;2.19025;-11.0261;0.747643;1.40616
5.18157;-11.7031;0.593695;2.93961;0;5.13137;-11.6936;0.459409;2.62796
7.79744;-7.89625;0.150898;-0.000581968;0.01;8.00352;-7.78094;0.39036;-1.73953
12.2332;-6.24513;0.471367;-2.83063;0.01;12.0014;-6.06404;0.455065;-2.83302
10.9855;-10.1839;0.604228;1.73848;0.01;11.0263;-10.1755;0.595025;-1.48359
9.79719;-6.0332;0.222667;-0.614419;0.01;9.4617;-5.73285;0.207398;0.706379
3.56862;-9.9019;0.782395;1.706;0;3.44441;-10.083;0.806149;1.52695
14.6993;-2.1758;0.5554;1.0963;0.01;14.6318;-2.39749;0.290665;1.1515
7.58395;-1.85274;0.50123;-2.6381;0.014;7.76461;-2.83293;0.582357;0.21261
7.53341;-0.854017;0.502595;2.39231;0.014;7.58395;-1.85274;0.50123;-2.6381
8.39764;-0.352243;0.538967;-3.12888;0.014;7.53341;-0.854017;0.502595;2.39231
9.14006;0.312541;0.456085;-2.55101;0.017;8.39764;-0.352243;0.538967;-3.12888
10.6116;-12.4847;0.422538;-1.62269;0.016;10.7573;-12.4953;0.36563;1.03757
10.8248;-9.62944;0.557432;0.37433;0.01;10.7842;-10.0178;0.769964;-1.36299
11.2671;-10.1616;0.581553;2.72258;0.01;11.0263;-10.1755;0.595025;-1.48359
12.2368;-12.4024;0.616127;-1.0675;0.01;12.1606;-12.5267;0.331418;-1.49023
8.73595;-9.43626;0.371441;-0.402542;0.01;8.48171;-9.48102;0.470109;2.30443
12.6776;-8.08329;0.578439;2.58508;0.01;12.5615;-8.1246;0.376552;-0.287498
13.4567;-3.40717;0.525979;3.11167;0.01;13.482;-3.51887;0.63693;0.134872
6.2272;-9.92419;0.700443;1.45256;0.002;6.0168;-10.0231;0.783587;2.16746
2.7904;-9.7431;0.302496;1.91545;0;2.61489;-10.0028;0.174329;2.16684
14.1237;-7.21399;0.230437;0.30335;0.01;14.0198;-7.51037;0.162449;1.25523
13.4662;-12.2667;0.828706;-2.50253;0.01;13.69;-12.2653;0.7244;-3.03604
8.09542;-2.7182;0.47624;-1.67818;0.014;7.76461;-2.83293;0.582357;0.21261
10.3052;-2.76503;0.842625;-0.476348;0.01;10.3424;-2.6816;0.306778;-1.69574
12.7926;-6.00909;0.474691;2.41721;0.01;12.9211;-6.0951;0.500545;2.32516
14.7334;-11.5393;0.466231;-0.68118;0.01;14.6881;-11.8373;0.195433;-2.44481
14.1464;-12.5047;0.655573;-0.0481753;0.01;14.1369;-12.584;0.517709;1.77443
10.0861;-5.39007;0.760251;-0.159144;0.01;10.307;-5.05264;0.796212;-1.3397
7.68515;0.340135;0.425059;-2.64773;0.014;8.39764;-0.352243;0.538967;-3.12888
8.19835;-1.63239;0.358961;2.99986;0.014;7.58395;-1.85274;0.50123;-2.6381
7.64687;-5.59432;0.170585;1.66119;0.011;7.66692;-5.82438;0.390698;1.03075
9.65962;-0.08294;0.384827;-2.2375;0.017;9.14006;0.312541;0.456085;-2.55101
13.1123;-10.2186;0.52594;2.16494;0.01;13.1557;-10.1034;0.312396;1.23585
6.22033;-5.95454;0.634533;-0.694431;0;6.15337;-5.93276;0.500284;-1.02385
10.6203;-12.4101;0.48744;3.01463;0.022;10.6116;-12.4847;0.422538;-1.62269
13.8292;-6.2618;0.505526;-0.82612;0.01;13.7933;-6.2603;0.602851;1.39907
8.21377;-0.90861;0.221069;-0.793207;0.016;8.39764;-0.352243;0.538967;-3.12888
9.13068;0.249598;0.576197;-1.64927;0.02;9.14006;0.312541;0.456085;-2.55101
10.2133;-4.24718;0.364848;0.942958;0.01;10.4557;-4.24038;0.364489;0.683764
12.7455;-7.93562;0.153265;0.973399;0.01;12.5058;-7.84724;0.290629;-1.57049
13.5358;-7.49221;0.387023;-3.07818;0.01;13.3138;-7.29605;0.558325;2.14204
14.0228;-8.45137;0.495635;0.112334;0.01;13.9865;-8.38216;0.320988;0.0443074
9.64752;0.234902;0.421661;-2.80494;0.019;9.65962;-0.08294;0.384827;-2.2375
6.46576;-6.01313;0.815163;-2.71797;0;6.22033;-5.95454;0.634533;-0.694431
13.8351;-10.1963;0.584817;2.32905;0.01;13.85;-9.91974;0.489344;0.568254
7.03516;-11.8401;0.479963;-0.841373;0.001;6.8976;-11.8763;0.534175;-0.139955
7.75134;-5.62495;0.504183;-1.71302;0.011;7.55741;-5.76698;0.540599;1.30991
14.0851;-11.8178;0.208752;-1.6592;0.01;13.8073;-12.1434;0.29712;-1.7656
6.54598;-8.08495;0.271905;-0.348214;0;6.54734;-7.92432;0.488666;-1.4126
9.4025;-5.64875;0.625818;-0.472375;0.01;9.49614;-5.67252;0.240399;2.17816
10.3116;-11.7087;0.280884;1.80486;0.01;10.3171;-11.7652;0.452188;-2.63376
6.37483;-6.61081;0.381974;2.08091;0.103;6.3954;-6.52521;0.43559;3.01394
8.38046;-5.89262;0.303872;-1.9439;0.011;8.61122;-5.56625;0.276169;0.596238
14.2713;-11.0894;0.267733;0.845108;0.01;14.0855;-11.2097;0.273782;2.28238
13.9964;-6.89514;0.695065;-0.925446;0.01;14.0094;-6.80875;0.638723;2.39572
8.7203;-12.5757;0.515566;-0.642487;0.025;8.65542;-12.4055;0.308014;1.19524
9.92072;-3.86429;0.346648;1.5506;0.01;9.82595;-3.72006;0.735849;-2.98735
13.3654;-6.29423;0.68423;0.768021;0.01;13.4811;-6.6361;0.806173;0.779606
7.21398;-12.4649;0.255181;0.248888;0.006;7.13011;-12.273;0.515104;1.81639
14.3793;-7.72474;0.823734;-0.263536;0.01;14.2411;-7.88207;0.68247;-0.609645
13.0452;-3.46906;0.69318;-2.3774;0.01;13.482;-3.51887;0.63693;0.134872
7.84409;-2.84331;0.38397;2.48091;0.014;7.76461;-2.83293;0.582357;0.21261
8.54218;0.253124;0.843785;-1.85636;0.023;9.13068;0.249598;0.576197;-1.64927
5.30626;-12.4518;0.269357;-2.88479;0.027;5.22514;-12.1085;0.419601;1.23075
13.4578;-11.9865;0.330358;1.64082;0.01;13.4838;-11.793;0.196668;-2.1301
8.67372;-0.456757;0.562435;2.96456;0.014;8.39764;-0.352243;0.538967;-3.12888
11.982;-2.00596;0.170587;-0.331981;0.01;11.941;-2.18787;0.39068;-0.772543
8.34401;-1.0727;0.697382;-1.54092;0.016;8.21377;-0.90861;0.221069;-0.793207
10.2687;0.392531;0.503178;-2.43891;0.019;9.64752;0.234902;0.421661;-2.80494
9.05066;-10.4172;0.641911;-0.898459;0.01;9.23519;-10.2873;0.656676;0.0858414
12.0593;-1.62747;0.25403;0.261789;0.01;12.0746;-1.83882;0.471878;-0.0136412
5.75002;-4.85862;0.431218;-1.92743;0;5.80429;-4.75943;0.341875;2.63949
9.37114;-5.61795;0.352974;-1.1582;0.01;9.49614;-5.67252;0.240399;2.17816
10.2842;-8.38553;0.191155;0.943918;0.01;9.80359;-8.25389;0.189452;-2.215
8.16332;-7.8164;0.696408;-0.781946;0.01;8.00352;-7.78094;0.39036;-1.73953
13.7106;-5.73756;0.558699;-1.78205;0.01;13.7486;-5.60321;0.352262;-2.94018
2.60151;-12.1449;0.403922;-2.37647;0.013;2.91528;-12.1166;0.477365;0.324999
12.0452;-11.7735;0.325306;-0.998269;0.01;12.0111;-11.5664;0.332563;2.63552
9.86756;-5.24936;0.303408;0.938948;0.01;9.98061;-4.8266;0.463365;2.33934
7.94041;-3.86768;0.793259;-2.6476;0.014;7.72871;-4.0198;0.81552;-0.702903
9.13845;-9.99204;0.410248;-2.23071;0.01;9.05663;-9.98921;0.247393;-1.42668
7.74279;-4.58588;0.168504;-1.52183;0.011;8.29095;-4.58416;0.592052;0.0516376
7.62952;-11.8462;0.509546;-2.05563;0.025;7.54911;-11.9324;0.352971;2.2682
8.18133;-8.93654;0.841435;0.86314;0.01;8.18434;-8.76635;0.709564;-0.773397
8.47286;-1.37579;0.351491;-2.1825;0.015;8.19835;-1.63239;0.358961;2.99986
14.1752;-10.5631;0.593713;-2.7476;0.01;14.0972;-10.4282;0.504802;-1.72655
10.0016;-7.93665;0.204463;1.84727;0.01;10.2219;-7.91428;0.342111;-0.208284
14.3189;-7.94672;0.606927;1.29985;0.01;14.2411;-7.88207;0.68247;-0.609645
9.02593;-11.6899;0.233627;2.93714;0.006;9.16679;-11.9934;0.504657;2.0338
11.9371;-7.72139;0.177648;-2.67067;0.01;11.9859;-7.74929;0.217784;0.471672
1.81478;-12.371;0.640086;-1.30189;0;1.71673;-12.3102;0.818751;-2.79275
12.2643;-2.51361;0.557951;1.39898;0.01;11.8678;-2.51352;0.710306;-3.11111
8.14828;-5.70332;0.358846;0.0884921;0.011;8.00022;-5.4626;0.390819;-2.6461
13.1553;-2.02553;0.783927;-0.121474;0.01;12.8525;-2.07931;0.578911;2.68978
5.48486;-9.87818;0.816808;-1.54003;0;5.31146;-10.0404;0.718315;-2.24224
13.619;-3.82039;0.287;-0.131947;0.01;13.6931;-3.94031;0.550234;0.770089
10.7987;-9.91635;0.579644;0.200833;0.01;10.7842;-10.0178;0.769964;-1.36299
6.11392;-7.98476;0.281008;2.04449;0;5.93654;-7.90178;0.22364;2.62624
14.3294;-10.9397;0.424021;2.50348;0.01;14.4372;-10.971;0.420075;-0.599233
14.049;-3.6639;0.300597;0.680392;0.01;13.8827;-3.52605;0.290289;1.60305
9.93812;-7.929;0.379525;-1.08725;0.01;10.0016;-7.93665;0.204463;1.84727
2.73501;-10.3656;0.369539;-1.94199;0;2.57894;-10.3083;0.326659;2.62314
12.9734;-7.78954;0.749924;0.046709;0.01;13.111;-8.10799;0.623274;-1.02782
7.96163;-3.09687;0.191199;0.771924;0.016;7.84409;-2.84331;0.38397;2.48091
13.7101;-10.398;0.2878;-1.78034;0.01;13.8453;-10.245;0.215184;0.761981
7.72206;-9.48322;0.220684;-0.131845;0.01;7.70859;-9.5041;0.159264;2.10653
13.5843;-10.2586;0.47011;1.24486;0.01;13.7101;-10.398;0.2878;-1.78034
12.4453;-11.7297;0.639097;-0.570763;0.016;12.2609;-11.8402;0.575202;-2.42158
5.81016;-8.54991;0.281304;-0.0297838;0.001;5.7397;-8.50965;0.288123;1.38579
8.68375;-5.28101;0.514442;-0.578106;0.011;8.67581;-5.19293;0.551909;1.76819
2.20477;-11.0587;0.487283;-1.8506;0;2.07149;-11.2333;0.581444;0.129677
14.0892;-3.31235;0.658035;0.279867;0.01;14.1016;-3.37349;0.420644;3.00377
12.1941;-9.6972;0.28494;2.40999;0.01;12.1935;-9.69088;0.229825;-2.98655
12.032;-6.33801;0.6695;-2.46939;0.01;11.9279;-6.31901;0.514208;-1.31609
6.34608;-8.59488;0.274617;-1.53958;0;6.34957;-8.70242;0.241591;-1.31534
6.07553;-7.1958;0.714095;1.49025;0.002;6.14962;-7.39947;0.756952;1.5569
14.5813;-11.3207;0.189338;-0.47641;0.01;14.7334;-11.5393;0.466231;-0.68118
14.5398;-7.26271;0.69763;2.32406;0.01;14.2616;-7.38854;0.710275;-1.07687
7.94589;-2.16182;0.704188;1.89738;0.014;7.58395;-1.85274;0.50123;-2.6381
7.8122;-1.80035;0.698822;-2.83432;0.014;7.58395;-1.85274;0.50123;-2.6381
5.55453;-10.2971;0.368921;-0.0160939;0;5.53217;-10.2481;0.598211;-0.0374285
8.01685;-9.09535;0.604658;1.11229;0.01;8.15539;-9.22218;0.606207;3.00127
2.02555;-10.9394;0.248774;-3.06794;0;2.20477;-11.0587;0.487283;-1.8506
6.24936;-11.971;0.331326;-1.1233;0.002;6.53818;-11.8312;0.197795;2.53487
8.07067;-4.90343;0.328705;-2.76405;0.011;8.29095;-4.58416;0.592052;0.0516376
14.1518;-2.08173;0.397595;1.8999;0.01;14.1835;-2.15155;0.260996;-3.11681
5.14949;-11.8322;0.57538;2.47075;0;5.18157;-11.7031;0.593695;2.93961
10.5345;-9.82441;0.466304;-1.10818;0.01;10.3575;-10.0171;0.520953;-1.442
3.45218;-10.2201;0.402116;-2.65295;0;3.41521;-10.2969;0.207181;1.18663
9.15979;-8.1515;0.807882;2.39337;0.01;9.25721;-8.10891;0.833481;-0.384555
14.179;-10.3696;0.597112;2.64289;0.01;14.0972;-10.4282;0.504802;-1.72655
1.93632;-10.8486;0.422256;-2.18554;0;2.02555;-10.9394;0.248774;-3.06794
8.46361;-5.80328;0.823468;3.06694;0.011;8.38046;-5.89262;0.303872;-1.9439
14.2009;-11.5173;0.710941;1.61508;0.01;14.0405;-11.355;0.705685;2.69139
11.2152;-12.0031;0.790585;1.15204;0.016;11.1774;-12.0778;0.802644;-1.10747
11.7884;-1.98678;0.692188;2.27932;0.01;12.0746;-1.83882;0.471878;-0.0136412
13.4868;-6.47803;0.345196;0.157178;0.01;13.5599;-6.61831;0.425846;2.74347
10.9446;-0.310324;0.281614;-1.33547;0.019;10.2687;0.392531;0.503178;-2.43891
10.7712;-0.296628;0.379998;2.18414;0.019;10.9446;-0.310324;0.281614;-1.33547
10.2859;-8.2136;0.762153;-0.0116909;0.01;9.96466;-8.14923;0.767395;-2.69461
12.3975;-2.5379;0.564986;2.12128;0.01;12.2643;-2.51361;0.557951;1.39898
4.33544;-11.7206;0.38922;0.738537;0.007;4.3413;-11.6264;0.652132;2.84663
4.1059;-11.704;0.795494;0.312128;0.018;4.09914;-11.7614;0.653014;-1.02576
2.58807;-10.1628;0.78318;-0.711275;0;2.39243;-9.94017;0.637508;-2.2486
13.3249;-8.02298;0.748327;-2.30469;0.01;13.111;-8.10799;0.623274;-1.02782
10.1013;-2.7545;0.353228;-1.75683;0.01;10.3424;-2.6816;0.306778;-1.69574
12.1767;-11.8568;0.65614;2.31682;0.016;12.2609;-11.8402;0.575202;-2.42158
11.3287;-0.329131;0.384959;1.09967;0.019;10.9446;-0.310324;0.281614;-1.33547
7.87991;-10.4676;0.327155;2.33817;0.01;8.14141;-10.3391;0.298568;1.89893
13.6216;-7.84619;0.713118;-0.395976;0.01;13.5181;-7.87772;0.587047;1.22302
11.5993;0.0498048;0.184475;0.214922;0.019;11.3287;-0.329131;0.384959;1.09967
2.46752;-12.2423;0.251737;-2.86204;0;2.5566;-12.403;0.176436;-0.839857
11.0286;-12.4482;0.452412;1.69173;0.016;10.8482;-12.4064;0.38428;0.387129
9.85701;0.102917;0.608853;-3.11908;0.019;9.64752;0.234902;0.421661;-2.80494
14.3488;-2.18284;0.412721;-1.73251;0.01;14.1518;-2.08173;0.397595;1.8999
2.39459;-11.0433;0.566317;-1.09634;0;2.35916;-11.0226;0.735387;0.868261
5.86174;-12.301;0.255503;-2.11604;0;5.88457;-12.5145;0.503971;-1.05275
14.1471;-10.4264;0.463207;-2.1978;0.01;14.0972;-10.4282;0.504802;-1.72655
3.04316;-10.0244;0.451884;2.09324;0;2.9284;-10.0895;0.453063;2.73374
1.84029;-12.3561;0.635082;-0.663449;0;1.81478;-12.371;0.640086;-1.30189
13.0519;-1.84071;0.357904;1.20982;0.01;12.935;-1.91558;0.268215;-2.52189
2.5881;-11.3084;0.269955;1.03683;0;2.62885;-11.5203;0.188728;2.02756
10.853;-0.553388;0.802856;-1.92114;0.019;10.7712;-0.296628;0.379998;2.18414
3.08496;-10.4647;0.361415;0.991463;0;3.00777;-10.4206;0.425996;-0.310189
11.1117;0.325581;0.481163;-2.97633;0.019;11.5993;0.0498048;0.184475;0.214922
11.5147;-9.83407;0.299208;0.561708;0.01;11.4092;-9.87765;0.555337;2.41612
6.47256;-11.6883;0.332198;2.8183;0.002;6.53818;-11.8312;0.197795;2.53487
8.36469;-5.47743;0.258715;-0.282828;0.011;8.61122;-5.56625;0.276169;0.596238
12.6932;-12.3594;0.262503;0.347099;0.01;12.7886;-12.3741;0.36178;-1.8721
8.48745;-0.227794;0.505465;1.41105;0.014;8.39764;-0.352243;0.538967;-3.12888
5.79499;-9.40332;0.422473;-1.13653;0;5.67732;-9.36151;0.583749;-2.41876
5.4054;-9.99086;0.361408;-0.615836;0;5.48066;-9.8511;0.532281;0.485088
5.74342;-10.4174;0.313874;1.89847;0.002;5.73829;-10.3239;0.16645;0.138359
12.2106;-2.04479;0.829639;-2.86889;0.01;12.3132;-2.04479;0.434516;2.09807
4.76132;-10.4088;0.66224;0.219272;0;4.80215;-10.4546;0.676587;2.85033
13.2821;-8.22118;0.212861;-0.909478;0.01;13.1131;-8.34959;0.273355;-0.483208
8.74015;-12.0461;0.646253;-2.59896;0.015;8.80808;-12.1835;0.503061;-0.756863
11.5516;-10.1261;0.636873;2.78432;0.01;11.5276;-10.3146;0.536618;-1.17958
8.08367;-3.59157;0.317333;0.367364;0.014;8.182;-3.74093;0.618865;-1.21713
14.1613;-2.17461;0.676332;-2.09912;0.01;14.1518;-2.08173;0.397595;1.8999
6.00855;-7.38451;0.627367;-0.32077;0.001;6.14962;-7.39947;0.756952;1.5569
8.89452;-11.8713;0.690945;-1.77916;0.015;8.74015;-12.0461;0.646253;-2.59896
5.85742;-12.1191;0.309837;-2.46016;0;5.86174;-12.301;0.255503;-2.11604
14.0091;-5.75286;0.378843;1.54439;0.01;14.2749;-5.72195;0.485189;-1.28904
7.92426;-12.197;0.721192;-2.65917;0.039;7.86707;-12.3007;0.391863;-0.527757
12.6415;-5.68163;0.385693;-1.5637;0.01;12.451;-5.53021;0.507128;2.91232
9.68489;-11.7612;0.656068;-1.38692;0.013;9.73407;-11.6678;0.814425;3.07945
6.05973;-8.52837;0.733905;-2.46652;0;6.04846;-8.2837;0.767461;-0.660823
13.7216;-7.21348;0.239753;1.67523;0.01;13.8274;-7.02895;0.186948;2.54292
6.09055;-6.94316;0.715153;2.72797;0;6.01829;-6.77281;0.791687;-2.78678
12.8442;-9.75795;0.519912;-2.15062;0.01;12.8055;-9.78073;0.37589;2.36985
7.76857;-10.3012;0.484792;2.92644;0.01;7.73142;-10.1485;0.647692;-2.53373
10.3821;-0.307476;0.468742;-2.52484;0.019;10.7712;-0.296628;0.379998;2.18414
8.2562;-6.24322;0.584094;2.51049;0.011;8.38046;-5.89262;0.303872;-1.9439
12.5519;-2.2821;0.833035;2.01147;0.01;12.7705;-2.07781;0.68433;1.54051
8.56355;-6.28104;0.394022;1.33347;0.011;8.2562;-6.24322;0.584094;2.51049
13.1039;-8.56192;0.724701;-0.178688;0.01;12.7587;-8.53537;0.653027;-2.65815
7.97865;-11.7081;0.458745;0.889962;0.006;7.86556;-11.4878;0.577323;-0.0237335
12.5398;0.217441;0.480212;-0.121658;0.019;11.5993;0.0498048;0.184475;0.214922
10.1572;-0.314258;0.177715;1.0944;0.019;10.3821;-0.307476;0.468742;-2.52484
7.86709;-3.23137;0.477296;-1.9343;0.016;7.96163;-3.09687;0.191199;0.771924
12.9596;-8.03987;0.519727;1.97587;0.01;13.111;-8.10799;0.623274;-1.02782
5.18524;-12.5031;0.503687;1.36587;0.044;5.30626;-12.4518;0.269357;-2.88479
2.56245;-10.1232;0.370828;1.2818;0;2.57894;-10.3083;0.326659;2.62314
5.50479;-9.61374;0.533398;2.11355;0;5.47872;-9.64931;0.522713;2.42277
13.4324;-9.97913;0.365714;-1.60214;0.01;13.3705;-10.1108;0.403714;0.990912
6.22444;-9.57942;0.392721;-0.657346;0;6.11172;-9.74029;0.370943;0.982136
6.48319;-6.76185;0.563771;2.8218;0;6.45953;-6.8404;0.411335;0.348677
7.78435;-11.5091;0.484906;-0.903614;0.012;7.86556;-11.4878;0.577323;-0.0237335
8.40494;-4.78953;0.260293;-1.78396;0.014;8.55793;-4.6245;0.339629;2.16176
8.97901;0.179137;0.449381;1.92315;0.017;9.14006;0.312541;0.456085;-2.55101
13.4145;-2.51611;0.416308;1.94245;0.01;13.688;-2.52854;0.207166;1.20488
13.5186;0.363561;0.337297;-0.854872;0.019;12.5398;0.217441;0.480212;-0.121658
10.3573;-5.98306;0.435519;2.61338;0.01;10.6107;-5.51839;0.488398;0.451633
4.94804;-9.8723;0.690707;-2.73423;0;5.10121;-9.73442;0.811009;2.68677
13.5399;0.242303;0.662443;2.46024;0.019;13.5186;0.363561;0.337297;-0.854872
5.83113;-4.68188;0.519117;0.93654;0.076;5.87838;-4.50984;0.527631;-3.05366
8.77596;0.0445671;0.578472;1.07396;0.017;8.97901;0.179137;0.449381;1.92315
11.6632;-5.04845;0.262063;-2.77079;0.01;11.7708;-4.98301;0.380294;2.41169
13.648;-7.1369;0.651816;1.1707;0.01;13.8564;-6.94089;0.676168;0.988869
8.36156;-0.958617;0.177142;1.46311;0.016;8.21377;-0.90861;0.221069;-0.793207
11.5425;-12.2379;0.770935;0.618785;0.016;11.6941;-12.3655;0.628054;3.13984
5.69912;-8.67905;0.658818;1.29253;0.001;5.83316;-8.8767;0.409317;1.97022
7.65745;-12.5366;0.554778;-2.80469;0.045;7.78078;-12.6128;0.623527;2.70538
10.9317;-12.1017;0.380395;-2.88562;0.022;11.0419;-12.2346;0.446153;-1.51302
14.1795;-5.60642;0.17516;0.484988;0.01;14.0091;-5.75286;0.378843;1.54439
14.07;1.19433;0.260593;0.943676;0.019;13.5186;0.363561;0.337297;-0.854872
10.9466;-8.45218;0.455201;1.67998;0.01;10.785;-8.44541;0.212226;0.749208
12.455;-9.81454;0.195698;-2.61802;0.01;12.1935;-9.69088;0.229825;-2.98655
10.6388;0.126992;0.384621;2.90769;0.019;10.7712;-0.296628;0.379998;2.18414
9.8991;-3.13484;0.340444;1.81053;0.01;9.71028;-3.15007;0.266794;-2.35582
8.9661;-5.76444;0.19051;2.26675;0.011;8.61122;-5.56625;0.276169;0.596238
14.0871;2.19417;0.256116;1.0414;0.019;14.07;1.19433;0.260593;0.943676
13.7175;3.12239;0.298655;-1.34664;0.019;14.0871;2.19417;0.256116;1.0414
13.7577;4.12158;0.296788;2.86131;0.019;13.7175;3.12239;0.298655;-1.34664
6.4568;-6.83403;0.531845;-0.173249;0;6.48319;-6.76185;0.563771;2.8218
12.2335;-5.84918;0.732526;-1.89191;0.01;11.9615;-5.7442;0.788459;2.5842
7.97828;-1.32963;0.522063;2.64125;0.014;8.19835;-1.63239;0.358961;2.99986
13.591;5.10729;0.272796;0.311962;0.019;13.7577;4.12158;0.296788;2.86131
13.485;6.10163;0.266341;0.96596;0.18;13.591;5.10729;0.272796;0.311962
14.361;0.884272;0.656977;-0.0627497;0.019;14.07;1.19433;0.260593;0.943676
14.3442;-12.4391;0.572653;1.55881;0.01;14.4275;-12.4568;0.6984;-1.56681
9.63187;-4.52731;0.46661;2.42847;0.01;9.6584;-4.18147;0.467471;0.889127
9.02115;-0.306533;0.57607;2.59743;0.014;8.67372;-0.456757;0.562435;2.96456
13.7191;-12.4642;0.291217;1.27614;0.01;13.5396;-12.4659;0.167842;-1.462
12.2979;-5.39458;0.367885;-0.731525;0.01;12.2338;-5.31633;0.252077;-1.89514
3.48547;-12.0053;0.699135;2.48451;0.018;3.44487;-11.9364;0.833931;-0.562196
6.11107;-10.2506;0.334984;-2.10795;0;6.25324;-10.2137;0.398961;2.4283
12.4868;6.15805;0.288858;-2.72041;0.18;13.485;6.10163;0.266341;0.96596
14.3733;-2.32984;0.166108;-1.52863;0.01;14.1835;-2.15155;0.260996;-3.11681
8.0945;-5.70733;0.386252;0.728814;0.011;8.14828;-5.70332;0.358846;0.0884921
11.2485;-9.44012;0.47233;1.11953;0.01;11.6286;-9.44776;0.441011;1.99837
11.5708;6.55906;0.297992;0.38986;0.18;12.4868;6.15805;0.288858;-2.72041
11.3672;6.59813;0.153351;0.167754;0.18;11.5708;6.55906;0.297992;0.38986
11.8491;-4.77749;0.387604;1.17791;0.01;11.7708;-4.98301;0.380294;2.41169
10.3683;6.64204;0.170762;0.991525;0.37;11.3672;6.59813;0.153351;0.167754
14.5622;-11.3175;0.187964;1.87946;0.01;14.5813;-11.3207;0.189338;-0.47641
12.2782;-2.20467;0.742988;-1.06165;0.01;12.2106;-2.04479;0.829639;-2.86889
9.77169;-2.95164;0.259829;-0.768923;0.01;9.71028;-3.15007;0.266794;-2.35582
9.09053;-5.65455;0.306216;-2.17102;0.011;8.9661;-5.76444;0.19051;2.26675
7.64016;-0.842732;0.38667;0.563982;0.014;7.53341;-0.854017;0.502595;2.39231
10.7212;-9.50151;0.233588;-1.97588;0.01;10.8248;-9.62944;0.557432;0.37433
13.9515;0.86467;0.252488;-0.425509;0.019;14.07;1.19433;0.260593;0.943676
9.62885;-12.5009;0.409114;-1.89386;0.006;9.80359;-12.465;0.304525;-3.1178
9.97848;-0.445552;0.679751;-1.04079;0.019;10.3821;-0.307476;0.468742;-2.52484
12.3347;-7.6646;0.458329;-1.01731;0.01;12.3243;-7.54439;0.231331;0.691441
10.5601;-9.51382;0.495892;-1.3614;0.01;10.8248;-9.62944;0.557432;0.37433
3.09272;-9.943;0.444143;-0.0942872;0;3.04316;-10.0244;0.451884;2.09324
7.91494;-4.35293;0.717549;1.08864;0.017;7.72871;-4.0198;0.81552;-0.702903
11.2551;-8.17867;0.293502;2.46975;0.01;11.3337;-8.10746;0.249256;-0.400693
10.4124;5.64388;0.212368;-1.19751;0.37;10.3683;6.64204;0.170762;0.991525
12.1718;-12.313;0.187243;0.412677;0.01;12.1606;-12.5267;0.331418;-1.49023
14.4192;4.47636;0.300071;-1.86705;0.02;13.7577;4.12158;0.296788;2.86131
5.79765;-9.93714;0.289622;-3.03487;0;5.98089;-9.87708;0.237054;-0.147956
14.428;-6.06386;0.83086;-1.2516;0.01;14.4999;-6.49259;0.828654;-2.06301
14.4824;-2.54724;0.444719;-1.59718;0.01;14.5287;-2.66992;0.380037;2.40007
8.61111;-10.4422;0.76225;-0.240029;0.01;9.05066;-10.4172;0.641911;-0.898459
11.2115;-9.83579;0.523765;-1.30865;0.01;11.2172;-9.88581;0.593761;1.15331
5.6924;-6.56808;0.180822;-2.04481;0;5.69569;-6.52237;0.151176;-1.00648
9.65765;-3.95614;0.600303;-1.00094;0.01;9.6584;-4.18147;0.467471;0.889127
11.16;-11.8595;0.286407;-2.1127;0.01;11.3099;-11.657;0.399442;-1.96738
12.6867;-8.01365;0.346648;-1.76864;0.01;12.5615;-8.1246;0.376552;-0.287498
13.7936;-12.0312;0.155403;1.54561;0.01;13.8073;-12.1434;0.29712;-1.7656
6.34868;-7.00176;0.210883;-1.54935;0;6.50986;-6.98245;0.202575;-1.34928
13.931;2.41259;0.3475;1.47898;0.019;14.0871;2.19417;0.256116;1.0414
14.261;-8.19933;0.318884;-1.18978;0.01;14.2453;-8.36081;0.30601;-2.50671
13.7339;3.08206;0.74195;-3.10907;0.019;13.7175;3.12239;0.298655;-1.34664
13.6757;6.2155;0.649502;-2.65226;0.18;13.485;6.10163;0.266341;0.96596
8.89795;-12.6294;0.276076;-2.56762;0.025;8.7203;-12.5757;0.515566;-0.642487
14.5694;-7.81226;0.692079;-2.23473;0.01;14.5806;-7.80495;0.59234;-0.607007
10.0868;-10.541;0.429561;3.13236;0.01;10.2634;-10.4597;0.62357;2.84836
14.296;0.313731;0.220566;-2.76097;0.019;13.9515;0.86467;0.252488;-0.425509
13.437;6.17592;0.549455;3.02857;0.18;13.6757;6.2155;0.649502;-2.65226
8.67561;-5.577;0.704341;-1.1489;0.011;8.46361;-5.80328;0.823468;3.06694
13.3043;-10.0999;0.669374;2.60127;0.01;13.3642;-10.328;0.725072;-1.61134
10.1907;-4.24886;0.604689;0.416866;0.01;10.2133;-4.24718;0.364848;0.942958
6.15504;-4.27484;0.611053;-1.66842;0;6.20579;-4.48188;0.702706;-1.4297
13.7273;5.68391;0.468169;0.334089;0.18;13.485;6.10163;0.266341;0.96596
14.4974;-12.4144;0.708365;-2.22927;0.01;14.4275;-12.4568;0.6984;-1.56681
4.08922;-9.77981;0.406206;-2.67524;0;4.25371;-9.73462;0.619615;-1.38034
8.06001;-0.0768922;0.455608;3.13999;0.014;8.39764;-0.352243;0.538967;-3.12888
12.8552;5.89566;0.469176;-1.73017;0.18;12.4868;6.15805;0.288858;-2.72041
14.6;-0.284682;0.404228;-2.94942;0.019;14.296;0.313731;0.220566;-2.76097
14.1687;-3.03456;0.198773;2.82027;0.01;14.1762;-3.02352;0.496364;-2.65839
10.5209;4.65;0.192024;-0.570262;0.37;10.4124;5.64388;0.212368;-1.19751
13.5386;0.757421;0.179562;0.24436;0.019;13.5186;0.363561;0.337297;-0.854872
8.51723;-9.20919;0.598754;-0.916681;0.01;8.42717;-9.27652;0.632952;2.87617
13.6369;-11.8638;0.301152;-0.838294;0.01;13.4838;-11.793;0.196668;-2.1301
12.7996;-2.14715;0.697406;1.42021;0.01;12.7705;-2.07781;0.68433;1.54051
9.74312;4.02156;0.1855;0.0188882;0.37;10.5209;4.65;0.192024;-0.570262
12.4982;-4.67773;0.776452;3.09787;0.01;12.5501;-4.4773;0.559894;2.95839
12.5741;0.114959;0.292883;0.973173;0.019;12.5398;0.217441;0.480212;-0.121658
11.0975;0.308515;0.822629;-1.77652;0.019;11.1117;0.325581;0.481163;-2.97633
10.3124;-12.3867;0.235371;2.82534;0.01;10.3863;-12.2335;0.293409;3.10654
10.4567;5.0402;0.84474;1.6841;0.424;10.5209;4.65;0.192024;-0.570262
7.70616;-0.68597;0.253174;1.89601;0.014;7.64016;-0.842732;0.38667;0.563982
14.604;3.64083;0.817539;1.31152;0.02;14.4192;4.47636;0.300071;-1.86705
7.80415;-3.07616;0.177947;-2.46277;0.016;7.96163;-3.09687;0.191199;0.771924
11.838;-0.0505022;0.849151;0.429935;0.019;11.5993;0.0498048;0.184475;0.214922
5.65677;-5.99861;0.197343;-2.23813;0.085;5.67811;-6.10141;0.160514;1.45049
12.5357;-10.0557;0.36723;-2.2907;0.01;12.7094;-10.1167;0.479003;1.88112
9.02634;-11.908;0.755;-0.315128;0.021;8.89452;-11.8713;0.690945;-1.77916
10.1076;-12.5142;0.409478;0.654826;0.01;10.3124;-12.3867;0.235371;2.82534
4.74051;-12.2508;0.317706;2.93496;0;4.6433;-12.3519;0.300278;2.4059
12.6219;-10.1115;0.363106;-0.823497;0.01;12.5357;-10.0557;0.36723;-2.2907
3.24605;-11.8065;0.260832;-2.68727;0.032;3.24357;-11.982;0.601282;-2.73101
2.5159;-11.4402;0.631767;0.860393;0;2.39445;-11.5839;0.500237;-0.374711
10.9078;-8.28042;0.635243;1.32683;0.01;10.7519;-8.20976;0.626364;0.74318
8.5927;-10.3158;0.334458;-2.67178;0.01;8.62646;-10.261;0.231713;-0.300246
6.15182;-8.35731;0.235906;1.0657;0;6.34608;-8.59488;0.274617;-1.53958
11.5054;-0.459396;0.767244;1.6164;0.019;11.3287;-0.329131;0.384959;1.09967
10.8884;-2.37995;0.690969;0.211293;0.01;10.8893;-2.19872;0.370763;1.85593
14.5482;3.37726;0.248738;0.321443;0.02;14.604;3.64083;0.817539;1.31152
10.2464;-2.21855;0.408258;1.93789;0.01;10.3249;-2.18256;0.543382;2.49606
9.93559;6.54743;0.818971;0.163371;0.37;10.3683;6.64204;0.170762;0.991525
7.88174;-5.56822;0.51389;-0.682545;0.011;7.75134;-5.62495;0.504183;-1.71302
4.94384;-12.5121;0.6102;0.0316012;0.006;4.90116;-12.3446;0.440345;3.10218
14.5866;2.33362;0.813833;0.258953;0.019;14.0871;2.19417;0.256116;1.0414
5.92753;-5.6315;0.54446;-0.742381;0;6.04498;-5.73199;0.392145;-2.99059
12.5662;-6.10295;0.392357;3.08216;0.01;12.5703;-6.03575;0.340527;-0.293031
14.3443;-8.40121;0.714727;-0.074556;0.01;14.1261;-8.58956;0.773167;-3.00474
4.81919;-12.2045;0.651101;2.89048;0;5.01623;-12.2741;0.640914;-1.91131
8.86379;-6.29274;0.206163;-1.70551;0.011;8.56355;-6.28104;0.394022;1.33347
11.3441;4.11335;0.377476;-0.956216;0.37;10.5209;4.65;0.192024;-0.570262
3.71443;-10.5762;0.739062;-2.06081;0;3.60882;-10.5042;0.561191;-1.01247
7.46077;-5.07192;0.318795;2.35812;0.011;7.64687;-5.59432;0.170585;1.66119
9.10668;0.366468;0.678429;-2.21278;0.023;9.13068;0.249598;0.576197;-1.64927
9.89281;-3.11228;0.621643;-1.51197;0.01;9.8991;-3.13484;0.340444;1.81053
9.83358;-10.1623;0.373026;-2.76193;0.01;10.0868;-10.541;0.429561;3.13236
10.9545;-9.76196;0.496989;-0.388643;0.01;10.8248;-9.62944;0.557432;0.37433
10.9295;-0.354543;0.474245;-0.87516;0.019;10.7712;-0.296628;0.379998;2.18414
11.7116;3.22123;0.640292;0.181054;0.37;11.3441;4.11335;0.377476;-0.956216
12.2053;2.36898;0.467267;1.75083;0.37;11.7116;3.22123;0.640292;0.181054
10.0011;4.70052;0.214325;1.62335;0.395;10.5209;4.65;0.192024;-0.570262
14.5933;1.55363;0.742781;-0.619999;0.019;14.361;0.884272;0.656977;-0.0627497
8.42057;-0.385782;0.704327;-2.7136;0.014;8.39764;-0.352243;0.538967;-3.12888
14.4662;-0.471831;0.296946;-2.72829;0.019;14.6;-0.284682;0.404228;-2.94942
13.3181;-10.6974;0.598316;-2.15181;0.01;13.3642;-10.328;0.725072;-1.61134
11.1219;5.74891;0.611324;0.619003;0.37;10.4124;5.64388;0.212368;-1.19751
10.7852;-12.1953;0.559383;1.96116;0.01;10.6628;-12.0689;0.551968;-2.18743
7.8329;0.274354;0.715695;-0.349293;0.014;7.68515;0.340135;0.425059;-2.64773
1.85622;-10.6655;0.45683;3.03429;0;1.75043;-10.6448;0.5832;0.935448
5.8204;-7.87534;0.158294;1.22746;0;5.75392;-7.9647;0.201838;2.31653
10.2032;-5.21188;0.757024;2.01479;0.01;10.307;-5.05264;0.796212;-1.3397
11.8031;3.70601;0.361733;-1.24334;0.37;11.7116;3.22123;0.640292;0.181054
14.5578;1.87882;0.73229;-0.982093;0.019;14.5933;1.55363;0.742781;-0.619999
13.8618;-2.25466;0.718451;0.475719;0.01;13.8966;-2.37271;0.542796;-0.387718
10.3214;-12.3936;0.173826;2.77226;0.01;10.3124;-12.3867;0.235371;2.82534
6.11728;-7.89573;0.330806;-0.346897;0;6.11392;-7.98476;0.281008;2.04449
12.1964;-12.0617;0.740082;0.661718;0.01;12.1216;-12.1212;0.721728;1.49042
11.8535;-1.55403;0.244787;0.878082;0.01;12.0593;-1.62747;0.25403;0.261789
11.9812;-11.6171;0.290226;1.03665;0.01;12.0111;-11.5664;0.332563;2.63552
6.36484;-8.44372;0.461903;0.574353;0;6.37855;-8.35768;0.566647;0.952312
13.5534;-6.91923;0.752925;-0.848994;0.01;13.648;-7.1369;0.651816;1.1707
14.0915;-9.7789;0.66323;1.91256;0.01;13.8679;-9.79322;0.759505;1.66449
9.46179;-0.529687;0.622448;-0.732909;0.014;9.02115;-0.306533;0.57607;2.59743
9.94877;6.37803;0.510406;-1.77401;0.37;9.93559;6.54743;0.818971;0.163371
8.10305;-5.46738;0.702939;-2.81083;0.011;7.88174;-5.56822;0.51389;-0.682545
6.5405;-12.7163;0.803885;-1.33901;0;6.63559;-12.6884;0.69292;-2.27573
8.36579;-2.54244;0.333905;-2.52043;0.014;8.09542;-2.7182;0.47624;-1.67818
11.6564;-1.70933;0.442482;2.176;0.01;11.6077;-1.5619;0.528677;-0.439846
3.63387;-12.3937;0.729754;-3.07895;0.036;3.74918;-12.5208;0.70687;-0.262297
10.0163;-5.82937;0.320136;1.71053;0.01;9.79719;-6.0332;0.222667;-0.614419
13.7192;-7.09592;0.325516;0.0387546;0.01;13.7216;-7.21348;0.239753;1.67523
13.6018;-12.0009;0.707886;-3.0378;0.01;13.7056;-11.9824;0.544794;0.386841
8.91437;-9.48442;0.734857;-1.17957;0.01;8.86748;-9.38153;0.629194;-0.105813
12.433;5.70899;0.167257;-2.46257;0.18;12.4868;6.15805;0.288858;-2.72041
9.70296;-8.3598;0.646345;-1.60066;0.01;9.6805;-8.30205;0.790699;-2.98308
13.1642;-3.71049;0.80697;-3.04827;0.01;13.2659;-3.92858;0.740888;-0.373791
1.85255;-10.4015;0.714504;2.37095;0;1.96377;-10.4068;0.675339;1.83143
14.4105;-5.64679;0.260174;-2.68737;0.01;14.1795;-5.60642;0.17516;0.484988
11.4313;2.83216;0.27224;1.79539;0.37;11.7116;3.22123;0.640292;0.181054
3.32825;-12.4422;0.766117;-0.350958;0.036;3.29911;-12.463;0.58411;-1.32757
5.85459;-8.88254;0.49829;-1.75143;0.002;5.83316;-8.8767;0.409317;1.97022
12.7659;-1.76714;0.761534;2.90565;0.01;12.7705;-2.07781;0.68433;1.54051
13.9876;0.332417;0.16899;-0.649531;0.019;14.296;0.313731;0.220566;-2.76097
2.53652;-11.7707;0.537484;-0.602039;0;2.46865;-11.7482;0.440344;2.14657
11.7306;-11.545;0.736235;-2.78311;0.016;11.6466;-11.5871;0.516489;1.60476
6.51229;-11.7532;0.221374;-1.67637;0.002;6.53818;-11.8312;0.197795;2.53487
3.33024;-12.3619;0.6514;-0.63947;0.018;3.37155;-12.2605;0.680671;-2.41776
9.89343;-5.88976;0.723278;2.88998;0.01;10.0163;-5.82937;0.320136;1.71053
10.3975;-5.14404;0.794641;-2.73035;0.01;10.307;-5.05264;0.796212;-1.3397
11.2292;-10.468;0.447642;1.65971;0.01;11.2003;-10.5285;0.314476;2.05719
14.548;-5.6824;0.469786;0.856726;0.01;14.4105;-5.64679;0.260174;-2.68737
14.0074;-5.94403;0.513358;0.560687;0.01;14.0256;-5.87267;0.662822;1.49864
10.2636;-0.471217;0.537865;-1.14439;0.019;10.3821;-0.307476;0.468742;-2.52484
14.2398;-11.4806;0.527018;-1.69341;0.01;14.2009;-11.5173;0.710941;1.61508
11.0617;6.02354;0.423921;-1.11942;0.37;11.1219;5.74891;0.611324;0.619003
5.65973;-8.28205;0.650636;2.78154;0;5.75984;-7.97436;0.606499;-0.842778
13.3271;-6.48116;0.430667;2.10713;0.01;13.4868;-6.47803;0.345196;0.157178
6.13102;-7.28341;0.215982;1.45439;0.002;6.08426;-7.29102;0.156188;1.60601
5.9394;-12.6244;0.634434;-2.66436;0;5.88457;-12.5145;0.503971;-1.05275
10.6573;-12.5282;0.735046;-1.61235;0.016;10.7949;-12.5412;0.547613;-0.441625
8.747;-11.7339;0.367262;-1.95977;0.02;8.68768;-11.9197;0.388618;2.94823
9.95178;5.25544;0.156409;-0.765551;0.395;10.0011;4.70052;0.214325;1.62335
14.1292;-0.551122;0.274876;-1.96271;0.019;14.4662;-0.471831;0.296946;-2.72829
14.2982;-10.9013;0.632528;-2.93387;0.01;14.3762;-11.0273;0.587296;0.68801
10.8571;-9.59049;0.778173;2.05587;0.01;10.8248;-9.62944;0.557432;0.37433
8.37407;-2.45931;0.536547;-2.44545;0.014;8.36579;-2.54244;0.333905;-2.52043
4.43179;-10.0009;0.703824;0.724258;0;4.54428;-9.90141;0.693413;1.77958
4.69036;-9.83747;0.846958;2.87775;0;4.54428;-9.90141;0.693413;1.77958
10.5546;0.354237;0.840154;-2.67243;0.019;10.2687;0.392531;0.503178;-2.43891
10.0202;-12.5438;0.598487;1.33892;0.016;10.1076;-12.5142;0.409478;0.654826
13.6924;-4.29354;0.550764;-0.847378;0.01;13.6819;-4.20198;0.302838;-1.72605
12.878;-4.2183;0.819135;-0.925395;0.01;13.1621;-4.31053;0.56628;0.808184
10.1091;-9.69352;0.16077;-0.332051;0.01;9.91295;-9.64675;0.290749;0.0606523
9.72752;-3.03052;0.153172;2.03874;0.01;9.77169;-2.95164;0.259829;-0.768923
9.04251;-11.8485;0.301125;-1.41477;0.006;9.02593;-11.6899;0.233627;2.93714
13.4884;6.27525;0.680678;-0.888395;0.18;13.437;6.17592;0.549455;3.02857
5.96126;-6.05005;0.190201;1.19587;0.171;5.75178;-6.05474;0.305181;-2.73709
5.79614;-12.4636;0.167044;-1.47004;0;5.86174;-12.301;0.255503;-2.11604
14.2962;0.483424;0.417838;1.11839;0.02;14.296;0.313731;0.220566;-2.76097
7.58856;-4.3904;0.253265;-2.74588;0.011;7.74279;-4.58588;0.168504;-1.52183
9.05929;-12.2058;0.674248;1.42213;0.006;9.16679;-11.9934;0.504657;2.0338
13.9896;-11.5761;0.747021;1.67878;0.01;14.2009;-11.5173;0.710941;1.61508
11.9778;-11.4974;0.611905;-0.595711;0.016;11.7306;-11.545;0.736235;-2.78311
11.5086;6.19377;0.765603;-2.56102;0.37;11.0617;6.02354;0.423921;-1.11942
11.6144;-8.16878;0.459466;-2.19059;0.01;11.6251;-8.22739;0.440267;-2.4844
11.3212;-11.8509;0.23517;2.42695;0.01;11.16;-11.8595;0.286407;-2.1127
6.16391;-4.14911;0.605832;1.91575;0.011;6.15504;-4.27484;0.611053;-1.66842
13.1061;-8.56039;0.495798;1.61293;0.01;13.1039;-8.56192;0.724701;-0.178688
10.0164;-4.94248;0.604067;0.651804;0.01;9.98061;-4.8266;0.463365;2.33934
8.12687;-8.82167;0.553165;1.42981;0.01;8.18434;-8.76635;0.709564;-0.773397
8.8616;-9.88867;0.719724;1.80172;0.01;8.84564;-9.83738;0.727584;0.711475
13.8261;-10.0234;0.444825;2.0506;0.01;13.85;-9.91974;0.489344;0.568254
10.8758;3.58718;0.766195;-0.182746;0.37;11.3441;4.11335;0.377476;-0.956216
13.5172;-2.07037;0.490114;-2.1849;0.01;13.5643;-1.76899;0.380947;0.578681
11.7838;-5.93609;0.228436;-1.04571;0.01;11.6787;-5.95183;0.215729;1.65756
7.65821;-2.73659;0.795155;-1.73169;0.014;7.76461;-2.83293;0.582357;0.21261
10.0729;-4.46908;0.374543;-1.89926;0.01;10.2133;-4.24718;0.364848;0.942958
2.29465;-11.074;0.25442;-1.08421;0;2.20477;-11.0587;0.487283;-1.8506
11.4959;3.741;0.692962;2.12611;0.37;11.8031;3.70601;0.361733;-1.24334
10.1952;-3.52975;0.705228;-2.97791;0.01;10.119;-3.37522;0.838679;-2.62648
8.51425;-6.33654;0.687787;-0.696964;0.011;8.2562;-6.24322;0.584094;2.51049
9.96928;-10.0694;0.241557;2.16914;0.01;9.83358;-10.1623;0.373026;-2.76193
10.2394;-12.5201;0.619569;0.325167;0.016;10.0202;-12.5438;0.598487;1.33892
10.1902;6.44626;0.31312;1.76699;0.563;10.3683;6.64204;0.170762;0.991525
