6.1722;-8.75235;0.635447;-0.392336;0;6.29944;-7.76052;0.626783;-2.79843
6.36669;-9.73181;0.688772;2.12783;0.002;6.1722;-8.75235;0.635447;-0.392336
5.64968;-10.4267;0.634234;1.01293;0.008;6.36669;-9.73181;0.688772;2.12783
4.65066;-10.469;0.647083;2.85033;0.008;5.64968;-10.4267;0.634234;1.01293
3.70305;-10.1496;0.641662;-2.78232;0.008;4.65066;-10.469;0.647083;2.85033
2.71898;-10.3267;0.626183;2.73805;0.008;3.70305;-10.1496;0.641662;-2.78232
1.75021;-10.0794;0.60918;-0.442804;0.008;2.71898;-10.3267;0.626183;2.73805
2.475;-11.2964;0.614004;1.12328;0.008;2.71898;-10.3267;0.626183;2.73805
2.89081;-11.5013;0.724711;-1.63088;0.008;2.475;-11.2964;0.614004;1.12328
2.47562;-12.4085;0.791963;1.53492;0.008;2.89081;-11.5013;0.724711;-1.63088
5.32175;-10.0086;0.250632;-0.961992;0.008;5.64968;-10.4267;0.634234;1.01293
3.50803;-9.96875;0.554898;-0.144394;0.008;3.70305;-10.1496;0.641662;-2.78232
2.69213;-11.7698;0.675963;-1.28085;0.008;2.89081;-11.5013;0.724711;-1.63088
1.79847;-11.1982;0.833788;3.03842;0.008;2.475;-11.2964;0.614004;1.12328
1.87305;-10.9911;0.726349;2.82975;0.008;1.79847;-11.1982;0.833788;3.03842
4.85623;-10.3533;0.667747;1.63068;0.014;4.65066;-10.469;0.647083;2.85033
3.99651;-9.86724;0.802346;-1.5479;0.008;3.70305;-10.1496;0.641662;-2.78232
2.14608;-11.0524;0.448247;-2.72979;0.008;1.87305;-10.9911;0.726349;2.82975
2.8206;-11.8847;0.558576;-0.0915641;0.018;2.69213;-11.7698;0.675963;-1.28085
5.2386;-9.97872;0.71797;0.675634;0.009;5.32175;-10.0086;0.250632;-0.961992
2.46424;-11.7739;0.778382;0.39613;0.008;2.69213;-11.7698;0.675963;-1.28085
1.84049;-11.678;0.640907;-0.826669;0.008;1.79847;-11.1982;0.833788;3.03842
3.22395;-12.0269;0.81521;2.55273;0.018;2.8206;-11.8847;0.558576;-0.0915641
3.56236;-9.88716;0.322248;-2.02188;0.008;3.50803;-9.96875;0.554898;-0.144394
2.47544;-10.0882;0.163446;0.407773;0.008;2.71898;-10.3267;0.626183;2.73805
6.44499;-9.97402;0.670087;-1.75402;0.002;6.36669;-9.73181;0.688772;2.12783
3.77246;-10.3722;0.799918;-0.327058;0.008;3.70305;-10.1496;0.641662;-2.78232
1.73844;-11.3223;0.780897;-2.73105;0.008;1.79847;-11.1982;0.833788;3.03842
2.79681;-11.7172;0.531829;-1.63214;0.018;2.8206;-11.8847;0.558576;-0.0915641
6.06773;-9.93773;0.412264;0.111293;0.002;6.36669;-9.73181;0.688772;2.12783
4.16064;-12.1269;0.479653;0.676082;0.036;3.22395;-12.0269;0.81521;2.55273
6.34223;-7.37968;0.412912;-2.81215;0.001;6.29944;-7.76052;0.626783;-2.79843
2.56127;-10.5542;0.246534;-0.302756;0.008;2.71898;-10.3267;0.626183;2.73805
4.22159;-11.8967;0.770627;1.13683;0.036;4.16064;-12.1269;0.479653;0.676082
5.15992;-9.71847;0.271668;0.754744;0.014;5.32175;-10.0086;0.250632;-0.961992
3.3937;-9.98847;0.372612;0.208461;0.008;3.56236;-9.88716;0.322248;-2.02188
5.98223;-9.71889;0.258604;-2.05735;0.003;6.06773;-9.93773;0.412264;0.111293
2.5741;-10.7926;0.776971;1.92719;0.008;2.71898;-10.3267;0.626183;2.73805
4.3261;-12.19;0.713665;-2.57265;0.036;4.16064;-12.1269;0.479653;0.676082
5.88183;-9.67114;0.623388;-2.88253;0.003;5.98223;-9.71889;0.258604;-2.05735
6.56665;-6.6011;0.682443;-2.85135;0.001;6.34223;-7.37968;0.412912;-2.81215
3.01311;-9.82436;0.155433;1.31291;0.008;3.3937;-9.98847;0.372612;0.208461
6.43449;-6.63119;0.568393;-2.5378;0.007;6.56665;-6.6011;0.682443;-2.85135
6.49888;-5.60345;0.69292;1.1417;0.066;6.56665;-6.6011;0.682443;-2.85135
6.20364;-4.64831;0.669998;-2.69673;0.071;6.49888;-5.60345;0.69292;1.1417
1.67303;-12.4153;0.174366;-0.130747;0.008;1.84049;-11.678;0.640907;-0.826669
3.76387;-11.68;0.225165;1.12337;0.036;4.16064;-12.1269;0.479653;0.676082
1.87461;-10.5133;0.577373;2.2854;0.008;1.75021;-10.0794;0.60918;-0.442804
3.47599;-9.98677;0.45053;0.952054;0.008;3.50803;-9.96875;0.554898;-0.144394
2.26362;-11.0037;0.342683;-3.07168;0.008;2.14608;-11.0524;0.448247;-2.72979
2.24968;-12.0044;0.183221;-2.68581;0.008;2.46424;-11.7739;0.778382;0.39613
2.17189;-10.0216;0.169278;0.454377;0.008;2.47544;-10.0882;0.163446;0.407773
5.97358;-9.29744;0.721682;1.79302;0.005;5.88183;-9.67114;0.623388;-2.88253
2.23664;-11.8617;0.622757;2.92523;0.008;2.46424;-11.7739;0.778382;0.39613
3.13127;-9.70896;0.751172;-2.54564;0.008;3.50803;-9.96875;0.554898;-0.144394
6.35761;-8.49062;0.304891;-2.71249;0;6.1722;-8.75235;0.635447;-0.392336
5.88971;-7.73573;0.577247;0.322177;0.046;5.77068;-7.44183;0.401896;1.07634
1.96322;-10.685;0.721685;-0.597398;0.008;1.87461;-10.5133;0.577373;2.2854
2.37309;-9.85115;0.498173;-0.0610074;0.008;2.17189;-10.0216;0.169278;0.454377
4.19159;-10.5996;0.551504;0.730146;0.014;4.65066;-10.469;0.647083;2.85033
5.72745;-9.38236;0.727111;0.69644;0.005;5.97358;-9.29744;0.721682;1.79302
3.54683;-12.3213;0.614501;-2.04568;0.018;3.22395;-12.0269;0.81521;2.55273
5.28088;-12.4414;0.554859;-2.2654;0.036;4.3261;-12.19;0.713665;-2.57265
6.47832;-7.33769;0.823796;-0.263959;0.001;6.34223;-7.37968;0.412912;-2.81215
6.25262;-12.2146;0.489215;-2.63283;0.036;5.28088;-12.4414;0.554859;-2.2654
7.25021;-12.2837;0.497015;-1.97852;0.036;6.25262;-12.2146;0.489215;-2.63283
2.62849;-12.3318;0.810142;-0.367517;0.008;2.47562;-12.4085;0.791963;1.53492
8.24144;-12.1875;0.58761;2.46522;0.054;7.25021;-12.2837;0.497015;-1.97852
7.23894;-12.3369;0.569992;1.48545;0.036;7.25021;-12.2837;0.497015;-1.97852
4.34336;-11.6498;0.571841;-1.23807;0.036;4.22159;-11.8967;0.770627;1.13683
9.22222;-12.0217;0.690461;0.151236;0.06;8.24144;-12.1875;0.58761;2.46522
2.05488;-10.0392;0.36747;0.458099;0.008;2.17189;-10.0216;0.169278;0.454377
4.49498;-12.2239;0.844557;-2.61348;0.036;4.3261;-12.19;0.713665;-2.57265
3.42334;-10.4045;0.700379;1.42709;0.008;3.77246;-10.3722;0.799918;-0.327058
4.06968;-10.5319;0.719146;-1.09087;0.014;4.19159;-10.5996;0.551504;0.730146
7.85493;-11.916;0.598493;1.19677;0.054;8.24144;-12.1875;0.58761;2.46522
6.23981;-7.15574;0.187885;1.29842;0.052;6.34223;-7.37968;0.412912;-2.81215
2.40362;-11.9258;0.622357;-2.85812;0.008;2.23664;-11.8617;0.622757;2.92523
2.88573;-9.71619;0.441427;1.77762;0.008;3.01311;-9.82436;0.155433;1.31291
6.23135;-9.37761;0.468971;-1.50442;0.005;5.97358;-9.29744;0.721682;1.79302
6.48835;-11.8414;0.230512;0.700185;0.036;6.25262;-12.2146;0.489215;-2.63283
3.37533;-10.0895;0.316641;1.14002;0.008;3.3937;-9.98847;0.372612;0.208461
6.27036;-8.96462;0.202172;-2.6259;0;6.1722;-8.75235;0.635447;-0.392336
5.42182;-9.37449;0.7959;-2.78767;0.005;5.72745;-9.38236;0.727111;0.69644
3.49157;-10.5685;0.339557;3.07273;0.008;3.42334;-10.4045;0.700379;1.42709
8.59303;-12.2177;0.58252;1.16049;0.054;8.24144;-12.1875;0.58761;2.46522
3.5829;-11.6587;0.438498;1.23636;0.036;3.76387;-11.68;0.225165;1.12337
4.29135;-9.638;0.291104;0.221169;0.008;3.99651;-9.86724;0.802346;-1.5479
3.08966;-11.514;0.791103;-0.609188;0.023;2.89081;-11.5013;0.724711;-1.63088
6.40409;-9.68704;0.801131;0.141548;0.002;6.36669;-9.73181;0.688772;2.12783
6.94621;-12.0647;0.724966;-2.50876;0.036;7.23894;-12.3369;0.569992;1.48545
7.71172;-12.3995;0.484329;-1.90263;0.036;7.25021;-12.2837;0.497015;-1.97852
8.67893;-12.2652;0.461887;0.1581;0.06;8.59303;-12.2177;0.58252;1.16049
5.28291;-10.564;0.662937;2.55713;0.008;5.64968;-10.4267;0.634234;1.01293
4.33858;-9.54423;0.641063;-0.85396;0.008;4.29135;-9.638;0.291104;0.221169
5.5284;-9.40712;0.308867;-3.08824;0.005;5.72745;-9.38236;0.727111;0.69644
3.74396;-9.80759;0.275955;-0.461301;0.008;3.56236;-9.88716;0.322248;-2.02188
4.54426;-12.5368;0.50391;1.80625;0.036;4.3261;-12.19;0.713665;-2.57265
5.36924;-10.4679;0.675792;0.722654;0.014;5.28291;-10.564;0.662937;2.55713
1.95904;-11.6847;0.173573;-2.60957;0.008;2.24968;-12.0044;0.183221;-2.68581
5.81097;-8.17924;0.400109;0.223347;0.046;5.88971;-7.73573;0.577247;0.322177
9.28021;-12.1033;0.645081;2.67207;0.06;9.22222;-12.0217;0.690461;0.151236
3.9283;-12.0568;0.533248;2.90033;0.036;4.16064;-12.1269;0.479653;0.676082
5.58798;-9.73669;0.238868;-1.87645;0.007;5.5284;-9.40712;0.308867;-3.08824
10.148;-11.9188;0.217046;0.617516;0.06;9.28021;-12.1033;0.645081;2.67207
2.5279;-10.2522;0.809736;1.11372;0.008;2.71898;-10.3267;0.626183;2.73805
2.57426;-11.5141;0.792274;-2.7045;0.008;2.46424;-11.7739;0.778382;0.39613
11.0703;-11.9238;0.603656;2.37412;0.06;10.148;-11.9188;0.217046;0.617516
3.35485;-10.0239;0.608592;2.81245;0.008;3.50803;-9.96875;0.554898;-0.144394
4.80753;-9.8709;0.808133;-1.81892;0.009;5.2386;-9.97872;0.71797;0.675634
6.43056;-8.1357;0.471431;-1.15785;0;6.35761;-8.49062;0.304891;-2.71249
10.1868;-11.7949;0.468829;-0.427357;0.06;10.148;-11.9188;0.217046;0.617516
2.46058;-11.2724;0.672555;1.2693;0.008;2.475;-11.2964;0.614004;1.12328
7.10159;-12.1463;0.353821;-2.30512;0.036;7.25021;-12.2837;0.497015;-1.97852
5.88714;-12.227;0.215367;0.732665;0.036;6.25262;-12.2146;0.489215;-2.63283
12.0406;-11.7209;0.47215;-0.436952;0.06;11.0703;-11.9238;0.603656;2.37412
3.05905;-12.3924;0.621385;-1.44396;0.018;3.22395;-12.0269;0.81521;2.55273
11.9147;-11.8849;0.403691;-1.16617;0.06;12.0406;-11.7209;0.47215;-0.436952
9.88697;-12.2319;0.269767;2.25119;0.06;10.148;-11.9188;0.217046;0.617516
8.63006;-12.4716;0.68756;2.21764;0.062;8.59303;-12.2177;0.58252;1.16049
6.18155;-6.98411;0.747562;-1.65296;0.005;6.47832;-7.33769;0.823796;-0.263959
1.74361;-11.4754;0.271395;-1.58714;0.008;1.95904;-11.6847;0.173573;-2.60957
6.32198;-9.74732;0.439933;-2.20785;0.002;6.36669;-9.73181;0.688772;2.12783
7.39394;-11.7072;0.229465;-0.855646;0.042;7.10159;-12.1463;0.353821;-2.30512
2.17031;-11.2198;0.554929;1.93207;0.008;2.14608;-11.0524;0.448247;-2.72979
2.31477;-12.5773;0.486774;-2.53527;0.008;2.47562;-12.4085;0.791963;1.53492
9.94409;-12.0764;0.300144;0.281522;0.06;9.88697;-12.2319;0.269767;2.25119
6.49288;-11.9384;0.422362;-2.79294;0.038;6.48835;-11.8414;0.230512;0.700185
1.99486;-11.3422;0.325104;-2.94275;0.008;1.74361;-11.4754;0.271395;-1.58714
7.7266;-11.705;0.292613;1.29621;0.042;7.39394;-11.7072;0.229465;-0.855646
5.09411;-12.1337;0.364952;-0.932927;0.036;5.28088;-12.4414;0.554859;-2.2654
12.9616;-12.1077;0.425064;3.06929;0.064;12.0406;-11.7209;0.47215;-0.436952
13.6055;-11.3443;0.475235;-2.99737;0.064;12.9616;-12.1077;0.425064;3.06929
13.5564;-10.3483;0.400802;0.767778;0.064;13.6055;-11.3443;0.475235;-2.99737
4.87458;-9.87899;0.312841;1.05931;0.02;5.15992;-9.71847;0.271668;0.754744
7.31473;-11.9673;0.563404;-2.45781;0.036;7.25021;-12.2837;0.497015;-1.97852
12.6718;-9.88876;0.480995;2.09198;0.064;13.5564;-10.3483;0.400802;0.767778
14.5295;-10.4042;0.62432;2.99861;0.064;13.5564;-10.3483;0.400802;0.767778
5.69419;-7.52077;0.217667;-2.57169;0.046;5.77068;-7.44183;0.401896;1.07634
11.7172;-9.59103;0.488536;-0.684797;0.064;12.6718;-9.88876;0.480995;2.09198
10.7737;-9.9214;0.464425;-0.28934;0.064;11.7172;-9.59103;0.488536;-0.684797
2.01106;-10.7828;0.294292;0.882498;0.008;2.14608;-11.0524;0.448247;-2.72979
6.2827;-6.93083;0.475285;2.3464;0.022;6.18155;-6.98411;0.747562;-1.65296
10.4989;-12.5649;0.709141;-1.86104;0.06;9.88697;-12.2319;0.269767;2.25119
2.2815;-11.7915;0.155052;-2.99707;0.008;2.24968;-12.0044;0.183221;-2.68581
4.10558;-12.4573;0.705117;1.44169;0.036;4.3261;-12.19;0.713665;-2.57265
4.8139;-10.2488;0.527267;-2.73117;0.014;4.85623;-10.3533;0.667747;1.63068
4.87119;-11.9863;0.760565;2.7868;0.036;4.49498;-12.2239;0.844557;-2.61348
2.23885;-9.8655;0.204388;-0.243707;0.008;2.17189;-10.0216;0.169278;0.454377
4.92857;-9.8714;0.292858;-1.95026;0.02;4.87458;-9.87899;0.312841;1.05931
13.8342;-10.9633;0.794109;-0.929956;0.064;13.6055;-11.3443;0.475235;-2.99737
1.82587;-10.8809;0.401805;2.33328;0.008;2.01106;-10.7828;0.294292;0.882498
8.76863;-12.109;0.219164;1.16489;0.06;8.67893;-12.2652;0.461887;0.1581
14.2702;-12.0911;0.493432;0.322408;0.064;13.6055;-11.3443;0.475235;-2.99737
13.3833;-11.6262;0.26114;0.28076;0.064;13.6055;-11.3443;0.475235;-2.99737
4.47283;-10.5011;0.611736;1.76394;0.008;4.65066;-10.469;0.647083;2.85033
6.51584;-11.7919;0.478334;-1.12043;0.038;6.49288;-11.9384;0.422362;-2.79294
10.787;-9.88457;0.288123;2.90288;0.064;10.7737;-9.9214;0.464425;-0.28934
1.7102;-12.1044;0.439969;-0.0150374;0.008;1.67303;-12.4153;0.174366;-0.130747
11.0678;-12.2518;0.704412;-0.0224059;0.06;11.0703;-11.9238;0.603656;2.37412
7.59579;-12.5255;0.336202;-0.118712;0.042;7.71172;-12.3995;0.484329;-1.90263
11.7966;-10.0548;0.79384;-2.3232;0.064;11.7172;-9.59103;0.488536;-0.684797
4.74114;-11.8187;0.266592;3.0319;0.036;5.09411;-12.1337;0.364952;-0.932927
8.29614;-11.8238;0.632041;-2.93206;0.072;8.24144;-12.1875;0.58761;2.46522
7.71983;-12.4873;0.262202;0.713083;0.048;7.59579;-12.5255;0.336202;-0.118712
5.446;-11.7782;0.301363;2.80637;0.036;5.09411;-12.1337;0.364952;-0.932927
10.7506;-12.2483;0.431325;0.0659832;0.06;11.0678;-12.2518;0.704412;-0.0224059
2.21047;-10.9071;0.40233;0.4487;0.008;2.26362;-11.0037;0.342683;-3.07168
6.50282;-5.69517;0.730715;-1.69083;0.07;6.49888;-5.60345;0.69292;1.1417
1.93631;-11.238;0.795928;0.48847;0.008;1.79847;-11.1982;0.833788;3.03842
3.38978;-11.8546;0.200874;0.357032;0.054;3.5829;-11.6587;0.438498;1.23636
11.2641;-10.0697;0.461237;-0.661449;0.064;10.7737;-9.9214;0.464425;-0.28934
1.70049;-11.9995;0.471384;-1.81107;0.008;1.7102;-12.1044;0.439969;-0.0150374
9.7878;-9.76168;0.413629;-2.08999;0.064;10.7737;-9.9214;0.464425;-0.28934
12.834;-12.3303;0.567426;-1.27739;0.064;12.9616;-12.1077;0.425064;3.06929
11.8465;-12.2073;0.232007;-1.27391;0.06;11.9147;-11.8849;0.403691;-1.16617
11.1254;-10.0944;0.634187;-1.81286;0.064;11.2641;-10.0697;0.461237;-0.661449
14.3596;-10.4881;0.288045;-2.64224;0.064;14.5295;-10.4042;0.62432;2.99861
2.60073;-11.9365;0.17553;-3.00226;0.008;2.2815;-11.7915;0.155052;-2.99707
8.85969;-9.99944;0.700122;-0.467878;0.064;9.7878;-9.76168;0.413629;-2.08999
5.04723;-9.93399;0.229717;1.27557;0.026;4.92857;-9.8714;0.292858;-1.95026
14.1055;-10.0513;0.424248;-0.259082;0.064;14.3596;-10.4881;0.288045;-2.64224
6.44281;-5.75767;0.813572;-0.563154;0.07;6.50282;-5.69517;0.730715;-1.69083
6.45399;-12.325;0.78961;-2.24611;0.036;6.25262;-12.2146;0.489215;-2.63283
9.41753;-9.7294;0.546425;0.643565;0.064;9.7878;-9.76168;0.413629;-2.08999
8.2431;-10.1596;0.604839;-1.40741;0.064;8.85969;-9.99944;0.700122;-0.467878
6.36848;-10.0932;0.667728;-2.29308;0.002;6.44499;-9.97402;0.670087;-1.75402
10.7528;-12.3678;0.159654;0.630525;0.06;10.7506;-12.2483;0.431325;0.0659832
14.5035;-10.2451;0.337472;-0.921001;0.064;14.3596;-10.4881;0.288045;-2.64224
2.24934;-11.3536;0.181182;2.95844;0.008;1.99486;-11.3422;0.325104;-2.94275
8.23323;-11.5406;0.707922;2.92241;0.09;8.29614;-11.8238;0.632041;-2.93206
11.5562;-9.65348;0.812379;-0.929078;0.064;11.7172;-9.59103;0.488536;-0.684797
3.25564;-9.64063;0.786421;-2.17255;0.008;3.13127;-9.70896;0.751172;-2.54564
2.56602;-11.7545;0.401944;1.24715;0.018;2.79681;-11.7172;0.531829;-1.63214
2.23542;-12.6123;0.597937;-1.73039;0.008;2.31477;-12.5773;0.486774;-2.53527
1.89615;-12.2898;0.306562;1.81598;0.008;1.67303;-12.4153;0.174366;-0.130747
5.44681;-12.2791;0.65174;-0.456084;0.036;5.28088;-12.4414;0.554859;-2.2654
9.26544;-10.1323;0.690144;2.94978;0.064;8.85969;-9.99944;0.700122;-0.467878
2.25406;-10.4465;0.339614;2.61268;0.008;2.56127;-10.5542;0.246534;-0.302756
5.30727;-12.3772;0.184366;-2.94046;0.036;5.09411;-12.1337;0.364952;-0.932927
3.25389;-12.2868;0.596749;1.20339;0.018;3.05905;-12.3924;0.621385;-1.44396
6.39528;-9.76274;0.611555;0.168269;0.002;6.36669;-9.73181;0.688772;2.12783
7.28895;-12.341;0.696455;2.21116;0.054;7.23894;-12.3369;0.569992;1.48545
4.78888;-10.3604;0.420967;2.29203;0.014;4.8139;-10.2488;0.527267;-2.73117
8.24637;-10.0488;0.770828;-2.34813;0.064;8.2431;-10.1596;0.604839;-1.40741
3.61694;-11.7618;0.79124;-2.70417;0.036;3.5829;-11.6587;0.438498;1.23636
3.52206;-11.6582;0.624394;1.36469;0.036;3.5829;-11.6587;0.438498;1.23636
11.2199;-12.5123;0.242997;0.155662;0.06;10.7528;-12.3678;0.159654;0.630525
4.8723;-11.8239;0.193444;-1.16301;0.036;4.74114;-11.8187;0.266592;3.0319
2.09265;-9.81418;0.156808;-3.10892;0.008;2.23885;-9.8655;0.204388;-0.243707
13.6806;-11.2666;0.452139;1.04046;0.064;13.6055;-11.3443;0.475235;-2.99737
14.4036;-10.8651;0.380252;-2.48361;0.064;14.3596;-10.4881;0.288045;-2.64224
9.94544;-11.6758;0.381121;2.77288;0.06;10.1868;-11.7949;0.468829;-0.427357
8.704;-9.46127;0.631818;-0.428198;0.064;8.85969;-9.99944;0.700122;-0.467878
13.9968;-10.5611;0.409138;-0.621808;0.064;14.3596;-10.4881;0.288045;-2.64224
12.3594;-12.3298;0.587771;-1.51383;0.064;12.834;-12.3303;0.567426;-1.27739
9.95541;-10.3739;0.349197;-1.68899;0.066;9.7878;-9.76168;0.413629;-2.08999
2.06776;-10.6091;0.696016;-0.246159;0.008;1.96322;-10.685;0.721685;-0.597398
11.9346;-10.2215;0.356261;-0.468482;0.064;11.7966;-10.0548;0.79384;-2.3232
2.82467;-10.102;0.64493;-3.1127;0.008;2.71898;-10.3267;0.626183;2.73805
2.58006;-11.5429;0.775416;-2.80125;0.008;2.57426;-11.5141;0.792274;-2.7045
6.81498;-12.2919;0.216071;-0.0811308;0.036;7.10159;-12.1463;0.353821;-2.30512
11.6382;-11.6895;0.16752;-2.11194;0.061;11.9147;-11.8849;0.403691;-1.16617
2.23179;-11.5236;0.750039;0.64114;0.008;2.46424;-11.7739;0.778382;0.39613
13.751;-11.6629;0.714348;3.02331;0.064;13.6055;-11.3443;0.475235;-2.99737
4.63603;-11.8013;0.431844;-1.65997;0.036;4.74114;-11.8187;0.266592;3.0319
11.3626;-10.1479;0.345929;-0.316732;0.064;11.2641;-10.0697;0.461237;-0.661449
5.33436;-10.1243;0.604012;-2.6606;0.009;5.2386;-9.97872;0.71797;0.675634
11.1682;-9.93345;0.711329;1.76654;0.064;11.1254;-10.0944;0.634187;-1.81286
6.4876;-11.7088;0.623052;-0.960263;0.038;6.51584;-11.7919;0.478334;-1.12043
6.26776;-10.0024;0.611109;-2.1201;0.002;6.36848;-10.0932;0.667728;-2.29308
6.25154;-7.22913;0.249374;-1.06906;0.052;6.23981;-7.15574;0.187885;1.29842
6.32957;-12.1686;0.659305;-1.05937;0.036;6.25262;-12.2146;0.489215;-2.63283
5.96452;-8.74706;0.538737;-1.16255;0;6.1722;-8.75235;0.635447;-0.392336
1.95771;-11.6721;0.524536;1.97254;0.008;1.84049;-11.678;0.640907;-0.826669
3.39428;-9.9482;0.591644;-2.18632;0.008;3.35485;-10.0239;0.608592;2.81245
8.4612;-9.94201;0.382181;2.20102;0.064;8.2431;-10.1596;0.604839;-1.40741
13.6459;-10.7572;0.219263;-0.883505;0.064;13.9968;-10.5611;0.409138;-0.621808
12.4306;-11.9349;0.309705;0.513158;0.06;12.0406;-11.7209;0.47215;-0.436952
10.3462;-9.97834;0.27012;-0.427348;0.064;10.787;-9.88457;0.288123;2.90288
10.5531;-9.81118;0.176822;-0.0354572;0.064;10.787;-9.88457;0.288123;2.90288
13.1093;-11.6026;0.392815;0.884819;0.064;13.3833;-11.6262;0.26114;0.28076
5.60896;-10.035;0.287151;-1.6337;0.013;5.32175;-10.0086;0.250632;-0.961992
4.9329;-11.8071;0.460295;-2.70767;0.036;4.74114;-11.8187;0.266592;3.0319
6.10019;-7.86005;0.630332;2.79576;0;6.29944;-7.76052;0.626783;-2.79843
9.8103;-11.5958;0.641804;-2.74299;0.06;9.94544;-11.6758;0.381121;2.77288
6.13922;-8.23977;0.41179;0.982912;0.013;6.43056;-8.1357;0.471431;-1.15785
7.84785;-10.3597;0.343453;-1.2392;0.064;8.2431;-10.1596;0.604839;-1.40741
8.32288;-8.54471;0.568498;-3.0812;0.064;8.704;-9.46127;0.631818;-0.428198
2.36994;-12.1998;0.642403;-2.60621;0.008;2.40362;-11.9258;0.622357;-2.85812
5.34471;-9.86551;0.392166;2.23734;0.008;5.32175;-10.0086;0.250632;-0.961992
6.43666;-6.28606;0.150908;-3.07209;0.007;6.43449;-6.63119;0.568393;-2.5378
13.2684;-11.6069;0.526854;-2.75935;0.064;13.1093;-11.6026;0.392815;0.884819
8.77706;-7.65505;0.521211;-0.516821;0.064;8.32288;-8.54471;0.568498;-3.0812
12.0294;-11.9822;0.569197;2.20936;0.06;11.9147;-11.8849;0.403691;-1.16617
6.16698;-3.95541;0.497569;-1.16216;0.111;6.20364;-4.64831;0.669998;-2.69673
8.08461;-12.0875;0.410397;-2.039;0.054;8.24144;-12.1875;0.58761;2.46522
5.92329;-9.58687;0.214528;-2.93826;0.003;5.98223;-9.71889;0.258604;-2.05735
4.41552;-10.0673;0.562584;-1.31302;0.014;4.8139;-10.2488;0.527267;-2.73117
12.8369;-10.2186;0.616329;1.86008;0.064;12.6718;-9.88876;0.480995;2.09198
9.59425;-8.22865;0.577638;1.21554;0.064;8.77706;-7.65505;0.521211;-0.516821
14.6099;-10.5149;0.682912;-1.49321;0.064;14.5295;-10.4042;0.62432;2.99861
5.03134;-12.2373;0.277195;2.60942;0.036;5.09411;-12.1337;0.364952;-0.932927
14.1567;-12.2881;0.811865;-0.787972;0.064;14.2702;-12.0911;0.493432;0.322408
2.00813;-10.6181;0.579052;-0.677837;0.008;2.06776;-10.6091;0.696016;-0.246159
9.2849;-12.3571;0.749893;-0.778755;0.06;9.28021;-12.1033;0.645081;2.67207
2.3665;-11.3529;0.150709;-0.513704;0.008;2.24934;-11.3536;0.181182;2.95844
5.08269;-9.51884;0.663174;-1.23122;0.005;5.42182;-9.37449;0.7959;-2.78767
5.72402;-9.89768;0.480432;-2.31744;0.013;5.60896;-10.035;0.287151;-1.6337
11.9249;-11.9719;0.426261;1.61866;0.06;11.9147;-11.8849;0.403691;-1.16617
2.23265;-11.4449;0.750802;-0.860536;0.008;2.23179;-11.5236;0.750039;0.64114
6.09387;-11.8391;0.552624;1.69267;0.036;6.25262;-12.2146;0.489215;-2.63283
10.5163;-7.96558;0.293563;2.04047;0.064;9.59425;-8.22865;0.577638;1.21554
4.7379;-10.2816;0.789437;1.79633;0.014;4.85623;-10.3533;0.667747;1.63068
12.3818;-9.6477;0.217493;-1.32909;0.064;12.6718;-9.88876;0.480995;2.09198
3.34883;-9.83163;0.602136;0.531166;0.008;3.39428;-9.9482;0.591644;-2.18632
7.80737;-12.0406;0.408859;-1.02264;0.054;7.85493;-11.916;0.598493;1.19677
11.1186;-11.8173;0.329886;-0.785816;0.06;11.0703;-11.9238;0.603656;2.37412
8.17692;-11.474;0.254323;-2.33775;0.101;8.23323;-11.5406;0.707922;2.92241
1.95725;-12.5744;0.485572;1.17683;0.008;2.23542;-12.6123;0.597937;-1.73039
11.5103;-7.96012;0.402656;2.79909;0.064;10.5163;-7.96558;0.293563;2.04047
11.434;-12.3782;0.443159;-0.795102;0.06;11.2199;-12.5123;0.242997;0.155662
8.69269;-9.72396;0.497917;-1.27884;0.064;8.704;-9.46127;0.631818;-0.428198
4.05736;-9.93315;0.384455;-1.46317;0.008;3.74396;-9.80759;0.275955;-0.461301
8.75259;-8.9734;0.694166;-2.35137;0.064;8.704;-9.46127;0.631818;-0.428198
7.9818;-7.94621;0.336568;-1.92882;0.064;8.32288;-8.54471;0.568498;-3.0812
9.69729;-9.62896;0.411046;-0.66199;0.064;9.7878;-9.76168;0.413629;-2.08999
7.55336;-10.1803;0.173691;1.39838;0.064;7.84785;-10.3597;0.343453;-1.2392
6.08027;-4.08185;0.800946;2.53143;0.117;6.16698;-3.95541;0.497569;-1.16216
10.7219;-12.4042;0.549893;1.52516;0.06;10.7506;-12.2483;0.431325;0.0659832
12.3734;-7.47353;0.537494;-3.05448;0.064;11.5103;-7.96012;0.402656;2.79909
11.349;-10.3641;0.688196;1.68724;0.064;11.1254;-10.0944;0.634187;-1.81286
4.07093;-9.83226;0.561672;-0.486537;0.008;4.05736;-9.93315;0.384455;-1.46317
10.0512;-10.502;0.426749;1.55696;0.066;9.95541;-10.3739;0.349197;-1.68899
11.3246;-10.3491;0.326629;-0.643188;0.064;11.3626;-10.1479;0.345929;-0.316732
1.61461;-11.7546;0.185078;1.68385;0.008;1.74361;-11.4754;0.271395;-1.58714
6.49604;-12.2987;0.452558;0.443238;0.036;6.25262;-12.2146;0.489215;-2.63283
2.01335;-12.3071;0.501571;2.83209;0.008;1.89615;-12.2898;0.306562;1.81598
2.52161;-9.86882;0.508944;-1.9757;0.008;2.37309;-9.85115;0.498173;-0.0610074
11.9527;-9.83955;0.159327;0.475765;0.064;11.9346;-10.2215;0.356261;-0.468482
11.184;-9.69528;0.199432;-0.505789;0.064;10.787;-9.88457;0.288123;2.90288
14.429;-11.521;0.157815;2.94895;0.064;14.2702;-12.0911;0.493432;0.322408
5.84949;-7.26836;0.234632;-0.718297;0.046;5.77068;-7.44183;0.401896;1.07634
9.73242;-11.8793;0.269322;0.793397;0.06;9.94409;-12.0764;0.300144;0.281522
8.01234;-8.14964;0.558573;1.44723;0.064;7.9818;-7.94621;0.336568;-1.92882
5.58166;-12.3505;0.317285;0.767731;0.036;5.30727;-12.3772;0.184366;-2.94046
12.8676;-8.06583;0.415016;-2.79704;0.064;12.3734;-7.47353;0.537494;-3.05448
8.02734;-8.20551;0.814258;-0.245654;0.064;8.01234;-8.14964;0.558573;1.44723
8.08393;-8.90237;0.162815;1.22894;0.064;8.32288;-8.54471;0.568498;-3.0812
10.6432;-7.86018;0.163197;1.17742;0.064;10.5163;-7.96558;0.293563;2.04047
3.91867;-11.9942;0.500547;-1.1456;0.036;3.9283;-12.0568;0.533248;2.90033
8.43499;-12.0394;0.639349;-0.629575;0.06;8.59303;-12.2177;0.58252;1.16049
4.80897;-10.2058;0.758383;0.10715;0.014;4.7379;-10.2816;0.789437;1.79633
12.0922;-12.3497;0.794377;0.162722;0.064;12.3594;-12.3298;0.587771;-1.51383
5.63979;-10.427;0.554146;-0.797752;0.008;5.64968;-10.4267;0.634234;1.01293
4.13732;-12.1276;0.48816;0.434089;0.054;4.16064;-12.1269;0.479653;0.676082
11.0945;-9.57786;0.425987;0.833513;0.064;11.184;-9.69528;0.199432;-0.505789
6.01758;-10.35;0.597055;-0.234102;0.008;5.64968;-10.4267;0.634234;1.01293
13.721;-10.2901;0.192303;1.50347;0.064;13.5564;-10.3483;0.400802;0.767778
12.2037;-12.4411;0.641149;-1.41323;0.064;12.3594;-12.3298;0.587771;-1.51383
13.4545;-7.80318;0.300406;-0.223987;0.064;12.8676;-8.06583;0.415016;-2.79704
12.8321;-12.2275;0.551656;-2.5639;0.07;12.834;-12.3303;0.567426;-1.27739
6.17707;-6.52851;0.281724;3.10518;0.007;6.43666;-6.28606;0.150908;-3.07209
12.5771;-9.69493;0.770324;2.72046;0.064;12.6718;-9.88876;0.480995;2.09198
6.31195;-10.0654;0.410477;-0.0600937;0.002;6.26776;-10.0024;0.611109;-2.1201
5.88954;-7.31465;0.551339;-2.73895;0.046;5.77068;-7.44183;0.401896;1.07634
10.7864;-8.37136;0.269231;-2.86824;0.064;10.5163;-7.96558;0.293563;2.04047
5.87027;-9.27916;0.778229;2.51182;0.005;5.97358;-9.29744;0.721682;1.79302
10.4493;-8.03813;0.365576;-0.660441;0.064;10.5163;-7.96558;0.293563;2.04047
11.3178;-9.56567;0.367572;-0.41676;0.064;11.0945;-9.57786;0.425987;0.833513
9.66437;-10.3838;0.397051;1.95105;0.066;9.95541;-10.3739;0.349197;-1.68899
1.77094;-12.3515;0.18013;0.101802;0.008;1.67303;-12.4153;0.174366;-0.130747
13.5777;-6.8418;0.546543;-2.71233;0.064;13.4545;-7.80318;0.300406;-0.223987
13.4682;-6.08098;0.313973;0.994337;0.064;13.5777;-6.8418;0.546543;-2.71233
5.99752;-4.56079;0.78991;-2.05873;0.077;6.20364;-4.64831;0.669998;-2.69673
11.1694;-10.2196;0.357298;-0.871847;0.064;11.3246;-10.3491;0.326629;-0.643188
5.79829;-9.74309;0.388842;0.149224;0.013;5.72402;-9.89768;0.480432;-2.31744
12.7136;-11.6458;0.600007;2.28185;0.064;13.1093;-11.6026;0.392815;0.884819
9.16886;-12.0205;0.770853;3.08423;0.06;9.22222;-12.0217;0.690461;0.151236
12.6084;-6.25912;0.575277;2.41079;0.064;13.4682;-6.08098;0.313973;0.994337
5.64191;-8.33579;0.674999;2.42997;0.046;5.81097;-8.17924;0.400109;0.223347
14.0517;-11.9135;0.732919;3.11905;0.064;14.2702;-12.0911;0.493432;0.322408
13.9264;-11.2049;0.408867;1.65526;0.064;13.6806;-11.2666;0.452139;1.04046
12.0473;-5.43179;0.601299;1.33377;0.064;12.6084;-6.25912;0.575277;2.41079
12.1457;-4.43665;0.596771;0.968721;0.064;12.0473;-5.43179;0.601299;1.33377
13.3615;-10.1633;0.53601;-2.75575;0.064;13.5564;-10.3483;0.400802;0.767778
12.7149;-7.76359;0.390012;-1.99388;0.064;12.8676;-8.06583;0.415016;-2.79704
2.27719;-10.2693;0.765643;-1.09598;0.008;2.5279;-10.2522;0.809736;1.11372
2.51285;-11.9339;0.73707;1.15077;0.008;2.40362;-11.9258;0.622357;-2.85812
12.8492;-3.7594;0.381382;1.96489;0.064;12.1457;-4.43665;0.596771;0.968721
13.6741;-3.23043;0.580787;0.287487;0.064;12.8492;-3.7594;0.381382;1.96489
13.6915;-2.23061;0.587766;0.995668;0.064;13.6741;-3.23043;0.580787;0.287487
5.93525;-7.76794;0.330474;-0.565284;0.046;5.88971;-7.73573;0.577247;0.322177
8.50228;-12.2662;0.70836;-0.104775;0.06;8.59303;-12.2177;0.58252;1.16049
12.7807;-1.82406;0.659121;-2.4667;0.064;13.6915;-2.23061;0.587766;0.995668
1.8722;-11.9523;0.834753;0.0205755;0.008;1.84049;-11.678;0.640907;-0.826669
13.6388;-3.20422;0.496744;-0.737455;0.064;13.6741;-3.23043;0.580787;0.287487
13.4533;-11.4891;0.314889;-1.58611;0.064;13.3833;-11.6262;0.26114;0.28076
11.8153;-1.56305;0.661615;1.91834;0.064;12.7807;-1.82406;0.659121;-2.4667
8.1114;-9.88376;0.507187;-2.29392;0.064;8.2431;-10.1596;0.604839;-1.40741
3.6165;-9.71344;0.808148;2.39686;0.008;3.34883;-9.83163;0.602136;0.531166
8.74297;-9.7392;0.336072;-1.40687;0.064;8.69269;-9.72396;0.497917;-1.27884
10.9065;-1.98022;0.671408;1.62457;0.064;11.8153;-1.56305;0.661615;1.91834
12.5148;-2.09598;0.187111;-0.696674;0.064;12.7807;-1.82406;0.659121;-2.4667
8.03749;-12.6063;0.332132;-1.05341;0.048;7.71983;-12.4873;0.262202;0.713083
8.72442;-8.37452;0.226102;-0.987331;0.064;8.32288;-8.54471;0.568498;-3.0812
13.4097;-12.5012;0.570159;1.62723;0.064;12.834;-12.3303;0.567426;-1.27739
12.4942;-9.96545;0.250782;2.05653;0.064;12.6718;-9.88876;0.480995;2.09198
12.7257;-2.22031;0.742348;-1.20246;0.064;12.7807;-1.82406;0.659121;-2.4667
14.5078;-7.1485;0.74868;0.460659;0.064;13.5777;-6.8418;0.546543;-2.71233
6.01862;-7.27222;0.427647;0.598402;0.046;5.88954;-7.31465;0.551339;-2.73895
13.5457;-11.167;0.68101;-1.34679;0.064;13.6055;-11.3443;0.475235;-2.99737
7.80819;-8.53663;0.409895;0.820031;0.064;8.01234;-8.14964;0.558573;1.44723
10.573;-9.93027;0.452924;-0.978134;0.064;10.7737;-9.9214;0.464425;-0.28934
12.4387;-11.9386;0.563196;2.79697;0.066;12.4306;-11.9349;0.309705;0.513158
9.97989;-1.609;0.730527;-0.72148;0.064;10.9065;-1.98022;0.671408;1.62457
9.81266;-2.55939;0.468248;-1.6412;0.064;9.97989;-1.609;0.730527;-0.72148
12.4989;-8.36187;0.204936;-1.17287;0.064;12.8676;-8.06583;0.415016;-2.79704
5.85183;-8.7234;0.462906;-0.327547;0;5.96452;-8.74706;0.538737;-1.16255
12.1846;-5.12684;0.730398;-1.77504;0.064;12.0473;-5.43179;0.601299;1.33377
12.1554;-6.19003;0.16006;1.94148;0.064;12.6084;-6.25912;0.575277;2.41079
12.1251;-9.80806;0.311913;-2.92719;0.064;11.9527;-9.83955;0.159327;0.475765
12.3742;-8.5023;0.644406;-1.84571;0.064;12.4989;-8.36187;0.204936;-1.17287
13.5512;-1.80894;0.65876;0.424682;0.064;13.6915;-2.23061;0.587766;0.995668
14.0279;-11.8262;0.304179;2.66037;0.064;14.2702;-12.0911;0.493432;0.322408
11.7032;-2.14673;0.589643;-1.90195;0.064;11.8153;-1.56305;0.661615;1.91834
14.2999;-7.02274;0.332722;-0.0300735;0.064;14.5078;-7.1485;0.74868;0.460659
8.03978;-9.5677;0.179302;1.76009;0.064;8.1114;-9.88376;0.507187;-2.29392
2.70016;-10.0843;0.616156;2.45121;0.008;2.82467;-10.102;0.64493;-3.1127
12.5074;-7.6388;0.252787;-0.0342173;0.064;12.7149;-7.76359;0.390012;-1.99388
4.23744;-9.70672;0.725338;-1.98911;0.008;4.33858;-9.54423;0.641063;-0.85396
10.3457;-12.5459;0.795457;2.99628;0.06;10.4989;-12.5649;0.709141;-1.86104
14.5067;-11.9422;0.468324;0.776457;0.064;14.2702;-12.0911;0.493432;0.322408
12.7232;-8.67409;0.749613;-0.756205;0.064;12.3742;-8.5023;0.644406;-1.84571
6.12484;-8.5934;0.345742;2.89065;0;6.35761;-8.49062;0.304891;-2.71249
8.34221;-12.0775;0.480603;2.01902;0.054;8.24144;-12.1875;0.58761;2.46522
11.7042;-5.18272;0.226396;-1.67876;0.064;12.0473;-5.43179;0.601299;1.33377
14.2219;-12.1322;0.695838;1.96078;0.064;14.1567;-12.2881;0.811865;-0.787972
10.1244;-10.0299;0.677077;2.30798;0.064;10.3462;-9.97834;0.27012;-0.427348
13.3654;-12.0024;0.15513;-0.734804;0.064;13.3833;-11.6262;0.26114;0.28076
12.8792;-4.09969;0.651189;-1.57976;0.064;12.8492;-3.7594;0.381382;1.96489
13.1714;-9.7268;0.178689;-0.498866;0.064;13.3615;-10.1633;0.53601;-2.75575
5.9989;-4.98115;0.750679;0.855401;0.127;6.20364;-4.64831;0.669998;-2.69673
12.2639;-1.4736;0.321672;-2.21467;0.064;11.8153;-1.56305;0.661615;1.91834
10.508;-11.8886;0.797527;2.22048;0.06;10.1868;-11.7949;0.468829;-0.427357
12.174;-7.61266;0.811282;-0.8457;0.064;12.3734;-7.47353;0.537494;-3.05448
6.03965;-4.64886;0.598185;-1.46574;0.085;6.20364;-4.64831;0.669998;-2.69673
10.8018;-8.00153;0.268144;-1.04195;0.064;10.6432;-7.86018;0.163197;1.17742
2.80445;-11.6995;0.581185;2.32537;0.018;2.79681;-11.7172;0.531829;-1.63214
7.14902;-11.658;0.208579;1.27442;0.042;7.39394;-11.7072;0.229465;-0.855646
6.06185;-9.03287;0.65169;-2.47674;0.005;5.97358;-9.29744;0.721682;1.79302
6.31115;-6.99218;0.269632;-0.185904;0.052;6.23981;-7.15574;0.187885;1.29842
10.5038;-3.23562;0.723289;2.24892;0.064;9.81266;-2.55939;0.468248;-1.6412
6.34396;-4.47501;0.760701;2.84608;0.085;6.20364;-4.64831;0.669998;-2.69673
7.54011;-9.99742;0.334939;1.8111;0.064;7.55336;-10.1803;0.173691;1.39838
11.0502;-8.30291;0.339204;-2.418;0.064;10.7864;-8.37136;0.269231;-2.86824
13.5556;-11.6165;0.299172;-1.559;0.064;13.4533;-11.4891;0.314889;-1.58611
13.8277;-5.69128;0.798422;2.4971;0.064;13.4682;-6.08098;0.313973;0.994337
14.0968;-7.11444;0.807431;-2.57769;0.064;14.5078;-7.1485;0.74868;0.460659
8.33492;-9.61515;0.436001;1.7888;0.064;8.4612;-9.94201;0.382181;2.20102
13.9615;-11.9951;0.17777;-3.00378;0.064;14.0279;-11.8262;0.304179;2.66037
14.2058;-4.05655;0.39428;-1.84759;0.064;13.6741;-3.23043;0.580787;0.287487
11.5172;-1.67603;0.739379;-1.01355;0.064;11.8153;-1.56305;0.661615;1.91834
8.57175;-8.0507;0.687098;2.00208;0.064;8.77706;-7.65505;0.521211;-0.516821
9.75955;-3.85874;0.482836;-0.521766;0.064;10.5038;-3.23562;0.723289;2.24892
14.0755;-6.60582;0.211447;1.02172;0.064;14.2999;-7.02274;0.332722;-0.0300735
7.81725;-8.43742;0.604731;-0.867419;0.064;7.80819;-8.53663;0.409895;0.820031
13.415;-8.36205;0.446601;0.0968741;0.064;13.4545;-7.80318;0.300406;-0.223987
9.56372;-4.83836;0.527666;2.17955;0.064;9.75955;-3.85874;0.482836;-0.521766
5.86621;-10.4621;0.177124;-1.9071;0.008;5.63979;-10.427;0.554146;-0.797752
14.0569;-12.2281;0.675021;-2.61976;0.064;14.1567;-12.2881;0.811865;-0.787972
8.05275;-12.4199;0.629276;-3.01382;0.072;8.24144;-12.1875;0.58761;2.46522
8.1103;-8.61435;0.439287;-2.64788;0.064;8.32288;-8.54471;0.568498;-3.0812
6.10867;-8.27265;0.481269;0.6409;0.013;6.13922;-8.23977;0.41179;0.982912
7.7049;-9.65706;0.636947;-1.60789;0.064;8.1114;-9.88376;0.507187;-2.29392
12.6046;-7.88753;0.525944;0.961223;0.064;12.7149;-7.76359;0.390012;-1.99388
10.3731;-2.606;0.643403;-2.14014;0.064;9.81266;-2.55939;0.468248;-1.6412
9.57003;-9.58996;0.328004;2.532;0.064;9.69729;-9.62896;0.411046;-0.66199
10.8569;-10.2834;0.369949;-2.33681;0.064;11.1694;-10.2196;0.357298;-0.871847
14.0605;-10.3162;0.648291;1.17203;0.064;13.9968;-10.5611;0.409138;-0.621808
5.3863;-10.5869;0.462767;-0.404469;0.008;5.28291;-10.564;0.662937;2.55713
5.72857;-7.755;0.67323;-0.967822;0.046;5.88971;-7.73573;0.577247;0.322177
7.59102;-9.2147;0.79473;-1.71353;0.064;7.7049;-9.65706;0.636947;-1.60789
8.25475;-8.8638;0.555239;-1.90083;0.064;8.1103;-8.61435;0.439287;-2.64788
11.776;-8.13888;0.625784;-0.929572;0.064;11.5103;-7.96012;0.402656;2.79909
13.6146;-10.4684;0.711524;-3.14089;0.064;13.5564;-10.3483;0.400802;0.767778
12.8021;-11.7563;0.442974;-0.0473127;0.064;12.7136;-11.6458;0.600007;2.28185
8.09766;-8.02946;0.207707;1.62926;0.064;7.9818;-7.94621;0.336568;-1.92882
5.96267;-5.30463;0.686522;-2.55067;0.127;5.9989;-4.98115;0.750679;0.855401
6.17344;-9.61831;0.354711;-1.50853;0.002;6.32198;-9.74732;0.439933;-2.20785
5.13746;-12.5362;0.462506;-2.81351;0.036;5.28088;-12.4414;0.554859;-2.2654
12.8223;-6.44494;0.321489;1.67412;0.064;12.6084;-6.25912;0.575277;2.41079
12.0852;-1.79446;0.555584;1.30063;0.064;11.8153;-1.56305;0.661615;1.91834
14.3963;-6.29194;0.837899;-0.505645;0.064;14.0755;-6.60582;0.211447;1.02172
12.315;-11.6785;0.21712;1.06228;0.06;12.4306;-11.9349;0.309705;0.513158
9.81999;-5.80496;0.530813;-2.17631;0.064;9.56372;-4.83836;0.527666;2.17955
8.28237;-8.46781;0.823078;-2.81343;0.064;8.32288;-8.54471;0.568498;-3.0812
6.22277;-8.7757;0.258603;-1.31706;0;6.27036;-8.96462;0.202172;-2.6259
12.2314;-4.55872;0.200339;2.42671;0.064;12.1457;-4.43665;0.596771;0.968721
4.46948;-12.1496;0.268842;-1.04676;0.036;4.16064;-12.1269;0.479653;0.676082
10.1753;-3.87434;0.730651;2.27098;0.064;9.75955;-3.85874;0.482836;-0.521766
14.4691;-6.46362;0.778236;2.8366;0.064;14.3963;-6.29194;0.837899;-0.505645
12.2238;-12.0969;0.587546;-1.87387;0.06;12.0294;-11.9822;0.569197;2.20936
2.46292;-11.7754;0.382243;0.546811;0.018;2.56602;-11.7545;0.401944;1.24715
4.6359;-12.3313;0.52832;-0.22854;0.042;4.54426;-12.5368;0.50391;1.80625
9.6311;-7.99767;0.359533;-2.21097;0.064;9.59425;-8.22865;0.577638;1.21554
2.16369;-11.4548;0.649452;-1.29221;0.008;2.23265;-11.4449;0.750802;-0.860536
4.31367;-11.8516;0.532106;-2.00529;0.036;4.34336;-11.6498;0.571841;-1.23807
10.9969;-10.0523;0.579747;-1.14225;0.064;11.1254;-10.0944;0.634187;-1.81286
13.4562;-3.52894;0.646107;2.40909;0.064;13.6741;-3.23043;0.580787;0.287487
3.34028;-12.3387;0.296222;-1.43972;0.018;3.25389;-12.2868;0.596749;1.20339
8.98802;-9.92516;0.44589;2.71135;0.064;8.85969;-9.99944;0.700122;-0.467878
1.96107;-11.8836;0.664566;0.0360708;0.008;1.8722;-11.9523;0.834753;0.0205755
6.19563;-4.01832;0.693725;0.742184;0.133;6.08027;-4.08185;0.800946;2.53143
12.0073;-11.6292;0.841796;-0.924018;0.06;12.0406;-11.7209;0.47215;-0.436952
10.1401;-8.23126;0.304409;-0.375102;0.064;10.4493;-8.03813;0.365576;-0.660441
13.622;-3.15547;0.276988;-2.97505;0.064;13.6388;-3.20422;0.496744;-0.737455
8.02954;-9.97387;0.211161;-1.38227;0.064;8.1114;-9.88376;0.507187;-2.29392
4.16652;-12.5799;0.210816;-2.83551;0.036;4.54426;-12.5368;0.50391;1.80625
13.4423;-7.88511;0.707306;2.12201;0.064;13.4545;-7.80318;0.300406;-0.223987
12.9552;-12.323;0.391258;2.37359;0.068;12.834;-12.3303;0.567426;-1.27739
14.2004;-7.12346;0.765919;-1.77866;0.064;14.0968;-7.11444;0.807431;-2.57769
9.73471;-10.2761;0.187122;0.422717;0.066;9.66437;-10.3838;0.397051;1.95105
14.4068;-11.5046;0.436287;0.867629;0.064;14.429;-11.521;0.157815;2.94895
10.7859;-8.0386;0.289912;0.0777691;0.064;10.8018;-8.00153;0.268144;-1.04195
13.6486;-10.9878;0.260017;0.717495;0.064;13.6459;-10.7572;0.219263;-0.883505
12.9804;-6.17059;0.447315;-1.03322;0.064;12.8223;-6.44494;0.321489;1.67412
12.133;-11.8332;0.23052;3.00299;0.066;12.315;-11.6785;0.21712;1.06228
11.3284;-8.34579;0.728112;0.591285;0.064;11.0502;-8.30291;0.339204;-2.418
13.4373;-6.36183;0.733996;2.41451;0.064;13.4682;-6.08098;0.313973;0.994337
10.5326;-8.08192;0.654747;-1.42806;0.064;10.4493;-8.03813;0.365576;-0.660441
4.95449;-12.3293;0.310515;2.43725;0.036;5.03134;-12.2373;0.277195;2.60942
10.5803;-3.40783;0.848962;-1.57158;0.064;10.5038;-3.23562;0.723289;2.24892
14.0697;-3.74986;0.822872;0.0853036;0.064;14.2058;-4.05655;0.39428;-1.84759
5.40189;-9.98315;0.596212;-0.753469;0.009;5.33436;-10.1243;0.604012;-2.6606
13.7983;-8.19485;0.224709;0.411762;0.064;13.415;-8.36205;0.446601;0.0968741
5.49167;-12.0695;0.554823;-0.259347;0.036;5.44681;-12.2791;0.65174;-0.456084
3.9007;-11.6158;0.633951;-2.82689;0.036;3.61694;-11.7618;0.79124;-2.70417
7.92009;-9.29093;0.437946;-1.59185;0.064;8.03978;-9.5677;0.179302;1.76009
11.0166;-10.0639;0.157661;2.85519;0.064;11.1694;-10.2196;0.357298;-0.871847
5.8163;-10.2303;0.372158;-0.983128;0.013;5.60896;-10.035;0.287151;-1.6337
14.5117;-1.75539;0.666179;1.0111;0.064;13.6915;-2.23061;0.587766;0.995668
7.91096;-8.27683;0.460307;0.223678;0.064;8.01234;-8.14964;0.558573;1.44723
4.1794;-12.2667;0.348212;-1.77796;0.036;4.16064;-12.1269;0.479653;0.676082
5.83212;-7.2452;0.407631;3.03052;0.046;5.88954;-7.31465;0.551339;-2.73895
11.8377;-11.5262;0.707112;-1.89535;0.06;12.0073;-11.6292;0.841796;-0.924018
12.7104;-2.2775;0.498522;-1.95525;0.064;12.7257;-2.22031;0.742348;-1.20246
12.1519;-8.06935;0.227087;-0.911068;0.064;12.4989;-8.36187;0.204936;-1.17287
2.56737;-10.8931;0.588282;-0.909458;0.008;2.5741;-10.7926;0.776971;1.92719
7.71091;-11.9249;0.393068;0.2067;0.06;7.80737;-12.0406;0.408859;-1.02264
9.67348;-4.11638;0.659189;2.51434;0.064;9.75955;-3.85874;0.482836;-0.521766
13.8973;-11.9204;0.638258;3.07884;0.064;14.0517;-11.9135;0.732919;3.11905
14.1082;-12.2268;0.788244;2.09496;0.064;14.1567;-12.2881;0.811865;-0.787972
14.4851;-3.50154;0.826682;2.31464;0.064;14.0697;-3.74986;0.822872;0.0853036
9.71523;-4.28981;0.45735;-2.6703;0.064;9.67348;-4.11638;0.659189;2.51434
6.6511;-12.3847;0.668055;1.55716;0.037;6.45399;-12.325;0.78961;-2.24611
8.93093;-9.58021;0.421886;0.56714;0.064;8.74297;-9.7392;0.336072;-1.40687
9.93954;-9.62439;0.449502;-2.13416;0.065;9.7878;-9.76168;0.413629;-2.08999
13.7818;-12.1806;0.747612;2.34215;0.064;14.0569;-12.2281;0.675021;-2.61976
10.3775;-12.344;0.848794;-1.20547;0.06;10.3457;-12.5459;0.795457;2.99628
12.1709;-12.5596;0.450643;-0.333857;0.064;12.2037;-12.4411;0.641149;-1.41323
13.8468;-10.7337;0.241428;-0.9704;0.064;13.6459;-10.7572;0.219263;-0.883505
10.1524;-3.1563;0.354075;2.52282;0.064;10.5038;-3.23562;0.723289;2.24892
13.724;-2.69235;0.742279;1.4456;0.064;13.6915;-2.23061;0.587766;0.995668
4.99544;-12.5188;0.825312;0.242936;0.054;5.13746;-12.5362;0.462506;-2.81351
5.94758;-9.75925;0.610002;-1.92139;0.004;5.88183;-9.67114;0.623388;-2.88253
14.2257;-8.15004;0.584788;1.70703;0.064;13.7983;-8.19485;0.224709;0.411762
14.5711;-10.8894;0.833001;-1.58884;0.064;14.6099;-10.5149;0.682912;-1.49321
13.5078;-2.14159;0.729632;2.40601;0.064;13.6915;-2.23061;0.587766;0.995668
12.4548;-1.55373;0.785754;0.989488;0.064;12.7807;-1.82406;0.659121;-2.4667
7.94351;-7.67682;0.823225;-1.61986;0.064;8.02734;-8.20551;0.814258;-0.245654
5.16646;-11.9593;0.643512;2.33184;0.036;4.87119;-11.9863;0.760565;2.7868
5.11166;-9.46161;0.825477;-1.55562;0.005;5.08269;-9.51884;0.663174;-1.23122
10.444;-6.26316;0.490802;-2.80023;0.064;9.81999;-5.80496;0.530813;-2.17631
9.63676;-4.12319;0.841497;0.286381;0.064;9.67348;-4.11638;0.659189;2.51434
8.87151;-11.953;0.580783;0.264527;0.066;9.16886;-12.0205;0.770853;3.08423
4.04355;-12.3169;0.80373;-1.80933;0.036;4.10558;-12.4573;0.705117;1.44169
12.8311;-5.96653;0.542038;-1.47988;0.064;12.9804;-6.17059;0.447315;-1.03322
8.1528;-9.06909;0.282667;-1.61506;0.064;8.08393;-8.90237;0.162815;1.22894
4.10156;-11.6346;0.807998;-1.47064;0.036;3.9007;-11.6158;0.633951;-2.82689
1.72781;-11.3782;0.415456;3.10262;0.008;1.74361;-11.4754;0.271395;-1.58714
10.2842;-5.52429;0.378913;-1.84858;0.064;9.81999;-5.80496;0.530813;-2.17631
4.19381;-12.2295;0.49582;-2.56713;0.036;4.16064;-12.1269;0.479653;0.676082
10.6056;-9.82071;0.591761;-2.20026;0.064;10.573;-9.93027;0.452924;-0.978134
9.59558;-9.87217;0.371853;1.60424;0.064;9.7878;-9.76168;0.413629;-2.08999
13.5166;-10.5951;0.150164;-1.95271;0.064;13.6459;-10.7572;0.219263;-0.883505
6.80366;-11.7322;0.611611;-2.80399;0.056;6.4876;-11.7088;0.623052;-0.960263
12.3663;-2.3603;0.370778;-3.02663;0.064;12.5148;-2.09598;0.187111;-0.696674
9.55232;-5.1974;0.203557;2.83468;0.064;9.56372;-4.83836;0.527666;2.17955
5.14731;-9.6203;0.599559;-2.6316;0.005;5.08269;-9.51884;0.663174;-1.23122
11.6822;-12.3373;0.226364;-1.61617;0.06;11.8465;-12.2073;0.232007;-1.27391
12.4984;-10.0406;0.4594;-1.93157;0.064;12.4942;-9.96545;0.250782;2.05653
6.34587;-6.38903;0.784727;-2.29561;0.007;6.56665;-6.6011;0.682443;-2.85135
10.3696;-8.45361;0.840752;-2.97975;0.064;10.5326;-8.08192;0.654747;-1.42806
3.57394;-10.1343;0.767451;0.542681;0.008;3.70305;-10.1496;0.641662;-2.78232
3.67145;-10.2115;0.347291;2.57471;0.008;3.70305;-10.1496;0.641662;-2.78232
5.81433;-5.58132;0.566434;-2.35417;0.128;5.96267;-5.30463;0.686522;-2.55067
11.3512;-12.3317;0.755191;1.86699;0.06;11.0678;-12.2518;0.704412;-0.0224059
13.4396;-11.7563;0.305887;-1.20963;0.064;13.3833;-11.6262;0.26114;0.28076
12.9897;-10.3178;0.763268;2.3354;0.064;12.8369;-10.2186;0.616329;1.86008
7.9614;-9.68913;0.329247;2.79836;0.064;8.03978;-9.5677;0.179302;1.76009
5.97525;-8.61504;0.358469;-2.794;0;6.12484;-8.5934;0.345742;2.89065
11.8434;-7.40121;0.433904;0.906538;0.064;12.174;-7.61266;0.811282;-0.8457
13.0589;-2.07549;0.649013;1.37765;0.064;12.7257;-2.22031;0.742348;-1.20246
11.1966;-9.98419;0.54254;-0.601577;0.064;11.2641;-10.0697;0.461237;-0.661449
12.8504;-3.95709;0.75697;-0.754325;0.064;12.8792;-4.09969;0.651189;-1.57976
13.8691;-11.9005;0.448673;2.80616;0.064;13.8973;-11.9204;0.638258;3.07884
11.7371;-12.0518;0.674051;-1.01401;0.06;12.0294;-11.9822;0.569197;2.20936
8.81816;-10.0985;0.607503;-1.4341;0.064;8.85969;-9.99944;0.700122;-0.467878
1.72312;-11.1279;0.651815;0.358492;0.008;1.79847;-11.1982;0.833788;3.03842
12.6525;-11.7182;0.610578;-1.79853;0.064;12.7136;-11.6458;0.600007;2.28185
2.81701;-10.3101;0.656105;2.91301;0.008;2.71898;-10.3267;0.626183;2.73805
5.16112;-9.46162;0.68662;-0.922862;0.005;5.08269;-9.51884;0.663174;-1.23122
9.77258;-11.5956;0.546912;1.90216;0.06;9.8103;-11.5958;0.641804;-2.74299
13.3683;-11.998;0.28208;-1.96188;0.064;13.3654;-12.0024;0.15513;-0.734804
14.3051;-7.98167;0.829124;2.23751;0.064;14.2257;-8.15004;0.584788;1.70703
13.8172;-8.23755;0.5202;-1.08111;0.064;13.7983;-8.19485;0.224709;0.411762
2.04767;-12.5301;0.233119;2.87999;0.008;1.95725;-12.5744;0.485572;1.17683
5.52778;-12.555;0.770695;-0.644315;0.036;5.44681;-12.2791;0.65174;-0.456084
7.48291;-12.1753;0.663178;2.87189;0.072;7.28895;-12.341;0.696455;2.21116
3.80979;-12.0654;0.381505;-0.887959;0.036;3.91867;-11.9942;0.500547;-1.1456
9.16164;-12.0303;0.644578;-0.0449259;0.066;9.22222;-12.0217;0.690461;0.151236
12.2767;-5.83385;0.618027;2.34944;0.064;12.0473;-5.43179;0.601299;1.33377
9.72582;-2.8969;0.329982;0.743499;0.064;9.81266;-2.55939;0.468248;-1.6412
9.55975;-5.4774;0.524742;-0.461031;0.064;9.81999;-5.80496;0.530813;-2.17631
2.0956;-10.0059;0.433764;-0.0799898;0.008;2.05488;-10.0392;0.36747;0.458099
12.3673;-11.9279;0.579412;-0.701501;0.066;12.4387;-11.9386;0.563196;2.79697
13.3592;-12.0618;0.811193;-1.0681;0.064;13.7818;-12.1806;0.747612;2.34215
14.262;-5.98979;0.355668;-0.712693;0.064;14.3963;-6.29194;0.837899;-0.505645
14.4653;-3.02486;0.20018;-1.53357;0.064;14.4851;-3.50154;0.826682;2.31464
2.14996;-10.466;0.323958;-1.22343;0.008;2.25406;-10.4465;0.339614;2.61268
12.3287;-5.97641;0.438937;2.36496;0.064;12.2767;-5.83385;0.618027;2.34944
14.1404;-6.37144;0.57699;0.929712;0.064;14.3963;-6.29194;0.837899;-0.505645
13.5794;-6.52558;0.698247;-2.46174;0.064;13.4373;-6.36183;0.733996;2.41451
14.2271;-11.6015;0.458139;2.66622;0.064;14.4068;-11.5046;0.436287;0.867629
14.4913;-6.68849;0.795982;-0.48197;0.064;14.4691;-6.46362;0.778236;2.8366
7.09243;-11.7492;0.529489;-0.532711;0.058;6.80366;-11.7322;0.611611;-2.80399
10.0926;-3.9909;0.251571;-0.323414;0.064;9.75955;-3.85874;0.482836;-0.521766
12.2073;-8.23479;0.156144;0.946789;0.064;12.1519;-8.06935;0.227087;-0.911068
1.77549;-11.2617;0.188187;1.70815;0.008;1.74361;-11.4754;0.271395;-1.58714
4.75727;-10.0831;0.437779;0.274268;0.017;4.8139;-10.2488;0.527267;-2.73117
13.1923;-5.80527;0.430701;0.96312;0.064;13.4682;-6.08098;0.313973;0.994337
9.65387;-9.65411;0.562739;1.00804;0.064;9.69729;-9.62896;0.411046;-0.66199
9.99344;-3.78812;0.418468;0.683434;0.064;9.75955;-3.85874;0.482836;-0.521766
8.739;-10.0859;0.593963;1.63763;0.064;8.81816;-10.0985;0.607503;-1.4341
10.428;-8.09461;0.18259;-2.67633;0.064;10.5163;-7.96558;0.293563;2.04047
8.0711;-7.51549;0.447182;3.11199;0.064;7.94351;-7.67682;0.823225;-1.61986
12.3586;-11.5994;0.743376;1.31457;0.064;12.6525;-11.7182;0.610578;-1.79853
10.4979;-3.99549;0.599229;0.592462;0.064;10.1753;-3.87434;0.730651;2.27098
10.8081;-12.4769;0.699826;1.68339;0.06;10.7219;-12.4042;0.549893;1.52516
10.2385;-2.196;0.627396;2.05731;0.064;10.3731;-2.606;0.643403;-2.14014
11.596;-8.37432;0.564985;1.77871;0.064;11.776;-8.13888;0.625784;-0.929572
7.71119;-9.53281;0.178256;-2.37413;0.064;8.03978;-9.5677;0.179302;1.76009
13.0222;-4.20191;0.649919;2.82859;0.064;12.8792;-4.09969;0.651189;-1.57976
9.18624;-5.82241;0.345877;-0.518398;0.064;9.55975;-5.4774;0.524742;-0.461031
5.89299;-7.88833;0.685681;3.12996;0.046;5.88971;-7.73573;0.577247;0.322177
2.03701;-11.641;0.555864;-2.7966;0.008;1.95771;-11.6721;0.524536;1.97254
10.3336;-2.09815;0.386139;2.16054;0.064;10.2385;-2.196;0.627396;2.05731
7.99751;-7.61332;0.475738;-1.66998;0.064;8.0711;-7.51549;0.447182;3.11199
14.0016;-7.01541;0.237612;0.514189;0.064;14.2999;-7.02274;0.332722;-0.0300735
13.5928;-11.6873;0.847178;-1.17479;0.064;13.751;-11.6629;0.714348;3.02331
13.9971;-2.38803;0.659563;1.52121;0.064;13.6915;-2.23061;0.587766;0.995668
8.19318;-5.86423;0.455775;2.72009;0.064;9.18624;-5.82241;0.345877;-0.518398
12.666;-9.91684;0.447156;2.95311;0.064;12.6718;-9.88876;0.480995;2.09198
13.9152;-8.01659;0.207064;-2.17279;0.064;13.7983;-8.19485;0.224709;0.411762
8.94249;-12.3866;0.553524;-1.70825;0.06;8.67893;-12.2652;0.461887;0.1581
14.3029;-5.62647;0.17748;0.815685;0.064;14.262;-5.98979;0.355668;-0.712693
11.2167;-8.06515;0.377628;2.17433;0.064;11.0502;-8.30291;0.339204;-2.418
12.609;-10.1138;0.164797;2.20698;0.064;12.4942;-9.96545;0.250782;2.05653
14.2663;-2.98774;0.164363;0.80913;0.064;14.4653;-3.02486;0.20018;-1.53357
12.68;-7.67993;0.625369;2.03015;0.064;12.6046;-7.88753;0.525944;0.961223
9.26052;-12.5825;0.351945;0.933542;0.066;8.94249;-12.3866;0.553524;-1.70825
1.69908;-11.3501;0.182147;-1.50474;0.008;1.77549;-11.2617;0.188187;1.70815
13.6079;-7.19926;0.420756;-2.21181;0.064;13.5777;-6.8418;0.546543;-2.71233
12.5839;-3.63139;0.314602;-1.5721;0.064;12.8492;-3.7594;0.381382;1.96489
4.11903;-9.86789;0.590426;0.922169;0.008;4.07093;-9.83226;0.561672;-0.486537
5.78643;-9.79957;0.323954;1.04137;0.019;5.79829;-9.74309;0.388842;0.149224
11.0709;-11.8606;0.807489;1.01298;0.06;11.0703;-11.9238;0.603656;2.37412
3.50922;-9.65048;0.69032;-2.71998;0.008;3.6165;-9.71344;0.808148;2.39686
5.51436;-9.70298;0.83399;-2.57215;0.005;5.42182;-9.37449;0.7959;-2.78767
4.32819;-10.5509;0.343812;-2.06291;0.014;4.19159;-10.5996;0.551504;0.730146
7.68866;-12.4169;0.254004;-0.248471;0.054;7.71983;-12.4873;0.262202;0.713083
10.5048;-6.33114;0.345614;-2.16152;0.064;10.444;-6.26316;0.490802;-2.80023
1.89576;-12.2669;0.828217;-3.02775;0.008;1.8722;-11.9523;0.834753;0.0205755
14.2682;-3.15925;0.80993;-2.50626;0.064;14.4851;-3.50154;0.826682;2.31464
2.87462;-10.0777;0.701074;-2.16745;0.008;2.82467;-10.102;0.64493;-3.1127
7.96857;-8.29203;0.822087;-1.13622;0.064;8.02734;-8.20551;0.814258;-0.245654
11.269;-10.3819;0.175;2.32858;0.064;11.3246;-10.3491;0.326629;-0.643188
6.43544;-7.38723;0.556826;-2.50437;0.005;6.34223;-7.37968;0.412912;-2.81215
14.1086;-3.64008;0.16398;-1.32399;0.064;14.2058;-4.05655;0.39428;-1.84759
13.5235;-11.8954;0.322979;0.939295;0.064;13.4396;-11.7563;0.305887;-1.20963
14.02;-7.19682;0.667247;-2.24789;0.064;14.0968;-7.11444;0.807431;-2.57769
2.09995;-12.5638;0.378984;2.16944;0.008;2.04767;-12.5301;0.233119;2.87999
9.78692;-1.91754;0.589666;0.182826;0.064;9.97989;-1.609;0.730527;-0.72148
6.42387;-12.247;0.797018;2.11811;0.054;6.45399;-12.325;0.78961;-2.24611
7.71261;-9.41535;0.70391;-2.36349;0.064;7.7049;-9.65706;0.636947;-1.60789
14.1475;-2.35563;0.844582;-1.59578;0.064;13.9971;-2.38803;0.659563;1.52121
7.9483;-9.26435;0.715719;2.92363;0.064;7.71261;-9.41535;0.70391;-2.36349
11.6099;-1.76546;0.45443;-0.481351;0.064;11.5172;-1.67603;0.739379;-1.01355
9.2936;-10.1096;0.664397;0.279026;0.064;9.26544;-10.1323;0.690144;2.94978
8.18595;-7.80862;0.247353;-2.69596;0.064;8.09766;-8.02946;0.207707;1.62926
10.0539;-2.31563;0.830415;1.08578;0.064;10.2385;-2.196;0.627396;2.05731
11.0025;-9.68341;0.809346;-2.06848;0.064;11.1682;-9.93345;0.711329;1.76654
3.7153;-9.79322;0.332445;0.649286;0.008;3.74396;-9.80759;0.275955;-0.461301
6.27214;-6.9632;0.619801;-2.20374;0.028;6.2827;-6.93083;0.475285;2.3464
4.48247;-10.4454;0.182391;-2.48476;0.014;4.32819;-10.5509;0.343812;-2.06291
4.40376;-11.6344;0.798963;-1.65082;0.036;4.34336;-11.6498;0.571841;-1.23807
12.7609;-3.61017;0.166109;-0.13459;0.064;12.5839;-3.63139;0.314602;-1.5721
11.4023;-12.0478;0.273663;2.55422;0.065;11.1186;-11.8173;0.329886;-0.785816
9.08774;-7.66378;0.601578;1.30365;0.064;8.77706;-7.65505;0.521211;-0.516821
13.8914;-10.9139;0.756164;2.43551;0.064;13.8342;-10.9633;0.794109;-0.929956
12.6073;-10.1976;0.738346;0.40886;0.064;12.8369;-10.2186;0.616329;1.86008
10.392;-8.38136;0.766426;-2.60155;0.064;10.3696;-8.45361;0.840752;-2.97975
7.88038;-9.615;0.563089;-0.0365151;0.064;7.7049;-9.65706;0.636947;-1.60789
4.17411;-9.74164;0.766932;0.318685;0.008;4.23744;-9.70672;0.725338;-1.98911
14.5861;-9.87361;0.608473;-2.84718;0.064;14.5035;-10.2451;0.337472;-0.921001
6.15408;-11.7286;0.27135;-0.635385;0.036;6.09387;-11.8391;0.552624;1.69267
8.91019;-12.0667;0.69052;-2.74058;0.069;8.87151;-11.953;0.580783;0.264527
10.4336;-7.62412;0.235161;-0.0104504;0.064;10.6432;-7.86018;0.163197;1.17742
14.3805;-6.32533;0.553824;0.745592;0.064;14.1404;-6.37144;0.57699;0.929712
12.2582;-1.70157;0.730492;-1.93105;0.064;12.4548;-1.55373;0.785754;0.989488
11.5053;-7.42845;0.428786;-1.26292;0.064;11.8434;-7.40121;0.433904;0.906538
13.8432;-10.2155;0.434173;2.44613;0.064;13.721;-10.2901;0.192303;1.50347
6.39705;-7.92342;0.74735;-2.52551;0;6.29944;-7.76052;0.626783;-2.79843
14.5395;-2.30072;0.749102;-1.28252;0.064;14.1475;-2.35563;0.844582;-1.59578
6.61742;-11.5047;0.525723;1.03322;0.038;6.4876;-11.7088;0.623052;-0.960263
8.70223;-6.18367;0.357888;-0.875961;0.064;9.18624;-5.82241;0.345877;-0.518398
13.9846;-2.53355;0.730233;-2.93223;0.064;13.9971;-2.38803;0.659563;1.52121
1.63545;-12.3762;0.275233;0.0597292;0.008;1.67303;-12.4153;0.174366;-0.130747
12.9821;-5.96162;0.375863;-1.6373;0.064;12.9804;-6.17059;0.447315;-1.03322
8.20993;-6.11268;0.385346;-0.0685499;0.064;8.19318;-5.86423;0.455775;2.72009
7.39046;-11.4844;0.655509;0.0202334;0.064;7.09243;-11.7492;0.529489;-0.532711
10.3651;-7.7712;0.68665;-1.66072;0.064;10.5326;-8.08192;0.654747;-1.42806
12.7134;-10.2457;0.287876;2.80597;0.064;12.609;-10.1138;0.164797;2.20698
7.94497;-5.38122;0.609095;1.85829;0.064;8.19318;-5.86423;0.455775;2.72009
8.24292;-4.43726;0.467079;0.36859;0.064;7.94497;-5.38122;0.609095;1.85829
9.98514;-9.96939;0.733273;0.254468;0.064;10.1244;-10.0299;0.677077;2.30798
11.0754;-2.19222;0.205036;0.46999;0.064;10.9065;-1.98022;0.671408;1.62457
8.31187;-5.73006;0.572163;1.35529;0.064;8.19318;-5.86423;0.455775;2.72009
9.84333;-3.07898;0.306144;2.77026;0.064;9.72582;-2.8969;0.329982;0.743499
9.71539;-9.65247;0.249316;-0.555085;0.064;9.69729;-9.62896;0.411046;-0.66199
11.7415;-4.15215;0.218446;0.325742;0.064;12.1457;-4.43665;0.596771;0.968721
9.91121;-1.91267;0.60115;-0.0311014;0.064;9.78692;-1.91754;0.589666;0.182826
8.11178;-3.95201;0.723695;2.52072;0.064;8.24292;-4.43726;0.467079;0.36859
11.1419;-2.31214;0.689789;0.258158;0.064;10.9065;-1.98022;0.671408;1.62457
7.80832;-11.6502;0.71517;2.40502;0.061;7.85493;-11.916;0.598493;1.19677
8.29998;-9.17771;0.607833;2.47046;0.064;8.25475;-8.8638;0.555239;-1.90083
11.343;-8.38151;0.804243;-1.82062;0.064;11.3284;-8.34579;0.728112;0.591285
13.5117;-6.26719;0.787323;2.70487;0.064;13.4373;-6.36183;0.733996;2.41451
6.0669;-11.7878;0.53488;2.79079;0.036;6.09387;-11.8391;0.552624;1.69267
8.04965;-9.44849;0.284123;1.34292;0.064;8.03978;-9.5677;0.179302;1.76009
13.9802;-6.71829;0.170367;-2.00863;0.064;14.0755;-6.60582;0.211447;1.02172
8.41567;-5.2784;0.697655;-2.94752;0.064;8.31187;-5.73006;0.572163;1.35529
12.2881;-8.03172;0.344292;2.74668;0.064;12.1519;-8.06935;0.227087;-0.911068
6.06753;-9.02469;0.575473;2.15477;0.008;6.06185;-9.03287;0.65169;-2.47674
13.8132;-11.6232;0.185104;-0.929748;0.064;13.5556;-11.6165;0.299172;-1.559
8.9871;-9.9842;0.254772;-2.01703;0.064;8.98802;-9.92516;0.44589;2.71135
8.00548;-11.7056;0.496963;-1.37338;0.054;7.85493;-11.916;0.598493;1.19677
2.24662;-10.3448;0.406282;-2.6807;0.008;2.25406;-10.4465;0.339614;2.61268
2.10414;-10.5536;0.334954;1.81803;0.008;2.14996;-10.466;0.323958;-1.22343
8.32089;-8.59279;0.23365;-1.52475;0.064;8.1103;-8.61435;0.439287;-2.64788
13.9686;-7.28965;0.303921;-1.96542;0.064;14.0016;-7.01541;0.237612;0.514189
9.85158;-4.98658;0.566236;2.37699;0.064;9.56372;-4.83836;0.527666;2.17955
10.6065;-11.6039;0.349602;-2.44197;0.066;10.1868;-11.7949;0.468829;-0.427357
14.245;-4.28509;0.797801;-2.38781;0.064;14.2058;-4.05655;0.39428;-1.84759
13.7604;-3.96407;0.347961;0.385324;0.064;14.2058;-4.05655;0.39428;-1.84759
11.4859;-1.84344;0.554584;-2.21366;0.064;11.6099;-1.76546;0.45443;-0.481351
12.9949;-12.1421;0.791471;1.5863;0.07;12.8321;-12.2275;0.551656;-2.5639
4.07172;-10.591;0.595162;0.883102;0.02;4.19159;-10.5996;0.551504;0.730146
7.95936;-3.34137;0.628118;-2.541;0.064;8.11178;-3.95201;0.723695;2.52072
14.6373;-2.86058;0.502448;1.95465;0.064;14.4653;-3.02486;0.20018;-1.53357
8.64711;-8.29798;0.778309;-0.700991;0.064;8.57175;-8.0507;0.687098;2.00208
11.8067;-7.76968;0.541865;-2.30758;0.064;11.5103;-7.96012;0.402656;2.79909
7.96478;-7.95493;0.173941;-1.5665;0.064;8.09766;-8.02946;0.207707;1.62926
14.3426;-8.2439;0.81054;0.648531;0.064;14.3051;-7.98167;0.829124;2.23751
2.50695;-10.7008;0.739858;3.00227;0.008;2.5741;-10.7926;0.776971;1.92719
8.68422;-8.9237;0.284594;1.74563;0.064;8.75259;-8.9734;0.694166;-2.35137
13.8959;-2.77586;0.443211;-0.125105;0.064;13.724;-2.69235;0.742279;1.4456
13.2588;-8.44684;0.407407;-0.706864;0.064;13.415;-8.36205;0.446601;0.0968741
14.2576;-10.961;0.696138;-2.53416;0.064;14.5711;-10.8894;0.833001;-1.58884
10.6237;-5.97136;0.219429;0.771154;0.064;10.5048;-6.33114;0.345614;-2.16152
8.07748;-8.42883;0.76848;-1.62385;0.064;7.96857;-8.29203;0.822087;-1.13622
12.5562;-5.26875;0.442458;1.39926;0.064;12.1846;-5.12684;0.730398;-1.77504
12.0986;-7.6826;0.321769;2.3921;0.064;11.8067;-7.76968;0.541865;-2.30758
2.45426;-9.95763;0.250928;0.741828;0.008;2.47544;-10.0882;0.163446;0.407773
14.004;-2.75328;0.540307;-3.0004;0.064;13.8959;-2.77586;0.443211;-0.125105
13.0023;-6.11831;0.721368;2.12347;0.064;12.9804;-6.17059;0.447315;-1.03322
2.28012;-10.8441;0.376901;-2.31037;0.008;2.21047;-10.9071;0.40233;0.4487
13.7694;-5.87045;0.715368;-1.18157;0.064;13.8277;-5.69128;0.798422;2.4971
13.7153;-3.25271;0.714632;-1.23948;0.064;13.6741;-3.23043;0.580787;0.287487
12.5266;-4.18255;0.19212;1.09511;0.064;12.2314;-4.55872;0.200339;2.42671
11.0032;-7.52787;0.704015;-0.079469;0.064;11.5053;-7.42845;0.428786;-1.26292
7.74641;-4.21407;0.256047;1.17623;0.067;8.24292;-4.43726;0.467079;0.36859
12.9419;-9.96005;0.258386;-2.6817;0.064;13.1714;-9.7268;0.178689;-0.498866
13.0993;-7.64105;0.573776;0.45188;0.064;12.68;-7.67993;0.625369;2.03015
14.0464;-8.30726;0.247727;2.87417;0.064;13.7983;-8.19485;0.224709;0.411762
9.71339;-6.39;0.743833;1.59465;0.064;9.81999;-5.80496;0.530813;-2.17631
3.10784;-11.6092;0.62795;2.17714;0.023;3.08966;-11.514;0.791103;-0.609188
9.15833;-9.80616;0.442116;2.33978;0.064;8.98802;-9.92516;0.44589;2.71135
6.19889;-9.39003;0.788465;-3.01769;0.005;5.97358;-9.29744;0.721682;1.79302
12.5712;-7.63368;0.389914;1.38781;0.064;12.5074;-7.6388;0.252787;-0.0342173
13.9026;-2.98428;0.572972;-1.41083;0.064;13.8959;-2.77586;0.443211;-0.125105
14.4862;-6.15807;0.450296;2.23594;0.064;14.3805;-6.32533;0.553824;0.745592
10.5296;-4.17005;0.797464;-2.50067;0.064;10.4979;-3.99549;0.599229;0.592462
4.38332;-10.5671;0.380235;-1.48016;0.014;4.32819;-10.5509;0.343812;-2.06291
8.87741;-8.1857;0.428204;-2.3492;0.064;8.72442;-8.37452;0.226102;-0.987331
12.5763;-11.8727;0.367005;-2.90656;0.066;12.4306;-11.9349;0.309705;0.513158
10.7664;-2.41753;0.32343;2.53753;0.064;11.0754;-2.19222;0.205036;0.46999
3.10924;-11.8022;0.460898;2.00687;0.023;3.10784;-11.6092;0.62795;2.17714
10.1359;-9.97141;0.793495;-2.50782;0.064;10.1244;-10.0299;0.677077;2.30798
8.08792;-11.4707;0.233994;2.09185;0.101;8.17692;-11.474;0.254323;-2.33775
6.06604;-7.44452;0.320877;0.0583833;0.046;6.01862;-7.27222;0.427647;0.598402
9.31589;-7.96717;0.214171;-2.95598;0.064;9.6311;-7.99767;0.359533;-2.21097
4.05055;-10.5879;0.494989;-2.46899;0.02;4.07172;-10.591;0.595162;0.883102
10.3474;-2.71743;0.662384;-2.7973;0.064;10.3731;-2.606;0.643403;-2.14014
4.13419;-12.3572;0.558771;0.416717;0.054;4.19381;-12.2295;0.49582;-2.56713
11.9748;-7.37661;0.403241;0.113738;0.064;11.8434;-7.40121;0.433904;0.906538
9.15794;-5.84619;0.65026;2.41548;0.064;9.18624;-5.82241;0.345877;-0.518398
11.0608;-10.2437;0.546483;2.94285;0.064;11.1254;-10.0944;0.634187;-1.81286
6.34483;-11.9717;0.717335;0.916508;0.036;6.32957;-12.1686;0.659305;-1.05937
11.2574;-2.18767;0.827551;-0.939884;0.064;11.1419;-2.31214;0.689789;0.258158
9.93239;-5.13171;0.596182;2.82024;0.064;9.85158;-4.98658;0.566236;2.37699
5.98461;-6.58877;0.153708;-2.27794;0.013;6.17707;-6.52851;0.281724;3.10518
5.37663;-12.6123;0.807403;-2.16465;0.036;5.52778;-12.555;0.770695;-0.644315
12.3611;-4.84418;0.633285;-2.38023;0.064;12.1846;-5.12684;0.730398;-1.77504
13.7981;-11.258;0.780647;-2.07868;0.064;13.5457;-11.167;0.68101;-1.34679
13.4873;-11.9342;0.556647;-0.0497746;0.064;13.5235;-11.8954;0.322979;0.939295
13.0454;-3.77065;0.450929;3.09014;0.064;12.8492;-3.7594;0.381382;1.96489
7.66297;-4.08081;0.212765;1.45787;0.07;7.74641;-4.21407;0.256047;1.17623
7.95463;-5.43028;0.419409;-2.42251;0.064;7.94497;-5.38122;0.609095;1.85829
5.38043;-11.8881;0.203388;-1.71254;0.036;5.446;-11.7782;0.301363;2.80637
8.4238;-8.76373;0.662612;1.39052;0.064;8.25475;-8.8638;0.555239;-1.90083
4.46489;-12.3687;0.565726;-0.893417;0.042;4.6359;-12.3313;0.52832;-0.22854
13.6584;-2.8338;0.622641;0.784624;0.064;13.724;-2.69235;0.742279;1.4456
8.47988;-6.10142;0.546065;1.34443;0.064;8.70223;-6.18367;0.357888;-0.875961
7.67429;-3.94072;0.470254;-1.29127;0.07;7.66297;-4.08081;0.212765;1.45787
9.28905;-11.4856;0.450261;1.5441;0.06;9.77258;-11.5956;0.546912;1.90216
4.40561;-12.3517;0.583342;0.45257;0.06;4.46489;-12.3687;0.565726;-0.893417
2.2724;-12.3706;0.400826;-0.364011;0.008;2.31477;-12.5773;0.486774;-2.53527
10.1799;-1.76719;0.826068;0.383919;0.064;9.97989;-1.609;0.730527;-0.72148
11.4037;-10.2435;0.22672;-2.91341;0.064;11.3626;-10.1479;0.345929;-0.316732
11.7415;-9.44323;0.24709;-1.1664;0.064;11.7172;-9.59103;0.488536;-0.684797
7.69652;-2.39061;0.463875;-2.09033;0.064;7.95936;-3.34137;0.628118;-2.541
6.06032;-7.13899;0.291223;1.46236;0.1;6.01862;-7.27222;0.427647;0.598402
7.81208;-5.18941;0.672428;-0.785273;0.064;7.94497;-5.38122;0.609095;1.85829
8.10927;-4.49186;0.577613;0.955558;0.067;8.24292;-4.43726;0.467079;0.36859
10.1531;-8.41286;0.76416;-2.4211;0.064;10.3696;-8.45361;0.840752;-2.97975
11.836;-5.55702;0.207659;1.07834;0.064;11.7042;-5.18272;0.226396;-1.67876
12.1205;-10.0078;0.575945;0.486647;0.064;12.1251;-9.80806;0.311913;-2.92719
13.4079;-9.95775;0.605131;-1.47915;0.064;13.3615;-10.1633;0.53601;-2.75575
6.16853;-6.75559;0.271056;-0.899577;0.007;6.17707;-6.52851;0.281724;3.10518
7.62933;-1.39725;0.557286;-1.35584;0.064;7.69652;-2.39061;0.463875;-2.09033
7.49262;-0.406689;0.547425;-0.2707;0.065;7.62933;-1.39725;0.557286;-1.35584
8.83049;-11.8006;0.690352;-0.140137;0.072;8.87151;-11.953;0.580783;0.264527
10.1136;-2.61076;0.565266;1.36492;0.064;10.3731;-2.606;0.643403;-2.14014
10.2819;-2.69048;0.791173;-2.91321;0.064;10.3474;-2.71743;0.662384;-2.7973
9.54267;-11.9801;0.162236;0.87023;0.06;9.73242;-11.8793;0.269322;0.793397
11.4913;-11.7404;0.425447;-0.361853;0.061;11.6382;-11.6895;0.16752;-2.11194
13.5264;-8.08792;0.204555;-1.75529;0.064;13.7983;-8.19485;0.224709;0.411762
11.3822;-1.84285;0.201759;-2.32167;0.064;11.6099;-1.76546;0.45443;-0.481351
8.23728;0.240688;0.385003;0.927794;0.065;7.49262;-0.406689;0.547425;-0.2707
9.42447;-11.7492;0.611767;-0.910048;0.066;9.28905;-11.4856;0.450261;1.5441
5.5398;-9.11869;0.699746;-1.35806;0.007;5.42182;-9.37449;0.7959;-2.78767
13.7065;-12.5666;0.75594;-0.123022;0.064;13.4097;-12.5012;0.570159;1.62723
14.5281;-11.6522;0.536382;-0.429937;0.064;14.4068;-11.5046;0.436287;0.867629
9.78504;-10.4596;0.495216;0.377846;0.066;9.66437;-10.3838;0.397051;1.95105
5.95426;-5.44168;0.66703;1.22642;0.222;5.96267;-5.30463;0.686522;-2.55067
8.3661;-1.88572;0.282011;-0.996636;0.064;7.69652;-2.39061;0.463875;-2.09033
9.4127;-7.62856;0.491922;-0.950528;0.064;9.08774;-7.66378;0.601578;1.30365
13.2348;-10.2717;0.611408;-2.92519;0.064;13.3615;-10.1633;0.53601;-2.75575
14.0895;-11.8848;0.774712;1.21878;0.064;14.0517;-11.9135;0.732919;3.11905
8.07792;-11.9647;0.406194;0.180181;0.06;8.08461;-12.0875;0.410397;-2.039
12.449;-4.71851;0.739725;-2.62921;0.064;12.3611;-4.84418;0.633285;-2.38023
12.7158;-5.17469;0.768946;-2.84481;0.064;12.5562;-5.26875;0.442458;1.39926
7.66891;-5.57894;0.635175;-0.686529;0.064;7.94497;-5.38122;0.609095;1.85829
10.0442;-8.03577;0.577747;1.28529;0.064;10.1401;-8.23126;0.304409;-0.375102
8.23443;-5.86459;0.176005;0.754479;0.064;8.19318;-5.86423;0.455775;2.72009
13.4245;-10.724;0.820659;2.92397;0.064;13.6146;-10.4684;0.711524;-3.14089
8.12411;-1.28486;0.662964;-2.21094;0.064;7.62933;-1.39725;0.557286;-1.35584
8.81408;-0.164886;0.600895;-0.422907;0.065;8.23728;0.240688;0.385003;0.927794
12.8526;-10.3003;0.486437;0.855939;0.064;12.8369;-10.2186;0.616329;1.86008
9.99414;-2.39236;0.787164;2.68929;0.064;10.0539;-2.31563;0.830415;1.08578
11.8801;-9.4535;0.318592;-1.98596;0.064;11.7415;-9.44323;0.24709;-1.1664
12.7945;-3.98165;0.659626;-1.75189;0.064;12.8504;-3.95709;0.75697;-0.754325
13.6322;-11.5585;0.611676;-1.38367;0.064;13.751;-11.6629;0.714348;3.02331
8.34507;-8.13364;0.224081;1.01742;0.064;8.09766;-8.02946;0.207707;1.62926
11.7011;-11.7867;0.360473;-0.475856;0.061;11.4913;-11.7404;0.425447;-0.361853
8.08307;-10.4513;0.254477;2.03888;0.064;7.84785;-10.3597;0.343453;-1.2392
8.43632;-2.03495;0.386123;1.39118;0.064;8.3661;-1.88572;0.282011;-0.996636
8.0698;-4.57407;0.823539;2.0841;0.07;8.10927;-4.49186;0.577613;0.955558
9.77757;-0.0516992;0.358252;-1.7835;0.065;8.81408;-0.164886;0.600895;-0.422907
13.2078;-5.95244;0.525768;-2.10302;0.064;13.1923;-5.80527;0.430701;0.96312
9.15357;-12.3285;0.605445;-0.396417;0.065;9.2849;-12.3571;0.749893;-0.778755
11.0171;-9.57226;0.427957;1.74484;0.064;11.0945;-9.57786;0.425987;0.833513
7.64486;-9.57686;0.215012;1.04038;0.064;7.71119;-9.53281;0.178256;-2.37413
14.1421;-6.92024;0.260816;1.07241;0.064;14.0016;-7.01541;0.237612;0.514189
8.04305;-8.80015;0.342223;0.53722;0.064;8.08393;-8.90237;0.162815;1.22894
10.7121;0.272921;0.21267;0.357418;0.065;9.77757;-0.0516992;0.358252;-1.7835
3.64006;-10.5196;0.61483;-1.25973;0.008;3.42334;-10.4045;0.700379;1.42709
4.02248;-12.3142;0.167236;2.68269;0.036;4.1794;-12.2667;0.348212;-1.77796
14.3093;-7.25443;0.250066;0.307992;0.064;14.2999;-7.02274;0.332722;-0.0300735
11.6654;-4.24438;0.40972;1.19551;0.064;11.7415;-4.15215;0.218446;0.325742
8.39151;-11.7878;0.561634;0.0123726;0.078;8.29614;-11.8238;0.632041;-2.93206
2.32338;-10.2831;0.807399;-0.260134;0.008;2.27719;-10.2693;0.765643;-1.09598
11.503;-12.3348;0.176041;-2.25076;0.06;11.6822;-12.3373;0.226364;-1.61617
4.88659;-12.0598;0.37094;1.2203;0.036;5.09411;-12.1337;0.364952;-0.932927
9.21723;-7.65054;0.589773;-1.5444;0.064;9.08774;-7.66378;0.601578;1.30365
10.7832;-1.87534;0.831568;-2.91568;0.064;10.9065;-1.98022;0.671408;1.62457
10.7395;-2.06817;0.788905;1.42122;0.064;10.7832;-1.87534;0.831568;-2.91568
5.21234;-10.0935;0.628854;2.62677;0.009;5.33436;-10.1243;0.604012;-2.6606
13.6633;-12.0454;0.247823;-0.322179;0.064;13.5235;-11.8954;0.322979;0.939295
9.25168;-5.59712;0.225678;1.09471;0.064;9.18624;-5.82241;0.345877;-0.518398
8.19598;-5.12324;0.430545;0.695408;0.064;8.41567;-5.2784;0.697655;-2.94752
12.7959;-12.3265;0.742791;-0.707352;0.064;12.834;-12.3303;0.567426;-1.27739
10.0599;0.138101;0.637482;-1.49578;0.065;9.77757;-0.0516992;0.358252;-1.7835
13.9396;-10.4484;0.845636;-0.592376;0.064;14.0605;-10.3162;0.648291;1.17203
14.6595;-3.66302;0.586947;2.64738;0.064;14.4851;-3.50154;0.826682;2.31464
14.5582;-6.94582;0.736883;2.89724;0.064;14.5078;-7.1485;0.74868;0.460659
2.87567;-11.6004;0.623957;-1.45884;0.018;2.80445;-11.6995;0.581185;2.32537
4.32471;-9.84648;0.51496;2.82506;0.008;4.11903;-9.86789;0.590426;0.922169
12.235;-10.0946;0.734467;-1.77739;0.064;12.1205;-10.0078;0.575945;0.486647
10.0705;-9.62614;0.752067;-1.61657;0.066;9.93954;-9.62439;0.449502;-2.13416
7.56329;-1.10155;0.479062;0.580526;0.064;7.62933;-1.39725;0.557286;-1.35584
1.94065;-12.0982;0.427584;0.788086;0.008;1.7102;-12.1044;0.439969;-0.0150374
11.0211;-11.9137;0.40634;0.738468;0.06;11.1186;-11.8173;0.329886;-0.785816
13.7609;-5.65684;0.583793;-1.62623;0.064;13.8277;-5.69128;0.798422;2.4971
7.08265;-12.495;0.707737;1.8613;0.063;7.28895;-12.341;0.696455;2.21116
10.3645;-8.13788;0.584678;1.28033;0.064;10.5326;-8.08192;0.654747;-1.42806
9.69475;-5.17112;0.818073;0.865763;0.064;9.93239;-5.13171;0.596182;2.82024
8.4779;-6.16377;0.633725;-0.16508;0.064;8.47988;-6.10142;0.546065;1.34443
10.1753;-9.5322;0.359647;0.944067;0.065;9.93954;-9.62439;0.449502;-2.13416
14.4436;-3.95976;0.557084;0.0227053;0.064;14.2058;-4.05655;0.39428;-1.84759
12.3096;-4.57674;0.500527;1.49177;0.064;12.1457;-4.43665;0.596771;0.968721
8.0459;-1.93865;0.196322;-2.83676;0.064;8.3661;-1.88572;0.282011;-0.996636
2.06998;-10.8434;0.504855;-2.46767;0.008;2.21047;-10.9071;0.40233;0.4487
4.87732;-12.6149;0.519734;1.08865;0.054;5.13746;-12.5362;0.462506;-2.81351
8.27103;-9.89522;0.41551;-1.57974;0.064;8.1114;-9.88376;0.507187;-2.29392
12.5743;-3.67725;0.645916;-2.58824;0.064;12.5839;-3.63139;0.314602;-1.5721
8.56673;-12.5547;0.415792;1.74667;0.062;8.63006;-12.4716;0.68756;2.21764
13.1185;-5.78869;0.283508;-0.473758;0.064;13.1923;-5.80527;0.430701;0.96312
6.28852;-11.5107;0.417173;0.522039;0.036;6.15408;-11.7286;0.27135;-0.635385
9.89748;-0.152881;0.205209;3.10371;0.065;9.77757;-0.0516992;0.358252;-1.7835
13.7294;-8.21609;0.488384;2.61099;0.064;13.8172;-8.23755;0.5202;-1.08111
11.0219;-12.197;0.692904;-2.95777;0.066;11.0678;-12.2518;0.704412;-0.0224059
12.0848;-5.11759;0.687244;0.619783;0.064;12.1846;-5.12684;0.730398;-1.77504
8.32723;-5.36221;0.649252;1.47364;0.064;8.41567;-5.2784;0.697655;-2.94752
12.9654;-7.80735;0.431169;-0.914454;0.064;13.0993;-7.64105;0.573776;0.45188
8.0106;-9.30972;0.752252;0.918573;0.064;7.9483;-9.26435;0.715719;2.92363
9.84394;-8.00024;0.185787;-0.778847;0.064;9.6311;-7.99767;0.359533;-2.21097
7.73056;-9.46949;0.630402;1.62778;0.064;7.71261;-9.41535;0.70391;-2.36349
10.9614;-12.0632;0.434652;1.8972;0.06;11.0211;-11.9137;0.40634;0.738468
10.4232;-11.9486;0.249788;-1.46899;0.06;10.148;-11.9188;0.217046;0.617516
14.215;-11.8183;0.335161;0.905898;0.064;14.0279;-11.8262;0.304179;2.66037
12.9074;-3.88939;0.241432;1.57608;0.064;12.8492;-3.7594;0.381382;1.96489
3.51639;-10.457;0.566434;2.04091;0.008;3.64006;-10.5196;0.61483;-1.25973
6.14859;-12.4505;0.849505;0.134863;0.036;6.45399;-12.325;0.78961;-2.24611
3.78329;-9.75799;0.763149;-1.28742;0.008;3.6165;-9.71344;0.808148;2.39686
12.8371;-12.4227;0.480508;3.03962;0.07;12.834;-12.3303;0.567426;-1.27739
3.40741;-12.391;0.819838;-1.68125;0.018;3.54683;-12.3213;0.614501;-2.04568
2.3014;-10.4249;0.668701;0.25235;0.008;2.27719;-10.2693;0.765643;-1.09598
13.1455;-12.2747;0.363893;-2.0764;0.068;12.9552;-12.323;0.391258;2.37359
7.66288;-2.26917;0.334567;-2.45839;0.064;7.69652;-2.39061;0.463875;-2.09033
7.9186;-0.689286;0.845196;-0.111222;0.065;7.49262;-0.406689;0.547425;-0.2707
13.1076;-2.12344;0.622048;-2.89597;0.064;13.0589;-2.07549;0.649013;1.37765
10.4497;-12.1895;0.400601;-2.84234;0.06;10.4232;-11.9486;0.249788;-1.46899
9.49611;-7.91702;0.838465;-0.148899;0.064;9.59425;-8.22865;0.577638;1.21554
14.0619;-6.00145;0.511215;2.11858;0.064;14.262;-5.98979;0.355668;-0.712693
13.6304;-7.45722;0.584724;1.26831;0.064;13.6079;-7.19926;0.420756;-2.21181
14.1662;-1.67999;0.205717;-0.753825;0.064;14.5117;-1.75539;0.666179;1.0111
9.75377;-10.3924;0.37888;2.51644;0.066;9.66437;-10.3838;0.397051;1.95105
14.1883;-3.85334;0.24905;1.3123;0.064;14.1086;-3.64008;0.16398;-1.32399
13.3605;-3.59896;0.629814;-0.158074;0.064;13.4562;-3.52894;0.646107;2.40909
12.7283;-11.9176;0.255731;0.837099;0.066;12.5763;-11.8727;0.367005;-2.90656
12.5574;-10.4028;0.28514;-1.37339;0.064;12.7134;-10.2457;0.287876;2.80597
7.88061;-6.20654;0.781912;2.77802;0.064;8.20993;-6.11268;0.385346;-0.0685499
11.2725;-9.69689;0.813402;-0.507955;0.064;11.0025;-9.68341;0.809346;-2.06848
13.9222;-11.8284;0.293228;-1.59564;0.064;14.0279;-11.8262;0.304179;2.66037
9.04556;-8.14991;0.187986;-0.702279;0.064;8.87741;-8.1857;0.428204;-2.3492
11.7143;-1.98613;0.327358;1.147;0.064;11.6099;-1.76546;0.45443;-0.481351
12.133;-11.9253;0.372345;3.02334;0.072;12.133;-11.8332;0.23052;3.00299
9.15007;-5.97125;0.846307;1.73967;0.064;9.15794;-5.84619;0.65026;2.41548
7.84661;-9.03633;0.839254;-0.627641;0.064;7.9483;-9.26435;0.715719;2.92363
13.366;-7.69959;0.483292;-1.33926;0.064;13.4545;-7.80318;0.300406;-0.223987
9.9322;-4.55264;0.648253;1.63997;0.064;9.71523;-4.28981;0.45735;-2.6703
7.64762;-12.1884;0.63313;1.80226;0.072;7.48291;-12.1753;0.663178;2.87189
1.84617;-10.3175;0.380824;-1.82216;0.008;1.87461;-10.5133;0.577373;2.2854
3.43609;-12.3465;0.526593;1.02249;0.023;3.54683;-12.3213;0.614501;-2.04568
13.8746;-2.71202;0.822981;-0.00662172;0.064;13.724;-2.69235;0.742279;1.4456
8.61708;-11.6725;0.302079;2.92569;0.091;8.39151;-11.7878;0.561634;0.0123726
6.48607;-7.927;0.495325;0.603146;0;6.43056;-8.1357;0.471431;-1.15785
10.7428;-7.94113;0.238424;1.27934;0.064;10.8018;-8.00153;0.268144;-1.04195
7.61249;-1.39637;0.46755;1.63863;0.064;7.62933;-1.39725;0.557286;-1.35584
10.0272;-4.98597;0.614029;-1.45215;0.064;9.93239;-5.13171;0.596182;2.82024
9.4024;-10.4119;0.499953;2.35836;0.066;9.66437;-10.3838;0.397051;1.95105
8.22051;-4.71584;0.362054;0.866342;0.066;8.24292;-4.43726;0.467079;0.36859
13.0952;-10.2553;0.288074;-0.547111;0.064;12.8526;-10.3003;0.486437;0.855939
14.1448;-8.46148;0.766029;-1.65437;0.064;14.3426;-8.2439;0.81054;0.648531
10.0359;-8.19209;0.172376;-2.94491;0.064;10.1401;-8.23126;0.304409;-0.375102
7.64994;-0.47969;0.574693;2.34306;0.065;7.49262;-0.406689;0.547425;-0.2707
14.2586;-1.83438;0.45829;2.26287;0.064;14.1662;-1.67999;0.205717;-0.753825
8.44835;-10.2751;0.346137;0.70505;0.064;8.4612;-9.94201;0.382181;2.20102
8.53386;-9.39969;0.355387;1.58876;0.064;8.33492;-9.61515;0.436001;1.7888
8.10513;-9.69879;0.59271;-2.60935;0.064;8.1114;-9.88376;0.507187;-2.29392
11.4672;-0.382532;0.195836;2.70119;0.065;10.7121;0.272921;0.21267;0.357418
10.0174;-4.1216;0.634525;2.65638;0.064;10.1753;-3.87434;0.730651;2.27098
13.5458;-10.8513;0.524031;0.488477;0.064;13.6486;-10.9878;0.260017;0.717495
8.47145;-8.97168;0.391639;1.12583;0.064;8.68422;-8.9237;0.284594;1.74563
9.00472;-5.5435;0.785561;1.3684;0.064;9.15794;-5.84619;0.65026;2.41548
10.5165;-12.4834;0.546078;1.0212;0.06;10.4989;-12.5649;0.709141;-1.86104
11.564;-12.4514;0.659122;2.8484;0.066;11.3512;-12.3317;0.755191;1.86699
12.2611;-9.74468;0.451441;-1.73138;0.064;12.1251;-9.80806;0.311913;-2.92719
9.09034;-8.17654;0.454882;2.16861;0.064;8.87741;-8.1857;0.428204;-2.3492
9.19629;-6.17341;0.343406;-2.02719;0.064;9.18624;-5.82241;0.345877;-0.518398
5.15674;-12.0011;0.650041;2.11739;0.036;5.16646;-11.9593;0.643512;2.33184
13.605;-12.1627;0.829494;0.49377;0.064;13.7818;-12.1806;0.747612;2.34215
12.2065;0.284933;0.284999;-1.38006;0.065;11.4672;-0.382532;0.195836;2.70119
9.14971;-5.55024;0.617672;0.192004;0.064;9.00472;-5.5435;0.785561;1.3684
13.0139;-1.84494;0.721891;-2.61281;0.064;12.7807;-1.82406;0.659121;-2.4667
13.4158;-10.0576;0.773777;2.3643;0.064;13.4079;-9.95775;0.605131;-1.47915
5.57298;-11.9326;0.340231;1.52478;0.036;5.446;-11.7782;0.301363;2.80637
9.57846;-11.6285;0.760276;-1.31545;0.072;9.42447;-11.7492;0.611767;-0.910048
14.4463;-1.92178;0.812135;0.0343653;0.064;14.5117;-1.75539;0.666179;1.0111
13.2564;-11.3217;0.546458;1.55503;0.064;13.2684;-11.6069;0.526854;-2.75935
5.52722;-12.5527;0.45371;-2.07876;0.036;5.58166;-12.3505;0.317285;0.767731
13.9343;-2.22574;0.157647;-0.531495;0.064;13.6915;-2.23061;0.587766;0.995668
6.74816;-12.496;0.647933;-2.05933;0.037;6.6511;-12.3847;0.668055;1.55716
10.4305;-12.1735;0.774374;-0.184991;0.06;10.3775;-12.344;0.848794;-1.20547
12.064;-10.0129;0.577935;-0.686135;0.064;12.1205;-10.0078;0.575945;0.486647
8.49515;0.0547276;0.376811;1.94088;0.065;8.23728;0.240688;0.385003;0.927794
11.7014;-7.72899;0.472;-0.965775;0.064;11.8067;-7.76968;0.541865;-2.30758
13.9958;-7.95347;0.690656;-0.383855;0.064;14.2257;-8.15004;0.584788;1.70703
10.2187;-2.8601;0.200861;1.4247;0.064;10.1524;-3.1563;0.354075;2.52282
14.1205;-1.89132;0.222856;-0.411252;0.064;14.1662;-1.67999;0.205717;-0.753825
3.43595;-11.8234;0.226611;-2.57436;0.054;3.38978;-11.8546;0.200874;0.357032
12.8405;-3.95013;0.756303;-1.60635;0.064;12.8504;-3.95709;0.75697;-0.754325
7.87385;-9.06767;0.622975;-0.128089;0.064;7.84661;-9.03633;0.839254;-0.627641
9.99163;-3.21148;0.465363;0.944933;0.064;10.1524;-3.1563;0.354075;2.52282
4.23422;-12.1769;0.830594;1.89254;0.036;4.3261;-12.19;0.713665;-2.57265
8.67142;-2.28296;0.826511;-2.44678;0.064;8.43632;-2.03495;0.386123;1.39118
6.28815;-6.65325;0.653688;-1.25419;0.013;6.43449;-6.63119;0.568393;-2.5378
3.59928;-12.5103;0.188349;1.87264;0.018;3.34028;-12.3387;0.296222;-1.43972
9.97728;-3.59797;0.57081;1.46125;0.064;9.99344;-3.78812;0.418468;0.683434
8.3531;-7.71815;0.470609;2.84751;0.064;8.18595;-7.80862;0.247353;-2.69596
12.6575;0.192005;0.814869;-1.17529;0.065;12.2065;0.284933;0.284999;-1.38006
13.0714;-9.61988;0.371661;2.16431;0.064;13.1714;-9.7268;0.178689;-0.498866
14.3075;-11.4231;0.835902;-1.7992;0.064;14.4068;-11.5046;0.436287;0.867629
11.5676;0.274422;0.841296;2.28839;0.065;12.2065;0.284933;0.284999;-1.38006
13.8955;-7.29357;0.767132;-1.91714;0.064;14.02;-7.19682;0.667247;-2.24789
13.4246;-2.55912;0.559455;1.16096;0.064;13.6584;-2.8338;0.622641;0.784624
7.46327;-4.72031;0.811042;-1.29904;0.064;7.81208;-5.18941;0.672428;-0.785273
8.79641;-9.93475;0.546634;-2.75775;0.064;8.739;-10.0859;0.593963;1.63763
8.16404;-2.22558;0.25873;2.03824;0.064;8.0459;-1.93865;0.196322;-2.83676
9.90551;-5.25496;0.300014;1.70284;0.064;9.93239;-5.13171;0.596182;2.82024
11.8736;-4.88303;0.570453;-1.87926;0.064;12.0848;-5.11759;0.687244;0.619783
9.28413;-0.427247;0.381262;-2.51042;0.068;8.81408;-0.164886;0.600895;-0.422907
7.65631;-4.96227;0.39744;2.57718;0.064;7.81208;-5.18941;0.672428;-0.785273
8.69988;-12.4312;0.653593;0.229434;0.068;8.63006;-12.4716;0.68756;2.21764
8.29426;-3.86035;0.270442;-0.396055;0.064;8.11178;-3.95201;0.723695;2.52072
7.79421;-3.96054;0.325098;0.507752;0.07;7.67429;-3.94072;0.470254;-1.29127
4.41254;-11.933;0.341114;0.95869;0.037;4.31367;-11.8516;0.532106;-2.00529
8.08988;-9.22767;0.81092;0.212034;0.064;8.0106;-9.30972;0.752252;0.918573
14.2243;-10.4371;0.278728;-1.0825;0.064;14.3596;-10.4881;0.288045;-2.64224
5.2667;-12.5427;0.674409;-1.6929;0.036;5.28088;-12.4414;0.554859;-2.2654
6.6176;-12.0903;0.581163;1.08238;0.038;6.49288;-11.9384;0.422362;-2.79294
2.93815;-11.6583;0.218111;-1.11019;0.023;3.10924;-11.8022;0.460898;2.00687
13.6503;0.310284;0.793636;-2.31536;0.065;12.6575;0.192005;0.814869;-1.17529
6.73498;-12.3779;0.746712;1.18806;0.037;6.6511;-12.3847;0.668055;1.55716
13.7112;1.30771;0.755742;-2.84945;0.065;13.6503;0.310284;0.793636;-2.31536
11.8966;-10.0377;0.845965;2.4581;0.064;11.7966;-10.0548;0.79384;-2.3232
13.6516;2.30577;0.77386;-2.30357;0.065;13.7112;1.30771;0.755742;-2.84945
11.6017;-0.529652;0.661891;-0.385553;0.065;11.4672;-0.382532;0.195836;2.70119
10.5395;-7.68982;0.415602;1.28981;0.064;10.4336;-7.62412;0.235161;-0.0104504
5.92533;-8.50448;0.39693;-1.28797;0;5.97525;-8.61504;0.358469;-2.794
5.69403;-10.4177;0.221179;-1.49738;0.012;5.86621;-10.4621;0.177124;-1.9071
13.7346;3.3018;0.74197;-3.05695;0.065;13.6516;2.30577;0.77386;-2.30357
11.6766;-1.9575;0.234052;-2.04414;0.064;11.7143;-1.98613;0.327358;1.147
9.64905;-5.96947;0.69632;-1.81495;0.064;9.81999;-5.80496;0.530813;-2.17631
9.25378;-5.64256;0.408597;1.69562;0.064;9.25168;-5.59712;0.225678;1.09471
14.3031;-9.95328;0.585721;2.62608;0.064;14.1055;-10.0513;0.424248;-0.259082
13.5288;-0.286085;0.17503;-1.39456;0.065;13.6503;0.310284;0.793636;-2.31536
12.6483;-5.14837;0.239791;2.76723;0.064;12.5562;-5.26875;0.442458;1.39926
13.7538;4.30143;0.72229;-2.16513;0.065;13.7346;3.3018;0.74197;-3.05695
13.7093;5.29998;0.692244;-3.11884;0.065;13.7538;4.30143;0.72229;-2.16513
13.5938;6.29267;0.656828;1.0904;0.232;13.7093;5.29998;0.692244;-3.11884
14.1154;6.09742;0.844597;1.55397;0.376;13.5938;6.29267;0.656828;1.0904
14.4659;3.15341;0.726814;-2.11409;0.065;13.7346;3.3018;0.74197;-3.05695
9.40023;-12.384;0.747374;-0.283252;0.062;9.2849;-12.3571;0.749893;-0.778755
12.0157;-1.88998;0.788152;1.28586;0.064;12.0852;-1.79446;0.555584;1.30063
12.6125;6.48347;0.631216;1.79623;0.42;13.5938;6.29267;0.656828;1.0904
12.2801;-4.91158;0.226187;0.91733;0.064;12.2314;-4.55872;0.200339;2.42671
11.6151;6.48978;0.55959;-1.52607;0.42;12.6125;6.48347;0.631216;1.79623
13.8916;-12.3907;0.657283;-0.132835;0.064;14.0569;-12.2281;0.675021;-2.61976
9.8415;-0.0224177;0.678476;-2.99766;0.065;10.0599;0.138101;0.637482;-1.49578
12.1464;0.00192917;0.836055;-0.393367;0.065;12.6575;0.192005;0.814869;-1.17529
2.4625;-12.3072;0.806609;-0.903093;0.008;2.47562;-12.4085;0.791963;1.53492
13.7743;-12.3666;0.604174;2.1438;0.064;13.8916;-12.3907;0.657283;-0.132835
5.34594;-12.3378;0.262834;0.352045;0.036;5.30727;-12.3772;0.184366;-2.94046
11.8342;-5.00904;0.637592;1.39749;0.064;11.8736;-4.88303;0.570453;-1.87926
9.09405;-6.19569;0.61958;-0.0236745;0.064;9.19629;-6.17341;0.343406;-2.02719
12.7826;-6.00957;0.287878;2.5324;0.064;12.9821;-5.96162;0.375863;-1.6373
12.1158;-0.0694469;0.494225;2.52263;0.065;12.1464;0.00192917;0.836055;-0.393367
13.5513;-4.2609;0.791867;-1.19196;0.064;13.0222;-4.20191;0.649919;2.82859
14.4125;0.289026;0.493859;-1.17895;0.065;13.6503;0.310284;0.793636;-2.31536
10.7941;5.93385;0.689787;2.22733;0.562;11.6151;6.48978;0.55959;-1.52607
