8.3851;6.47103;0.682841;1.6855;0.14;7.43281;6.16626;0.698636;-1.64477
6.32819;5.60999;0.584213;1.01444;0;7.32729;5.65122;0.57416;-1.70585
5.32876;5.61013;0.550571;2.9534;0;6.32819;5.60999;0.584213;1.01444
4.47028;6.12298;0.552329;3.10366;0;5.32876;5.61013;0.550571;2.9534
3.58098;5.66576;0.543192;1.05198;0;4.47028;6.12298;0.552329;3.10366
4.17379;7.07739;0.586806;0.744409;0;4.47028;6.12298;0.552329;3.10366
8.52245;7.46146;0.696816;0.056719;0.14;8.3851;6.47103;0.682841;1.6855
3.28065;7.52712;0.594056;-2.99237;0;4.17379;7.07739;0.586806;0.744409
2.33775;7.85476;0.534139;0.751554;0;3.28065;7.52712;0.594056;-2.99237
1.86541;8.73616;0.538691;1.02978;0;2.33775;7.85476;0.534139;0.751554
8.03232;8.3309;0.63478;0.023422;0.14;8.52245;7.46146;0.696816;0.056719
2.42545;9.56207;0.473737;2.79722;0;1.86541;8.73616;0.538691;1.02978
1.70896;10.2595;0.489435;-1.25497;0;2.42545;9.56207;0.473737;2.79722
7.65552;5.48259;0.15557;0.4175;0;7.32729;5.65122;0.57416;-1.70585
3.50821;5.53043;0.769246;0.13375;0;3.58098;5.66576;0.543192;1.05198
3.24081;10.1359;0.397002;1.91842;0.001;2.42545;9.56207;0.473737;2.79722
3.86887;10.9133;0.431906;1.8345;0.002;3.24081;10.1359;0.397002;1.91842
4.12919;11.8787;0.446251;-1.99805;0.002;3.86887;10.9133;0.431906;1.8345
3.61954;10.595;0.183485;-2.71665;0.002;3.86887;10.9133;0.431906;1.8345
7.03293;8.36228;0.650281;2.63952;0.14;8.03232;8.3309;0.63478;0.023422
2.50054;10.115;0.308003;-2.41741;0;2.42545;9.56207;0.473737;2.79722
4.3436;12.8547;0.485093;-0.975195;0.002;4.12919;11.8787;0.446251;-1.99805
2.47423;10.1682;0.290148;0.624689;0;2.50054;10.115;0.308003;-2.41741
4.34823;7.19188;0.720447;1.54442;0;4.17379;7.07739;0.586806;0.744409
1.60438;9.32292;0.614095;-1.19592;0;1.86541;8.73616;0.538691;1.02978
4.01836;13.7877;0.638948;-2.48706;0.002;4.3436;12.8547;0.485093;-0.975195
4.38335;14.7169;0.696703;-1.77523;0.003;4.01836;13.7877;0.638948;-2.48706
7.24103;7.8684;0.291966;2.08387;0.14;7.03293;8.36228;0.650281;2.63952
8.56521;7.56721;0.596061;-2.59006;0.14;8.52245;7.46146;0.696816;0.056719
2.20211;8.161;0.428222;0.0852693;0;2.33775;7.85476;0.534139;0.751554
8.44446;6.04008;0.235092;0.0220061;0.14;8.3851;6.47103;0.682841;1.6855
5.70476;5.73391;0.357069;0.215018;0;5.32876;5.61013;0.550571;2.9534
6.64479;8.48287;0.770193;-1.5589;0.14;7.03293;8.36228;0.650281;2.63952
4.06673;13.534;0.655174;-0.940823;0.002;4.01836;13.7877;0.638948;-2.48706
3.66735;15.4134;0.648855;-3.0597;0.003;4.38335;14.7169;0.696703;-1.77523
6.77486;9.46819;0.659613;-1.93482;0.14;6.64479;8.48287;0.770193;-1.5589
6.53418;5.70882;0.827266;-1.18098;0.163;6.32819;5.60999;0.584213;1.01444
6.8295;9.50011;0.409131;-3.12241;0.14;6.77486;9.46819;0.659613;-1.93482
7.53704;10.2048;0.461853;-0.19526;0.14;6.8295;9.50011;0.409131;-3.12241
8.37257;10.7527;0.420179;-2.18018;0.14;7.53704;10.2048;0.461853;-0.19526
2.31379;9.52086;0.264461;2.04724;0;2.42545;9.56207;0.473737;2.79722
2.30176;8.75879;0.37218;0.670979;0;1.86541;8.73616;0.538691;1.02978
4.0933;15.76;0.658113;1.58319;0.003;3.66735;15.4134;0.648855;-3.0597
7.24865;7.26321;0.72632;2.6451;0.14;7.24103;7.8684;0.291966;2.08387
4.43584;6.29955;0.793499;0.129559;0;4.47028;6.12298;0.552329;3.10366
5.6479;8.48762;0.691483;-2.30828;0.14;6.64479;8.48287;0.770193;-1.5589
7.35133;11.1873;0.47773;-0.688784;0.14;7.53704;10.2048;0.461853;-0.19526
8.57205;11.7326;0.418129;1.28129;0.14;8.37257;10.7527;0.420179;-2.18018
3.79328;9.88247;0.83842;2.23229;0.001;3.24081;10.1359;0.397002;1.91842
2.68556;15.6032;0.657672;-2.05515;0.003;3.66735;15.4134;0.648855;-3.0597
2.77825;9.82324;0.333142;2.25566;0;2.50054;10.115;0.308003;-2.41741
1.69175;15.7077;0.62004;2.14623;0.003;2.68556;15.6032;0.657672;-2.05515
0.693313;15.7628;0.629643;-1.26202;0.003;1.69175;15.7077;0.62004;2.14623
4.25829;16.1537;0.808461;1.08753;0.003;4.0933;15.76;0.658113;1.58319
-0.306399;15.7402;0.637927;-2.06898;0.003;0.693313;15.7628;0.629643;-1.26202
-1.2905;15.5629;0.626923;0.55225;0.003;-0.306399;15.7402;0.637927;-2.06898
-2.0522;14.9151;0.615257;2.35345;0.003;-1.2905;15.5629;0.626923;0.55225
1.74296;7.71178;0.511657;-0.803841;0;2.33775;7.85476;0.534139;0.751554
8.60635;11.2977;0.201739;-1.68732;0.14;8.57205;11.7326;0.418129;1.28129
1.89604;16.2658;0.162545;0.402247;0.003;1.69175;15.7077;0.62004;2.14623
5.77437;7.88692;0.261317;-1.05091;0.14;5.6479;8.48762;0.691483;-2.30828
4.1772;15.9803;0.804957;-2.21648;0.004;4.25829;16.1537;0.808461;1.08753
7.82883;10.4384;0.59196;0.161217;0.14;7.53704;10.2048;0.461853;-0.19526
-2.49772;14.0201;0.638029;-0.68923;0.003;-2.0522;14.9151;0.615257;2.35345
-1.58076;13.9766;0.241429;0.615707;0.003;-2.49772;14.0201;0.638029;-0.68923
2.21323;7.68591;0.246922;-2.36265;0;2.33775;7.85476;0.534139;0.751554
7.45489;10.3841;0.545144;-2.40367;0.14;7.53704;10.2048;0.461853;-0.19526
2.73256;15.7385;0.616711;2.52384;0.003;2.68556;15.6032;0.657672;-2.05515
5.91283;8.59469;0.313108;1.77889;0.14;5.6479;8.48762;0.691483;-2.30828
2.09832;10.1874;0.53137;2.82806;0;1.70896;10.2595;0.489435;-1.25497
8.0505;9.67246;0.715201;1.58038;0.14;7.53704;10.2048;0.461853;-0.19526
6.7362;6.2446;0.491066;-3.06074;0.258;7.31884;6.32858;0.195471;-1.22502
4.06432;15.5001;0.235705;1.6488;0.003;4.0933;15.76;0.658113;1.58319
5.48441;6.20658;0.696857;2.64916;0;5.70476;5.73391;0.357069;0.215018
3.63164;5.53938;0.278447;0.0479437;0;3.58098;5.66576;0.543192;1.05198
3.9034;13.7986;0.240151;-0.836836;0.002;4.01836;13.7877;0.638948;-2.48706
2.86955;9.8769;0.843768;2.55181;0;2.77825;9.82324;0.333142;2.25566
2.14374;10.2523;0.586265;2.06626;0;2.09832;10.1874;0.53137;2.82806
2.74127;9.83519;0.327878;-2.76273;0;2.77825;9.82324;0.333142;2.25566
8.33763;7.25837;0.754431;0.107923;0.14;8.52245;7.46146;0.696816;0.056719
5.04807;5.54532;0.602381;0.00301823;0;5.32876;5.61013;0.550571;2.9534
5.1217;6.10617;0.331152;-0.777524;0;5.48441;6.20658;0.696857;2.64916
7.99301;7.33051;0.79919;-2.2939;0.152;8.33763;7.25837;0.754431;0.107923
8.18076;8.57656;0.760118;-1.79259;0.14;8.03232;8.3309;0.63478;0.023422
7.12402;8.28761;0.462339;1.13922;0.14;7.03293;8.36228;0.650281;2.63952
-0.665684;13.5774;0.183823;1.19248;0.003;-1.58076;13.9766;0.241429;0.615707
8.20237;10.3849;0.579591;1.2054;0.14;7.82883;10.4384;0.59196;0.161217
1.96254;15.9525;0.613405;-0.735708;0.003;1.69175;15.7077;0.62004;2.14623
5.22544;6.00708;0.744998;-1.32142;0.153;5.48441;6.20658;0.696857;2.64916
4.22301;13.213;0.546201;-0.486563;0.002;4.06673;13.534;0.655174;-0.940823
3.52628;9.87171;0.7312;0.993962;0.001;3.79328;9.88247;0.83842;2.23229
7.1069;7.69678;0.462937;-3.02194;0.14;7.24103;7.8684;0.291966;2.08387
6.50612;7.84203;0.674864;2.78151;0.14;7.1069;7.69678;0.462937;-3.02194
7.74495;10.6912;0.263088;-0.369248;0.14;7.82883;10.4384;0.59196;0.161217
8.02011;6.52436;0.189927;-0.840052;0.14;8.3851;6.47103;0.682841;1.6855
3.72992;8.37048;0.299269;2.80127;0;3.28065;7.52712;0.594056;-2.99237
5.91853;9.96828;0.788476;-0.725983;0.14;6.77486;9.46819;0.659613;-1.93482
8.07185;12.2726;0.161968;-1.39866;0.14;8.57205;11.7326;0.418129;1.28129
0.27243;13.8031;0.446507;-2.68294;0.003;-0.665684;13.5774;0.183823;1.19248
-0.67689;16.564;0.319697;2.06379;0.003;-0.306399;15.7402;0.637927;-2.06898
2.7277;9.90939;0.718263;-1.3385;0;2.86955;9.8769;0.843768;2.55181
2.86529;8.05802;0.488234;-0.792323;0;2.33775;7.85476;0.534139;0.751554
2.28622;16.3301;0.419635;-1.90442;0.003;1.89604;16.2658;0.162545;0.402247
7.96694;7.39888;0.323142;-1.15555;0.165;7.99301;7.33051;0.79919;-2.2939
4.21035;7.4185;0.351841;0.391759;0;4.17379;7.07739;0.586806;0.744409
-0.12165;16.7244;0.191266;1.26473;0.003;-0.67689;16.564;0.319697;2.06379
1.99393;16.2181;0.670429;2.5439;0.003;1.96254;15.9525;0.613405;-0.735708
3.08953;16.03;0.312538;-2.25945;0.003;2.73256;15.7385;0.616711;2.52384
3.91893;13.9522;0.235867;-0.602745;0.002;3.9034;13.7986;0.240151;-0.836836
1.18983;14.1272;0.677431;0.947932;0.003;0.27243;13.8031;0.446507;-2.68294
6.84282;9.67585;0.68261;0.251158;0.14;6.77486;9.46819;0.659613;-1.93482
5.79078;9.6639;0.443633;-1.14298;0.14;5.91853;9.96828;0.788476;-0.725983
7.39922;7.76104;0.786414;-2.78629;0.14;7.1069;7.69678;0.462937;-3.02194
-0.223202;13.537;0.446485;-0.0944344;0.003;-0.665684;13.5774;0.183823;1.19248
8.20725;8.27344;0.324265;-0.345278;0.14;8.03232;8.3309;0.63478;0.023422
8.21414;6.70174;0.60679;-2.73266;0.14;8.3851;6.47103;0.682841;1.6855
3.95278;12.0023;0.326408;1.23408;0.003;4.12919;11.8787;0.446251;-1.99805
7.09629;10.1592;0.271311;0.370739;0.14;7.53704;10.2048;0.461853;-0.19526
3.34878;16.1687;0.711713;-0.119687;0.003;3.08953;16.03;0.312538;-2.25945
7.59302;6.84787;0.531023;1.06972;0.14;7.24865;7.26321;0.72632;2.6451
7.33963;9.77398;0.389751;-2.16455;0.14;7.09629;10.1592;0.271311;0.370739
-0.919306;16.6263;0.429773;2.76676;0.003;-0.67689;16.564;0.319697;2.06379
5.82562;6.08011;0.646942;1.31277;0;5.48441;6.20658;0.696857;2.64916
3.61028;9.75903;0.707802;-0.173564;0.001;3.52628;9.87171;0.7312;0.993962
7.37424;8.17599;0.738976;2.36953;0.14;7.12402;8.28761;0.462339;1.13922
1.79055;10.3328;0.328848;-0.139246;0;1.70896;10.2595;0.489435;-1.25497
7.85356;9.94508;0.268851;-1.26844;0.14;7.53704;10.2048;0.461853;-0.19526
3.76634;6.65787;0.41693;-2.76408;0;4.17379;7.07739;0.586806;0.744409
4.1633;14.8495;0.210233;1.23946;0.003;4.38335;14.7169;0.696703;-1.77523
2.15758;13.8811;0.623861;-1.21805;0.003;1.18983;14.1272;0.677431;0.947932
7.72795;7.97885;0.707917;-2.59954;0.14;7.39922;7.76104;0.786414;-2.78629
5.50131;5.8447;0.789477;-0.316341;0.153;5.22544;6.00708;0.744998;-1.32142
8.51504;11.5345;0.804725;3.12512;0.14;8.57205;11.7326;0.418129;1.28129
1.64139;7.95025;0.187186;-1.91605;0;1.74296;7.71178;0.511657;-0.803841
3.89612;11.0599;0.811867;-1.09112;0.002;3.86887;10.9133;0.431906;1.8345
1.63168;16.2073;0.193902;3.08966;0.003;1.89604;16.2658;0.162545;0.402247
-2.00249;16.2439;0.798213;2.48573;0.003;-1.2905;15.5629;0.626923;0.55225
-2.17785;14.2957;0.224993;-0.751817;0.003;-2.49772;14.0201;0.638029;-0.68923
2.16763;14.3141;0.286607;1.1687;0.003;2.15758;13.8811;0.623861;-1.21805
7.76007;6.6936;0.411529;2.48264;0.14;7.59302;6.84787;0.531023;1.06972
-0.499384;15.6155;0.314705;-1.94303;0.003;-0.306399;15.7402;0.637927;-2.06898
0.642537;14.0742;0.411229;-0.719528;0.003;0.27243;13.8031;0.446507;-2.68294
8.13904;8.23917;0.73809;1.35844;0.14;8.03232;8.3309;0.63478;0.023422
7.62311;5.62383;0.824989;0.150555;0;7.32729;5.65122;0.57416;-1.70585
1.59606;13.9229;0.752143;-0.00495249;0.003;1.18983;14.1272;0.677431;0.947932
6.33287;7.57037;0.367541;1.5072;0.14;6.50612;7.84203;0.674864;2.78151
8.5271;7.16482;0.433968;-2.64995;0.14;8.33763;7.25837;0.754431;0.107923
4.66682;6.17939;0.750974;-0.935541;0.133;4.43584;6.29955;0.793499;0.129559
8.51799;11.9019;0.337174;1.25811;0.14;8.57205;11.7326;0.418129;1.28129
6.5914;9.60637;0.278016;0.55366;0.14;6.8295;9.50011;0.409131;-3.12241
-1.61175;15.8399;0.375997;-2.33453;0.003;-1.2905;15.5629;0.626923;0.55225
2.52916;15.658;0.359803;-2.54814;0.003;2.73256;15.7385;0.616711;2.52384
8.42638;10.4472;0.368852;0.94313;0.14;8.20237;10.3849;0.579591;1.2054
7.44973;7.58844;0.823335;2.81234;0.14;7.39922;7.76104;0.786414;-2.78629
6.5903;10.1306;0.310592;-2.80931;0.14;7.09629;10.1592;0.271311;0.370739
1.92332;12.9339;0.404519;1.72256;0.003;2.15758;13.8811;0.623861;-1.21805
3.33521;7.51627;0.566857;-2.6112;0;3.28065;7.52712;0.594056;-2.99237
-0.909623;14.285;0.488148;0.617273;0.003;-1.58076;13.9766;0.241429;0.615707
4.20909;11.6077;0.497632;-1.93852;0.002;4.12919;11.8787;0.446251;-1.99805
1.36338;12.1467;0.662957;1.37686;0.003;1.92332;12.9339;0.404519;1.72256
4.21831;10.6643;0.334259;2.55529;0.002;3.86887;10.9133;0.431906;1.8345
8.04752;7.46195;0.196388;-2.03985;0.167;7.96694;7.39888;0.323142;-1.15555
4.18452;6.68699;0.726237;2.6063;0;4.17379;7.07739;0.586806;0.744409
5.76982;7.67998;0.274704;-2.15576;0.14;5.77437;7.88692;0.261317;-1.05091
3.43079;9.91161;0.3659;1.02985;0.001;3.24081;10.1359;0.397002;1.91842
4.10343;14.369;0.710761;2.14342;0.003;4.38335;14.7169;0.696703;-1.77523
4.20417;6.05693;0.723698;1.33848;0;4.47028;6.12298;0.552329;3.10366
-1.7562;15.0192;0.516967;2.81197;0.003;-2.0522;14.9151;0.615257;2.35345
2.89435;16.2761;0.803776;1.25465;0.003;3.34878;16.1687;0.711713;-0.119687
7.6727;5.73029;0.371494;0.390008;0;7.65552;5.48259;0.15557;0.4175
7.08895;12.394;0.300442;0.977904;0.14;8.07185;12.2726;0.161968;-1.39866
6.4037;12.3114;0.153906;0.74913;0.14;7.08895;12.394;0.300442;0.977904
2.12207;11.5805;0.340774;0.786944;0.003;1.36338;12.1467;0.662957;1.37686
0.276266;16.1256;0.266691;0.53581;0.003;0.693313;15.7628;0.629643;-1.26202
1.69221;9.89209;0.255053;-1.4235;0;1.70896;10.2595;0.489435;-1.25497
7.91035;11.9056;0.474857;-0.707354;0.14;8.07185;12.2726;0.161968;-1.39866
1.77709;13.8004;0.642872;-0.557917;0.003;1.59606;13.9229;0.752143;-0.00495249
4.23182;6.70709;0.726622;-0.958661;0.077;4.18452;6.68699;0.726237;2.6063
3.66582;14.7369;0.780234;-1.56899;0.004;4.10343;14.369;0.710761;2.14342
8.38219;10.3562;0.197321;-2.97585;0.14;8.42638;10.4472;0.368852;0.94313
2.0985;8.06011;0.610102;1.30126;0;2.20211;8.161;0.428222;0.0852693
7.71535;9.97421;0.617102;0.388188;0.14;7.53704;10.2048;0.461853;-0.19526
0.534322;11.7107;0.546782;-0.613403;0.003;1.36338;12.1467;0.662957;1.37686
7.74853;9.99176;0.737825;3.04906;0.14;7.71535;9.97421;0.617102;0.388188
3.787;7.7104;0.428474;-1.72864;0;3.33521;7.51627;0.566857;-2.6112
3.97458;7.23422;0.621486;-0.686407;0;4.17379;7.07739;0.586806;0.744409
5.55401;9.94678;0.295389;-0.131134;0.14;5.79078;9.6639;0.443633;-1.14298
4.02713;16.4243;0.407051;2.36717;0.003;4.25829;16.1537;0.808461;1.08753
7.17321;10.5602;0.580515;-1.8189;0.14;7.45489;10.3841;0.545144;-2.40367
0.0320087;11.5507;0.225603;0.255592;0.003;0.534322;11.7107;0.546782;-0.613403
6.81935;7.83206;0.476187;1.09036;0.14;7.1069;7.69678;0.462937;-3.02194
6.96318;10.4632;0.823572;2.99656;0.14;7.17321;10.5602;0.580515;-1.8189
-0.39931;10.6486;0.214915;1.52944;0.003;0.0320087;11.5507;0.225603;0.255592
-0.823605;13.7893;0.543583;2.95468;0.003;-0.665684;13.5774;0.183823;1.19248
6.69788;5.48818;0.360731;-1.02632;0.182;6.32819;5.60999;0.584213;1.01444
-0.583583;9.66573;0.223469;-3.12448;0.003;-0.39931;10.6486;0.214915;1.52944
3.77865;13.7152;0.571848;1.08901;0.002;4.01836;13.7877;0.638948;-2.48706
0.368285;11.6688;0.639641;-1.03972;0.003;0.534322;11.7107;0.546782;-0.613403
7.6583;12.0457;0.558488;2.6618;0.14;7.91035;11.9056;0.474857;-0.707354
7.97047;6.9356;0.469761;-1.83665;0.193;7.76007;6.6936;0.411529;2.48264
-0.371292;8.6998;0.371459;2.08598;0.003;-0.583583;9.66573;0.223469;-3.12448
8.36986;12.0299;0.214318;2.19753;0.14;8.51799;11.9019;0.337174;1.25811
-0.984932;7.91072;0.3998;-3.03352;0.003;-0.371292;8.6998;0.371459;2.08598
1.28868;12.3287;0.218244;2.32357;0.003;1.36338;12.1467;0.662957;1.37686
3.84754;5.5358;0.66383;3.10588;0;3.58098;5.66576;0.543192;1.05198
-1.88956;8.33564;0.43304;-0.719183;0.003;-0.984932;7.91072;0.3998;-3.03352
6.88484;5.9254;0.218469;0.242252;0.258;6.7362;6.2446;0.491066;-3.06074
-0.710678;16.3383;0.167236;-0.0558861;0.003;-0.67689;16.564;0.319697;2.06379
5.66666;8.0602;0.495449;-1.39342;0.14;5.77437;7.88692;0.261317;-1.05091
-2.88908;8.3161;0.456858;-0.346986;0.003;-1.88956;8.33564;0.43304;-0.719183
-3.87206;8.49336;0.505227;-2.60172;0.003;-2.88908;8.3161;0.456858;-0.346986
2.64686;10.192;0.710822;0.37263;0;2.7277;9.90939;0.718263;-1.3385
-4.07087;7.51343;0.490828;0.454696;0.003;-3.87206;8.49336;0.505227;-2.60172
-4.47817;6.60864;0.366433;-2.63845;0.003;-4.07087;7.51343;0.490828;0.454696
-5.47796;6.61849;0.384353;-2.45653;0.003;-4.47817;6.60864;0.366433;-2.63845
-4.06688;5.69731;0.384341;-1.74741;0.003;-4.47817;6.60864;0.366433;-2.63845
4.23019;13.7976;0.580852;-1.92504;0.003;4.01836;13.7877;0.638948;-2.48706
2.35874;14.3715;0.59356;1.71836;0.003;2.16763;14.3141;0.286607;1.1687
0.774938;16.3163;0.215547;1.91432;0.003;0.276266;16.1256;0.266691;0.53581
-0.218482;10.3343;0.527272;2.46888;0.003;-0.39931;10.6486;0.214915;1.52944
-3.59126;8.0173;0.284488;0.50805;0.003;-3.87206;8.49336;0.505227;-2.60172
-6.33324;6.10045;0.395806;-0.195627;0.003;-5.47796;6.61849;0.384353;-2.45653
6.95405;8.33672;0.798305;-2.10689;0.14;7.03293;8.36228;0.650281;2.63952
2.24215;14.2538;0.229186;0.545652;0.003;2.16763;14.3141;0.286607;1.1687
-6.59026;5.13438;0.421262;-1.63707;0.05;-6.33324;6.10045;0.395806;-0.195627
-6.56804;4.13463;0.421421;-0.925794;0.197;-6.59026;5.13438;0.421262;-1.63707
1.37481;16.3082;0.373958;1.22819;0.003;1.63168;16.2073;0.193902;3.08966
7.05937;12.3681;0.695288;-2.84268;0.14;7.08895;12.394;0.300442;0.977904
-3.69851;7.04987;0.393627;-2.85578;0.003;-4.07087;7.51343;0.490828;0.454696
-3.69109;6.81755;0.697851;0.0622266;0.003;-3.69851;7.04987;0.393627;-2.85578
-3.72981;5.53087;0.45792;-2.25686;0.003;-4.06688;5.69731;0.384341;-1.74741
8.40784;7.06863;0.468024;0.452701;0.14;8.5271;7.16482;0.433968;-2.64995
5.48596;8.30467;0.203096;-0.651038;0.14;5.66666;8.0602;0.495449;-1.39342
6.0535;5.74826;0.180592;0.0425873;0;5.70476;5.73391;0.357069;0.215018
-0.382033;14.0604;0.815704;2.28744;0.003;-0.823605;13.7893;0.543583;2.95468
-1.36129;16.145;0.480375;2.27799;0.003;-1.61175;15.8399;0.375997;-2.33453
0.321026;16.4944;0.167877;-1.68643;0.003;0.276266;16.1256;0.266691;0.53581
7.21512;6.0653;0.494245;0.439441;0.14;7.43281;6.16626;0.698636;-1.64477
4.11043;9.96453;0.185322;-0.0488046;0.001;3.43079;9.91161;0.3659;1.02985
-6.46231;5.66686;0.323346;2.31099;0.003;-6.33324;6.10045;0.395806;-0.195627
2.036;8.06017;0.409143;-1.48161;0;2.20211;8.161;0.428222;0.0852693
1.94601;9.62666;0.771894;-1.52155;0;1.60438;9.32292;0.614095;-1.19592
2.0983;12.7366;0.68735;1.76962;0.003;1.92332;12.9339;0.404519;1.72256
1.94196;12.3148;0.768892;0.97739;0.003;2.0983;12.7366;0.68735;1.76962
3.98224;13.664;0.423642;1.41683;0.002;3.9034;13.7986;0.240151;-0.836836
0.41672;9.10591;0.656767;3.02522;0.003;-0.371292;8.6998;0.371459;2.08598
5.57672;8.56078;0.501577;0.256791;0.14;5.6479;8.48762;0.691483;-2.30828
7.34184;12.2345;0.25066;-1.7677;0.14;7.08895;12.394;0.300442;0.977904
-5.82759;3.72951;0.296672;-1.56424;0.381;-6.56804;4.13463;0.421421;-0.925794
8.1022;7.59641;0.40001;-0.433509;0.167;8.04752;7.46195;0.196388;-2.03985
4.03171;7.43837;0.750068;-1.44119;0.009;3.97458;7.23422;0.621486;-0.686407
7.88381;6.26298;0.732198;0.887847;0.14;7.43281;6.16626;0.698636;-1.64477
5.84758;11.7344;0.752125;0.0771135;0.14;6.4037;12.3114;0.153906;0.74913
-5.64152;6.15156;0.789284;-1.85019;0.003;-5.47796;6.61849;0.384353;-2.45653
-0.611697;14.0432;0.766358;3.08142;0.003;-0.382033;14.0604;0.815704;2.28744
8.23521;12.0797;0.459658;0.161026;0.14;8.36986;12.0299;0.214318;2.19753
2.24322;12.2056;0.570565;-1.25509;0.003;1.94196;12.3148;0.768892;0.97739
6.61486;9.20768;0.751119;-2.49525;0.14;6.77486;9.46819;0.659613;-1.93482
4.18927;7.82907;0.613488;2.66948;0.009;4.03171;7.43837;0.750068;-1.44119
-4.345;8.62588;0.643768;-0.00696701;0.003;-3.87206;8.49336;0.505227;-2.60172
-0.031469;9.85659;0.446764;-0.51317;0.003;-0.218482;10.3343;0.527272;2.46888
8.42191;10.8208;0.463883;-2.52488;0.14;8.37257;10.7527;0.420179;-2.18018
1.42022;16.5056;0.625338;0.145648;0.003;1.37481;16.3082;0.373958;1.22819
4.16747;15.5389;0.843962;-0.747275;0.003;4.0933;15.76;0.658113;1.58319
0.9322;12.3979;0.676979;-3.13793;0.003;1.36338;12.1467;0.662957;1.37686
-6.1603;3.89453;0.480373;1.60262;0.381;-5.82759;3.72951;0.296672;-1.56424
-2.00167;8.10399;0.420837;-0.953029;0.003;-1.88956;8.33564;0.43304;-0.719183
-0.779889;16.7035;0.70325;0.24318;0.003;-0.919306;16.6263;0.429773;2.76676
2.05043;12.335;0.607304;-0.164663;0.003;1.94196;12.3148;0.768892;0.97739
7.55424;7.64621;0.459801;2.58543;0.14;7.39922;7.76104;0.786414;-2.78629
7.83804;10.0261;0.756772;2.84419;0.14;7.74853;9.99176;0.737825;3.04906
5.98567;12.3095;0.828074;-2.4885;0.14;5.84758;11.7344;0.752125;0.0771135
1.65184;7.91512;0.35982;2.14615;0;1.64139;7.95025;0.187186;-1.91605
-0.577105;14.0085;0.651325;-2.6781;0.003;-0.611697;14.0432;0.766358;3.08142
4.20382;6.95241;0.227481;-2.6965;0;4.17379;7.07739;0.586806;0.744409
3.14868;7.72569;0.198641;0.654595;0;3.28065;7.52712;0.594056;-2.99237
-3.97751;6.0478;0.71294;1.90978;0.003;-4.06688;5.69731;0.384341;-1.74741
-2.33951;16.1061;0.305511;0.322118;0.003;-2.00249;16.2439;0.798213;2.48573
-4.36343;8.49325;0.438922;1.04528;0.2;-4.345;8.62588;0.643768;-0.00696701
7.45027;6.23646;0.814409;1.9044;0.14;7.43281;6.16626;0.698636;-1.64477
7.75132;6.60627;0.628662;2.71106;0.14;7.76007;6.6936;0.411529;2.48264
1.47843;12.0879;0.318959;1.62608;0.003;1.28868;12.3287;0.218244;2.32357
4.37732;14.4649;0.403822;2.10499;0.003;4.38335;14.7169;0.696703;-1.77523
4.07523;10.6832;0.673036;-2.37875;0.002;4.21831;10.6643;0.334259;2.55529
3.50642;8.31181;0.274497;-1.01116;0;3.72992;8.37048;0.299269;2.80127
-5.17237;4.12088;0.160561;0.822548;0.381;-5.82759;3.72951;0.296672;-1.56424
-4.4239;3.46975;0.286382;-0.028308;0.381;-5.17237;4.12088;0.160561;0.822548
-0.591076;8.09075;0.688258;1.81735;0.003;-0.984932;7.91072;0.3998;-3.03352
-4.60011;3.5273;0.261143;-2.74915;0.381;-4.4239;3.46975;0.286382;-0.028308
4.00492;6.07366;0.543873;-0.649845;0;4.20417;6.05693;0.723698;1.33848
-4.38106;7.38134;0.404533;2.61823;0.003;-4.07087;7.51343;0.490828;0.454696
7.57707;10.4186;0.733714;0.792069;0.14;7.45489;10.3841;0.545144;-2.40367
-6.19243;3.78895;0.641502;-1.23048;0.56;-6.1603;3.89453;0.480373;1.60262
