4.06074;10.8279;0.19631;2.98435;0;3.60104;10.6759;0.704581;1.83982
1.90289;8.95129;0.498706;2.96151;0;1.77162;9.94215;0.529741;2.08598
2.19203;7.99404;0.490514;-1.54951;0;1.90289;8.95129;0.498706;2.96151
3.08647;7.55335;0.414569;-1.66212;0;2.19203;7.99404;0.490514;-1.54951
3.95521;7.05846;0.433708;-2.90314;0;3.08647;7.55335;0.414569;-1.66212
3.96242;6.05851;0.441383;0.161306;0;3.95521;7.05846;0.433708;-2.90314
4.90468;5.72363;0.438954;0.439418;0;3.96242;6.05851;0.441383;0.161306
5.87556;5.96189;0.413737;-2.5383;0;4.90468;5.72363;0.438954;0.439418
6.8707;5.89514;0.486054;1.49052;0;5.87556;5.96189;0.413737;-2.5383
7.56086;6.61801;0.45247;2.83319;0;6.8707;5.89514;0.486054;1.49052
8.21686;7.37263;0.467305;2.44655;0;7.56086;6.61801;0.45247;2.83319
7.60641;8.15518;0.589654;-0.0671073;0;8.21686;7.37263;0.467305;2.44655
2.54773;8.17804;0.619109;-0.320798;0;2.19203;7.99404;0.490514;-1.54951
3.80185;8.19026;0.701904;-1.58422;0;3.08647;7.55335;0.414569;-1.66212
7.04994;5.75672;0.780933;-1.50591;0.171;6.8707;5.89514;0.486054;1.49052
7.73155;7.97073;0.654154;1.60032;0;7.60641;8.15518;0.589654;-0.0671073
7.52765;6.65403;0.631614;0.153412;0;7.56086;6.61801;0.45247;2.83319
4.39719;7.45291;0.635613;1.79951;0;3.95521;7.05846;0.433708;-2.90314
8.50352;7.10273;0.694029;-2.97649;0;8.21686;7.37263;0.467305;2.44655
2.62738;8.45349;0.588408;1.07902;0;2.54773;8.17804;0.619109;-0.320798
7.49702;8.02245;0.253397;0.401168;0;7.60641;8.15518;0.589654;-0.0671073
8.38979;6.28879;0.677031;-2.73425;0;8.50352;7.10273;0.694029;-2.97649
6.67711;8.5175;0.661188;-2.78557;0;7.60641;8.15518;0.589654;-0.0671073
4.2459;8.38213;0.771226;2.21352;0;3.80185;8.19026;0.701904;-1.58422
4.6817;5.79281;0.29871;-0.124599;0;4.90468;5.72363;0.438954;0.439418
3.90349;10.6085;0.681186;-2.51379;0;3.60104;10.6759;0.704581;1.83982
1.92871;8.4369;0.569882;0.842858;0;1.90289;8.95129;0.498706;2.96151
6.71017;9.49172;0.438017;-3.07984;0;6.67711;8.5175;0.661188;-2.78557
7.50673;10.0955;0.468607;1.28252;0;6.71017;9.49172;0.438017;-3.07984
5.55315;6.28456;0.323284;-3.06979;0;5.87556;5.96189;0.413737;-2.5383
7.36132;11.0819;0.392227;-1.94174;0;7.50673;10.0955;0.468607;1.28252
8.22784;11.5808;0.374449;1.26659;0;7.36132;11.0819;0.392227;-1.94174
4.1515;11.7071;0.765881;-1.3777;0;4.00878;11.5586;0.470974;-1.99805
4.27397;6.50466;0.633532;-2.0561;0.097;3.96242;6.05851;0.441383;0.161306
4.19747;13.6558;0.221003;-1.63964;0;4.08713;13.5022;0.598892;-2.48706
6.68518;10.0628;0.648947;2.33781;0;6.71017;9.49172;0.438017;-3.07984
7.63226;12.3809;0.445285;2.68363;0;8.22784;11.5808;0.374449;1.26659
8.29995;10.2117;0.677903;-0.155931;0;7.50673;10.0955;0.468607;1.28252
1.95799;10.3145;0.640886;-0.274223;0;1.77162;9.94215;0.529741;2.08598
6.70497;8.89368;0.470902;-2.21189;0;6.67711;8.5175;0.661188;-2.78557
4.27197;6.88057;0.633272;-2.73933;0.097;4.27397;6.50466;0.633532;-2.0561
6.42681;9.79915;0.176848;-2.47824;0;6.71017;9.49172;0.438017;-3.07984
6.43167;9.893;0.263802;-0.724114;0;6.42681;9.79915;0.176848;-2.47824
1.93066;8.97223;0.188828;-2.70638;0;1.90289;8.95129;0.498706;2.96151
4.03199;10.6424;0.400236;-2.60684;0;4.06074;10.8279;0.19631;2.98435
7.73411;5.78609;0.587501;1.3118;0.171;7.04994;5.75672;0.780933;-1.50591
3.97759;13.2149;0.682698;1.64018;0;4.08713;13.5022;0.598892;-2.48706
7.98541;8.57251;0.762323;1.557;0;7.60641;8.15518;0.589654;-0.0671073
1.91035;9.90572;0.620477;-0.0571375;0;1.77162;9.94215;0.529741;2.08598
7.13142;7.55202;0.68279;0.0315905;0;7.73155;7.97073;0.654154;1.60032
6.23606;8.42235;0.296096;-0.114623;0;6.67711;8.5175;0.661188;-2.78557
7.54746;5.69356;0.743908;2.97082;0.171;7.73411;5.78609;0.587501;1.3118
3.56195;7.12728;0.487557;-2.35478;0;3.95521;7.05846;0.433708;-2.90314
4.15907;5.78305;0.404249;2.52204;0;3.96242;6.05851;0.441383;0.161306
5.70414;8.46668;0.282746;-0.58776;0;6.23606;8.42235;0.296096;-0.114623
7.8346;7.2005;0.572388;-2.23889;0.023;8.21686;7.37263;0.467305;2.44655
7.96577;6.01185;0.519857;2.82208;0.171;7.73411;5.78609;0.587501;1.3118
4.26058;5.71094;0.431796;-2.38439;0;4.15907;5.78305;0.404249;2.52204
3.86126;13.4931;0.173291;0.494173;0;4.19747;13.6558;0.221003;-1.63964
6.71381;12.3893;0.390835;-2.0797;0;7.63226;12.3809;0.445285;2.68363
6.15641;11.7902;0.458001;-2.60608;0;6.71381;12.3893;0.390835;-2.0797
2.81221;15.6061;0.512957;2.19893;0;3.7542;15.3013;0.653506;-3.0597
2.00148;15.9186;0.236713;-1.68725;0;2.81221;15.6061;0.512957;2.19893
1.01779;15.814;0.383005;-2.22137;0;2.00148;15.9186;0.236713;-1.68725
3.27413;15.7348;0.381056;0.0458841;0;2.81221;15.6061;0.512957;2.19893
0.0182751;15.8363;0.404849;2.61375;0;1.01779;15.814;0.383005;-2.22137
-0.980228;15.8891;0.418899;-0.172185;0;0.0182751;15.8363;0.404849;2.61375
-1.65935;16.5478;0.742841;-2.25596;0;-0.980228;15.8891;0.418899;-0.172185
-2.41428;15.8932;0.70334;0.704875;0;-1.65935;16.5478;0.742841;-2.25596
-2.55888;14.9301;0.476274;-0.300521;0;-2.41428;15.8932;0.70334;0.704875
1.13695;15.7968;0.47789;0.386289;0;1.01779;15.814;0.383005;-2.22137
-1.79791;14.3025;0.640843;0.861853;0;-2.55888;14.9301;0.476274;-0.300521
6.34438;12.1419;0.482513;-2.69347;0;6.15641;11.7902;0.458001;-2.60608
3.83675;12.5749;0.328031;2.14826;0;4.26367;12.5256;0.476393;-0.975195
-1.70166;16.3975;0.840681;-1.48756;0;-1.65935;16.5478;0.742841;-2.25596
3.84484;6.21622;0.540598;1.40893;0;3.96242;6.05851;0.441383;0.161306
2.10232;10.0304;0.682844;1.93256;0;1.91035;9.90572;0.620477;-0.0571375
3.80856;10.1792;0.473668;1.59077;0;3.90349;10.6085;0.681186;-2.51379
4.00658;14.7321;0.761373;2.19587;0;4.3138;14.4729;0.67821;-1.77523
6.7638;5.54904;0.378596;2.51232;0;6.8707;5.89514;0.486054;1.49052
3.54068;6.90874;0.643382;-2.69869;0;3.56195;7.12728;0.487557;-2.35478
5.21892;5.76351;0.755045;1.12574;0;4.90468;5.72363;0.438954;0.439418
5.71798;10.2303;0.424221;-1.10472;0;6.43167;9.893;0.263802;-0.724114
-1.58789;16.1027;0.322428;-1.51001;0;-1.70166;16.3975;0.840681;-1.48756
-0.164077;15.7462;0.237843;-0.339148;0;0.0182751;15.8363;0.404849;2.61375
-2.39413;13.5014;0.58916;-0.713422;0;-1.79791;14.3025;0.640843;0.861853
6.26759;13.0187;0.823654;-1.28048;0;6.71381;12.3893;0.390835;-2.0797
4.17979;10.0586;0.185393;1.88681;0;3.80856;10.1792;0.473668;1.59077
4.42499;5.8761;0.539702;-2.94531;0;4.26058;5.71094;0.431796;-2.38439
6.76534;8.25758;0.723997;-0.914241;0;6.67711;8.5175;0.661188;-2.78557
8.16181;10.2289;0.595976;-0.997976;0;8.29995;10.2117;0.677903;-0.155931
2.75344;15.7082;0.586583;-0.45574;0;2.81221;15.6061;0.512957;2.19893
2.96272;10.315;0.255108;0.197235;0;2.63498;10.4427;0.593511;-3.12448
8.07669;8.57908;0.4589;0.682834;0;7.98541;8.57251;0.762323;1.557
-1.48579;16.2457;0.410398;-1.54124;0;-1.58789;16.1027;0.322428;-1.51001
-0.826428;14.0655;0.648989;-1.44663;0;-1.79791;14.3025;0.640843;0.861853
2.35791;16.2371;0.309242;1.86678;0;2.00148;15.9186;0.236713;-1.68725
8.57373;11.2287;0.703856;-0.853483;0;8.22784;11.5808;0.374449;1.26659
4.77976;5.91501;0.470398;-1.63467;0;4.90468;5.72363;0.438954;0.439418
1.45275;16.475;0.161398;-1.49788;0;2.00148;15.9186;0.236713;-1.68725
3.07847;10.1816;0.180865;2.07944;0;2.96272;10.315;0.255108;0.197235
7.41585;12.2495;0.411299;-1.21627;0;7.63226;12.3809;0.445285;2.68363
4.29601;13.1996;0.178314;-1.84601;0;4.19747;13.6558;0.221003;-1.63964
7.25678;10.1551;0.38924;2.12562;0;7.50673;10.0955;0.468607;1.28252
0.143062;15.7464;0.548523;-2.73237;0;0.0182751;15.8363;0.404849;2.61375
0.408977;15.6139;0.218058;-0.517994;0;0.143062;15.7464;0.548523;-2.73237
6.54731;9.27914;0.466711;2.75636;0;6.71017;9.49172;0.438017;-3.07984
6.50362;12.1619;0.291755;1.34104;0;6.34438;12.1419;0.482513;-2.69347
4.27581;12.5206;0.466834;2.17959;0;4.26367;12.5256;0.476393;-0.975195
5.72591;9.9195;0.167243;2.4907;0;5.71798;10.2303;0.424221;-1.10472
7.62691;10.4918;0.485215;-2.97878;0;7.50673;10.0955;0.468607;1.28252
2.57102;9.79136;0.366189;1.62172;0;2.10232;10.0304;0.682844;1.93256
4.29432;15.9883;0.744993;1.787;0;3.7542;15.3013;0.653506;-3.0597
7.77298;10.1136;0.553123;0.0844869;0;7.50673;10.0955;0.468607;1.28252
4.14689;6.28849;0.411603;-1.80324;0.128;3.96242;6.05851;0.441383;0.161306
6.08175;12.916;0.495227;1.65993;0;6.26759;13.0187;0.823654;-1.28048
4.20444;10.4952;0.483398;2.39908;0;4.03199;10.6424;0.400236;-2.60684
-0.185495;14.3783;0.842001;-1.37605;0;-0.826428;14.0655;0.648989;-1.44663
-0.360966;13.5384;0.770948;3.05703;0;-0.826428;14.0655;0.648989;-1.44663
5.51238;5.64264;0.655424;2.21193;0;5.21892;5.76351;0.755045;1.12574
3.11512;16.3764;0.516191;2.28493;0;3.27413;15.7348;0.381056;0.0458841
0.412673;13.6771;0.307572;-1.69304;0;-0.360966;13.5384;0.770948;3.05703
2.08842;10.0875;0.236788;-0.344852;0;2.10232;10.0304;0.682844;1.93256
5.8582;10.4139;0.753909;-0.185008;0;5.71798;10.2303;0.424221;-1.10472
1.72006;8.6544;0.677018;-1.35207;0;1.92871;8.4369;0.569882;0.842858
4.09363;7.28584;0.545906;1.34018;0;3.95521;7.05846;0.433708;-2.90314
8.42304;8.23629;0.689412;-1.38776;0;8.07669;8.57908;0.4589;0.682834
3.92325;7.43382;0.37948;-0.500575;0;4.09363;7.28584;0.545906;1.34018
3.55831;10.0028;0.233182;-0.554139;0;3.80856;10.1792;0.473668;1.59077
-2.48888;13.8211;0.603744;-1.16136;0.168;-2.39413;13.5014;0.58916;-0.713422
7.60416;6.16042;0.270454;-2.06277;0.303;7.96577;6.01185;0.519857;2.82208
-1.57974;14.4919;0.395787;1.47578;0;-1.79791;14.3025;0.640843;0.861853
2.51531;9.41427;0.490846;-0.0223587;0;2.57102;9.79136;0.366189;1.62172
-0.872646;15.7501;0.614138;-0.529407;0;-0.980228;15.8891;0.418899;-0.172185
6.96796;8.10087;0.167556;-3.11293;0;7.49702;8.02245;0.253397;0.401168
6.28342;13.9816;0.554366;1.14309;0;6.26759;13.0187;0.823654;-1.28048
3.51192;9.93122;0.621874;2.93862;0;3.55831;10.0028;0.233182;-0.554139
6.42227;13.6067;0.365519;-1.11669;0;6.28342;13.9816;0.554366;1.14309
3.86158;6.99033;0.271547;-0.85383;0.06;3.95521;7.05846;0.433708;-2.90314
-2.45788;14.5293;0.577016;-2.26819;0.099;-2.55888;14.9301;0.476274;-0.300521
0.000748767;15.9739;0.771634;1.10978;0;0.143062;15.7464;0.548523;-2.73237
2.40054;15.8097;0.655739;-0.651804;0;2.75344;15.7082;0.586583;-0.45574
7.4763;6.64821;0.611204;-2.7285;0;7.52765;6.65403;0.631614;0.153412
5.84299;9.95376;0.753755;-2.71151;0;5.71798;10.2303;0.424221;-1.10472
3.69432;14.2056;0.327459;0.558396;0;3.86126;13.4931;0.173291;0.494173
2.70652;8.41495;0.309428;0.247857;0;2.62738;8.45349;0.588408;1.07902
2.76283;15.9627;0.833874;-1.95626;0;2.75344;15.7082;0.586583;-0.45574
2.05426;8.04738;0.763587;-0.709928;0;2.19203;7.99404;0.490514;-1.54951
6.45131;13.2615;0.533186;0.929974;0;6.42227;13.6067;0.365519;-1.11669
3.76948;16.0648;0.185881;-1.29799;0;3.27413;15.7348;0.381056;0.0458841
-1.53278;14.7719;0.237705;-2.47608;0;-1.57974;14.4919;0.395787;1.47578
3.88819;7.45912;0.468845;0.447655;0;3.92325;7.43382;0.37948;-0.500575
1.25421;14.2169;0.286993;-2.40189;0;0.412673;13.6771;0.307572;-1.69304
3.58121;15.9773;0.63576;-1.58701;0;3.27413;15.7348;0.381056;0.0458841
6.60107;14.9199;0.691368;2.53359;0;6.28342;13.9816;0.554366;1.14309
6.24538;10.2803;0.635224;-1.15712;0;5.8582;10.4139;0.753909;-0.185008
7.98482;12.3618;0.485132;-1.27456;0;7.63226;12.3809;0.445285;2.68363
6.39189;15.8923;0.588363;3.10324;0;6.60107;14.9199;0.691368;2.53359
7.90772;10.6589;0.583328;0.526231;0;7.62691;10.4918;0.485215;-2.97878
7.3775;16.0584;0.556802;-1.12975;0;6.39189;15.8923;0.588363;3.10324
3.56911;10.5393;0.410148;-2.9288;0;3.60104;10.6759;0.704581;1.83982
-0.64163;13.5934;0.788286;-0.724912;0;-0.360966;13.5384;0.770948;3.05703
-1.42103;16.313;0.363305;0.0260037;0;-1.48579;16.2457;0.410398;-1.54124
0.961769;14.3583;0.512331;-0.205679;0;1.25421;14.2169;0.286993;-2.40189
8.34868;15.8524;0.436802;-1.65301;0;7.3775;16.0584;0.556802;-1.12975
-2.58688;16.2272;0.381343;0.694675;0;-2.41428;15.8932;0.70334;0.704875
1.69146;13.3183;0.250687;2.32179;0;1.25421;14.2169;0.286993;-2.40189
8.52966;11.2096;0.743299;1.18258;0;8.57373;11.2287;0.703856;-0.853483
1.83069;13.1679;0.237362;-0.132527;0;1.69146;13.3183;0.250687;2.32179
-1.92611;14.8491;0.698227;1.3646;0;-1.79791;14.3025;0.640843;0.861853
4.22641;10.0916;0.55152;0.553466;0;4.17979;10.0586;0.185393;1.88681
5.83564;12.2254;0.735154;1.19823;0;6.34438;12.1419;0.482513;-2.69347
8.0172;15.1332;0.696783;-3.02907;0;8.34868;15.8524;0.436802;-1.65301
1.97225;12.6686;0.648223;-2.84034;0;1.83069;13.1679;0.237362;-0.132527
7.11891;12.3327;0.180976;-2.99653;0;7.41585;12.2495;0.411299;-1.21627
1.3779;16.1532;0.383742;1.14381;0;1.45275;16.475;0.161398;-1.49788
6.14747;15.5757;0.217448;1.88365;0;6.39189;15.8923;0.588363;3.10324
-2.23705;14.87;0.218389;-3.09281;0;-2.55888;14.9301;0.476274;-0.300521
5.76415;5.6132;0.847956;-0.50128;0;5.51238;5.64264;0.655424;2.21193
8.62586;14.3564;0.535216;-2.14037;0;8.0172;15.1332;0.696783;-3.02907
8.07419;14.8394;0.591616;-1.37336;0;8.0172;15.1332;0.696783;-3.02907
9.54691;13.9742;0.460289;0.030588;0;8.62586;14.3564;0.535216;-2.14037
7.79058;7.55813;0.195091;2.75914;0.023;7.8346;7.2005;0.572388;-2.23889
7.09168;15.8936;0.290435;-1.00793;0;7.3775;16.0584;0.556802;-1.12975
8.17165;5.79964;0.692716;-0.471542;0.171;7.96577;6.01185;0.519857;2.82208
10.4158;14.4692;0.44985;-2.138;0;9.54691;13.9742;0.460289;0.030588
5.86482;12.5176;0.310314;1.66076;0;6.08175;12.916;0.495227;1.65993
8.15857;6.67417;0.376229;-2.25456;0.082;8.38979;6.28879;0.677031;-2.73425
7.53069;7.42005;0.504669;1.07616;0.023;7.8346;7.2005;0.572388;-2.23889
8.0237;14.4005;0.390094;2.6651;0;8.07419;14.8394;0.591616;-1.37336
8.40491;11.241;0.626165;0.909734;0;8.52966;11.2096;0.743299;1.18258
2.63594;9.8806;0.388678;2.59721;0;2.57102;9.79136;0.366189;1.62172
10.1928;15.0086;0.319595;2.04275;0;10.4158;14.4692;0.44985;-2.138
7.30999;15.2422;0.669317;0.261271;0;8.0172;15.1332;0.696783;-3.02907
4.09244;15.6939;0.200269;1.63603;0;3.76948;16.0648;0.185881;-1.29799
6.29193;15.0332;0.55246;-2.96026;0;6.60107;14.9199;0.691368;2.53359
3.97657;14.6295;0.539202;2.89719;0;4.00658;14.7321;0.761373;2.19587
2.57053;8.51852;0.521865;1.70161;0;2.62738;8.45349;0.588408;1.07902
1.66629;15.9593;0.690384;-0.626834;0;1.3779;16.1532;0.383742;1.14381
7.21366;10.1433;0.453311;1.87943;0;7.25678;10.1551;0.38924;2.12562
-2.53248;13.4729;0.742956;-2.66481;0;-2.39413;13.5014;0.58916;-0.713422
3.03816;9.8221;0.63364;1.83552;0;2.63594;9.8806;0.388678;2.59721
2.28972;12.9382;0.841272;2.58147;0;1.97225;12.6686;0.648223;-2.84034
3.76571;15.5394;0.237991;-0.134387;0;4.09244;15.6939;0.200269;1.63603
1.66691;16.2463;0.249059;0.921128;0;1.45275;16.475;0.161398;-1.49788
1.31196;13.6272;0.319761;0.751218;0;1.69146;13.3183;0.250687;2.32179
8.34723;12.2251;0.525355;2.33615;0;7.98482;12.3618;0.485132;-1.27456
10.8376;15.7729;0.319191;-1.59885;0;10.1928;15.0086;0.319595;2.04275
5.61524;8.58651;0.348698;0.0545842;0;5.70414;8.46668;0.282746;-0.58776
6.03578;13.4441;0.737141;-0.0260262;0;6.26759;13.0187;0.823654;-1.28048
-2.02734;15.0558;0.525826;2.87097;0;-1.92611;14.8491;0.698227;1.3646
9.73626;15.3647;0.590564;-0.986747;0;10.1928;15.0086;0.319595;2.04275
0.510875;14.4497;0.459899;-3.03474;0;0.961769;14.3583;0.512331;-0.205679
0.758577;13.8073;0.19518;2.14525;0;0.412673;13.6771;0.307572;-1.69304
10.8331;16.4599;0.565818;0.771466;0;10.8376;15.7729;0.319191;-1.59885
7.3693;9.8558;0.163308;-2.72481;0;7.25678;10.1551;0.38924;2.12562
5.4841;7.78773;0.264369;1.16159;0;5.70414;8.46668;0.282746;-0.58776
5.56648;15.674;0.249947;-0.901463;0;6.14747;15.5757;0.217448;1.88365
4.30054;11.9305;0.413887;-1.09925;0;4.1515;11.7071;0.765881;-1.3777
3.40532;7.23123;0.470532;-2.54542;0;3.56195;7.12728;0.487557;-2.35478
3.99735;15.1665;0.322231;2.45942;0;3.7542;15.3013;0.653506;-3.0597
9.48296;14.7077;0.831532;-2.43371;0;9.73626;15.3647;0.590564;-0.986747
5.81093;9.72322;0.268716;-2.73058;0;5.72591;9.9195;0.167243;2.4907
7.78277;10.5114;0.354301;1.08668;0;7.62691;10.4918;0.485215;-2.97878
5.93928;14.8497;0.38022;0.369677;0;6.29193;15.0332;0.55246;-2.96026
6.443;8.31774;0.3066;-0.856088;0;6.23606;8.42235;0.296096;-0.114623
3.5747;7.69048;0.599469;-0.336496;0;3.88819;7.45912;0.468845;0.447655
2.23744;12.2902;0.241452;1.21761;0;1.97225;12.6686;0.648223;-2.84034
11.8318;15.8812;0.316354;1.80536;0;10.8376;15.7729;0.319191;-1.59885
4.03864;12.0608;0.496797;-1.65733;0;4.30054;11.9305;0.413887;-1.09925
6.58756;7.79485;0.403988;2.72473;0;6.96796;8.10087;0.167556;-3.11293
8.37893;8.40222;0.586309;-2.79714;0;8.42304;8.23629;0.689412;-1.38776
6.14689;9.39649;0.348314;-0.823088;0;6.54731;9.27914;0.466711;2.75636
-1.50535;16.4285;0.293926;-1.54307;0;-1.42103;16.313;0.363305;0.0260037
1.64285;16.1622;0.45856;1.88942;0;1.66691;16.2463;0.249059;0.921128
8.39546;6.88627;0.524728;-0.747706;0;8.50352;7.10273;0.694029;-2.97649
1.54421;13.7484;0.216674;-2.92362;0;1.31196;13.6272;0.319761;0.751218
7.75497;7.55508;0.686592;-0.383717;0.023;7.53069;7.42005;0.504669;1.07616
5.55846;11.9267;0.652706;-1.56723;0;5.83564;12.2254;0.735154;1.19823
5.93545;13.7461;0.489818;2.68835;0;6.03578;13.4441;0.737141;-0.0260262
1.36812;13.7359;0.493355;-3.11814;0;1.31196;13.6272;0.319761;0.751218
8.50347;7.74437;0.609902;-0.966611;0;8.21686;7.37263;0.467305;2.44655
12.7729;16.1912;0.451124;-1.24805;0;11.8318;15.8812;0.316354;1.80536
5.61835;14.9719;0.40422;2.36308;0;5.93928;14.8497;0.38022;0.369677
6.18733;8.37606;0.59552;1.55623;0;6.23606;8.42235;0.296096;-0.114623
8.43209;8.26418;0.28575;1.83553;0;8.37893;8.40222;0.586309;-2.79714
3.82152;14.8644;0.157803;-2.42656;0;3.99735;15.1665;0.322231;2.45942
5.85434;16.037;0.428834;0.322991;0;5.56648;15.674;0.249947;-0.901463
6.66163;15.1387;0.3231;0.736394;0;6.60107;14.9199;0.691368;2.53359
2.66349;8.00288;0.772231;-0.837248;0;2.54773;8.17804;0.619109;-0.320798
4.23551;12.0087;0.423594;2.29396;0;4.30054;11.9305;0.413887;-1.09925
3.16849;8.16531;0.754696;0.362963;0;2.66349;8.00288;0.772231;-0.837248
3.60742;10.9714;0.568681;1.92217;0;3.60104;10.6759;0.704581;1.83982
3.58992;16.5643;0.264521;-0.208101;0;3.76948;16.0648;0.185881;-1.29799
5.59305;15.2787;0.264217;2.06835;0;5.61835;14.9719;0.40422;2.36308
2.60416;10.5194;0.819313;2.84356;0;2.63498;10.4427;0.593511;-3.12448
13.7519;16.3369;0.593677;2.4439;0;12.7729;16.1912;0.451124;-1.24805
3.48721;7.60145;0.157258;-2.16903;0;3.5747;7.69048;0.599469;-0.336496
-0.275213;16.2003;0.665579;2.85758;0;0.000748767;15.9739;0.771634;1.10978
6.62661;9.248;0.162092;-2.3297;0;6.54731;9.27914;0.466711;2.75636
6.27565;6.08806;0.51557;0.401107;0;5.87556;5.96189;0.413737;-2.5383
4.25872;11.9287;0.492944;-0.136402;0;4.30054;11.9305;0.413887;-1.09925
3.82932;14.2921;0.317868;-2.31432;0;3.69432;14.2056;0.327459;0.558396
1.72367;12.6031;0.270412;0.980256;0;1.97225;12.6686;0.648223;-2.84034
-2.27818;16.2531;0.451036;-0.594995;0;-2.58688;16.2272;0.381343;0.694675
13.1244;15.3984;0.66137;0.775212;0;12.7729;16.1912;0.451124;-1.24805
6.03964;16.1649;0.187184;-1.89986;0;5.85434;16.037;0.428834;0.322991
13.2673;14.4101;0.714256;-1.72326;0;13.1244;15.3984;0.66137;0.775212
3.98396;11.3071;0.332423;-2.80029;0;4.00878;11.5586;0.470974;-1.99805
4.26508;15.9469;0.785978;-0.762512;0;4.29432;15.9883;0.744993;1.787
2.41811;13.8997;0.657103;-2.7811;0;2.28972;12.9382;0.841272;2.58147
6.34493;13.1661;0.693381;-1.04422;0;6.26759;13.0187;0.823654;-1.28048
8.03556;14.4887;0.759098;-1.38368;0;8.0237;14.4005;0.390094;2.6651
7.26439;11.2784;0.361441;-0.824231;0;7.36132;11.0819;0.392227;-1.94174
5.88481;13.4456;0.749158;2.55021;0;6.03578;13.4441;0.737141;-0.0260262
1.82116;9.15506;0.826892;-2.15339;0;1.90289;8.95129;0.498706;2.96151
8.42638;13.8481;0.388552;-0.315145;0;8.62586;14.3564;0.535216;-2.14037
4.35176;8.22162;0.837608;1.1536;0;4.2459;8.38213;0.771226;2.21352
13.7033;13.597;0.32867;0.681149;0;13.2673;14.4101;0.714256;-1.72326
14.4169;13.3882;0.829352;-0.574041;0;13.7033;13.597;0.32867;0.681149
1.92805;12.1932;0.809269;1.34359;0;1.97225;12.6686;0.648223;-2.84034
7.40422;11.5429;0.368373;0.626775;0;7.26439;11.2784;0.361441;-0.824231
5.68634;5.50426;0.633196;-3.0343;0;5.51238;5.64264;0.655424;2.21193
3.89459;12.517;0.190696;-2.47058;0;3.83675;12.5749;0.328031;2.14826
6.61084;9.24679;0.283528;1.49359;0;6.62661;9.248;0.162092;-2.3297
7.24342;10.3438;0.425565;-2.58947;0;7.25678;10.1551;0.38924;2.12562
3.2593;10.4784;0.41384;-2.35473;0;3.56911;10.5393;0.410148;-2.9288
12.525;14.5198;0.535623;1.07168;0;13.2673;14.4101;0.714256;-1.72326
11.0281;16.362;0.188327;0.328307;0;10.8331;16.4599;0.565818;0.771466
5.52179;15.8889;0.587806;1.86819;0;5.85434;16.037;0.428834;0.322991
-1.52916;15.1345;0.638637;-2.67078;0;-1.92611;14.8491;0.698227;1.3646
13.2954;14.4053;0.297202;-2.28782;0;13.2673;14.4101;0.714256;-1.72326
-0.774787;13.885;0.480793;-3.04342;0;-0.826428;14.0655;0.648989;-1.44663
6.23048;8.996;0.176285;-1.80947;0;6.14689;9.39649;0.348314;-0.823088
4.09896;13.7843;0.488503;-0.698163;0;4.08713;13.5022;0.598892;-2.48706
7.32585;9.86724;0.216371;-0.807719;0;7.3693;9.8558;0.163308;-2.72481
2.5379;16.0188;0.504329;-2.93256;0;2.40054;15.8097;0.655739;-0.651804
0.520018;16.331;0.655936;-2.17392;0;0.000748767;15.9739;0.771634;1.10978
10.1302;13.7071;0.768338;0.174113;0;9.54691;13.9742;0.460289;0.030588
9.61632;15.6272;0.206545;-1.97061;0;9.73626;15.3647;0.590564;-0.986747
-0.461086;14.2936;0.698784;2.55612;0;-0.185495;14.3783;0.842001;-1.37605
-0.313275;14.2658;0.557217;-0.75381;0;-0.461086;14.2936;0.698784;2.55612
14.0679;15.4724;0.244555;-1.85238;0;13.7519;16.3369;0.593677;2.4439
3.36786;16.0486;0.587681;-1.13102;0;3.58121;15.9773;0.63576;-1.58701
2.68848;7.46508;0.718402;-1.74091;0;3.08647;7.55335;0.414569;-1.66212
10.2967;14.8948;0.267448;2.70315;0;10.1928;15.0086;0.319595;2.04275
4.9771;5.89495;0.716711;2.85544;0;5.21892;5.76351;0.755045;1.12574
6.07839;16.4531;0.333312;-0.651549;0;6.03964;16.1649;0.187184;-1.89986
5.89941;14.9734;0.306378;-2.11219;0;5.93928;14.8497;0.38022;0.369677
9.53874;15.76;0.176914;-2.4033;0;9.61632;15.6272;0.206545;-1.97061
2.06049;11.778;0.267391;1.38794;0;2.23744;12.2902;0.241452;1.21761
6.68171;5.51821;0.809593;-1.80279;0.343;7.04994;5.75672;0.780933;-1.50591
5.66967;13.3991;0.834275;0.0306338;0;5.88481;13.4456;0.749158;2.55021
7.87151;7.68371;0.298012;2.33393;0.023;7.79058;7.55813;0.195091;2.75914
8.34937;11.7162;0.745164;1.67037;0;8.22784;11.5808;0.374449;1.26659
1.77207;11.5008;0.694766;0.966969;0;2.06049;11.778;0.267391;1.38794
2.75835;9.5584;0.684951;-1.19806;0;2.51531;9.41427;0.490846;-0.0223587
13.5727;14.0441;0.510276;-1.81746;0;13.7033;13.597;0.32867;0.681149
3.53808;10.1713;0.364891;0.667618;0;3.55831;10.0028;0.233182;-0.554139
6.47582;14.4325;0.622918;-0.429655;0;6.28342;13.9816;0.554366;1.14309
3.64441;9.884;0.299518;-0.0142848;0;3.55831;10.0028;0.233182;-0.554139
2.11157;15.7313;0.231619;-0.48881;0;2.00148;15.9186;0.236713;-1.68725
13.254;13.5997;0.570517;2.31673;0;13.7033;13.597;0.32867;0.681149
-0.578106;14.1493;0.66283;2.92685;0;-0.461086;14.2936;0.698784;2.55612
13.7524;14.435;0.71514;-0.398142;0;13.5727;14.0441;0.510276;-1.81746
-0.743439;13.6465;0.734538;-2.33812;0;-0.64163;13.5934;0.788286;-0.724912
4.458;7.30958;0.644411;2.85844;0;4.39719;7.45291;0.635613;1.79951
6.17002;9.76747;0.649628;-1.1919;0;5.84299;9.95376;0.753755;-2.71151
10.0297;14.0619;0.804637;1.11981;0;10.1302;13.7071;0.768338;0.174113
1.46338;13.9025;0.629264;-2.73066;0;1.36812;13.7359;0.493355;-3.11814
7.63616;10.5422;0.439677;-0.348673;0;7.62691;10.4918;0.485215;-2.97878
8.33084;10.9212;0.201482;2.91522;0;8.40491;11.241;0.626165;0.909734
-1.62642;16.0367;0.620962;-2.34695;0;-1.58789;16.1027;0.322428;-1.51001
12.4251;14.0431;0.190859;-1.53328;0;12.525;14.5198;0.535623;1.07168
0.808967;12.2095;0.178677;0.677015;0;1.72367;12.6031;0.270412;0.980256
7.40388;8.0686;0.547277;1.61202;0;7.60641;8.15518;0.589654;-0.0671073
0.258205;14.2607;0.191445;-2.2098;0;0.510875;14.4497;0.459899;-3.03474
6.40063;15.6444;0.500735;3.08963;0;6.39189;15.8923;0.588363;3.10324
0.961294;15.709;0.239631;0.297289;0;1.01779;15.814;0.383005;-2.22137
0.0942004;16.1442;0.679805;-2.48836;0;0.000748767;15.9739;0.771634;1.10978
3.88314;15.7526;0.426181;1.99769;0;3.76571;15.5394;0.237991;-0.134387
-1.79867;16.0687;0.598348;2.93946;0;-1.62642;16.0367;0.620962;-2.34695
-1.71166;14.2005;0.367229;0.347222;0;-1.79791;14.3025;0.640843;0.861853
4.35517;9.90909;0.378674;2.90375;0;4.22641;10.0916;0.55152;0.553466
4.02411;5.83051;0.15596;-1.3297;0.167;4.15907;5.78305;0.404249;2.52204
-2.04969;13.3701;0.291534;-0.728106;0;-2.39413;13.5014;0.58916;-0.713422
8.21791;8.31667;0.46997;-1.90049;0;8.37893;8.40222;0.586309;-2.79714
6.25693;13.0823;0.180329;-0.490073;0;6.08175;12.916;0.495227;1.65993
10.1019;13.738;0.804718;2.20428;0;10.1302;13.7071;0.768338;0.174113
13.8033;16.4143;0.188895;-2.41017;0;13.7519;16.3369;0.593677;2.4439
9.14119;13.8786;0.52093;-2.36674;0;9.54691;13.9742;0.460289;0.030588
7.84295;7.2611;0.249071;0.333627;0.023;7.79058;7.55813;0.195091;2.75914
6.00569;8.69984;0.711073;1.78799;0;6.18733;8.37606;0.59552;1.55623
-2.01981;15.1032;0.835898;-1.17724;0.039;-1.92611;14.8491;0.698227;1.3646
8.44877;11.8576;0.553098;1.97356;0;8.34937;11.7162;0.745164;1.67037
0.935535;15.6513;0.197712;-2.41347;0;0.961294;15.709;0.239631;0.297289
7.56018;10.9645;0.626418;-1.58241;0;7.36132;11.0819;0.392227;-1.94174
7.86367;12.0638;0.783023;-0.16023;0;7.98482;12.3618;0.485132;-1.27456
0.269714;12.1156;0.526443;0.519124;0;0.808967;12.2095;0.178677;0.677015
13.8488;15.8807;0.226327;1.75436;0;14.0679;15.4724;0.244555;-1.85238
-1.9325;16.6335;0.442198;-2.12343;0;-1.65935;16.5478;0.742841;-2.25596
8.61324;13.636;0.74953;1.08207;0;8.42638;13.8481;0.388552;-0.315145
5.9986;14.8382;0.716042;0.626685;0;5.93928;14.8497;0.38022;0.369677
3.31258;10.335;0.577541;-0.953671;0;3.2593;10.4784;0.41384;-2.35473
7.98581;11.1504;0.776803;-0.0362478;0;8.40491;11.241;0.626165;0.909734
7.90358;14.7293;0.373029;0.332564;0;8.07419;14.8394;0.591616;-1.37336
8.02182;11.6929;0.276591;-2.69288;0;8.22784;11.5808;0.374449;1.26659
2.02563;9.58543;0.303266;-0.817299;0;1.91035;9.90572;0.620477;-0.0571375
6.76472;15.84;0.797826;-1.66189;0;6.39189;15.8923;0.588363;3.10324
1.62983;13.1177;0.648144;2.27128;0;1.69146;13.3183;0.250687;2.32179
3.95333;11.5332;0.46224;2.40744;0;4.00878;11.5586;0.470974;-1.99805
-1.98434;14.7169;0.449743;-2.25082;0;-1.92611;14.8491;0.698227;1.3646
3.94649;8.02572;0.152876;-0.175921;0;3.80185;8.19026;0.701904;-1.58422
5.52837;13.13;0.604659;3.13528;0;5.66967;13.3991;0.834275;0.0306338
2.74633;7.7201;0.229045;-2.84413;0;3.08647;7.55335;0.414569;-1.66212
-1.74538;13.4609;0.784563;-0.689096;0;-2.04969;13.3701;0.291534;-0.728106
8.33947;11.2007;0.783565;0.882623;0;8.40491;11.241;0.626165;0.909734
6.35347;13.175;0.668938;0.0464343;0;6.34493;13.1661;0.693381;-1.04422
-0.416482;16.4376;0.593406;2.66592;0;-0.275213;16.2003;0.665579;2.85758
4.09656;15.8848;0.56005;1.03709;0;3.88314;15.7526;0.426181;1.99769
4.13906;15.637;0.248239;-1.37956;0;4.09244;15.6939;0.200269;1.63603
5.85587;15.5318;0.813274;0.546499;0;5.52179;15.8889;0.587806;1.86819
5.61332;8.38792;0.323883;2.7511;0;5.70414;8.46668;0.282746;-0.58776
6.8371;5.83209;0.244188;-0.860761;0.12;6.8707;5.89514;0.486054;1.49052
3.9617;13.7375;0.358671;-2.39912;0;4.09896;13.7843;0.488503;-0.698163
-1.98456;16.4648;0.571872;1.0617;0;-1.9325;16.6335;0.442198;-2.12343
4.55256;6.21369;0.219908;2.8693;0;4.6817;5.79281;0.29871;-0.124599
14.5554;13.5792;0.255444;-1.19623;0;14.4169;13.3882;0.829352;-0.574041
4.18107;11.87;0.285452;-2.24171;0;4.30054;11.9305;0.413887;-1.09925
14.0495;14.5655;0.491356;-2.90856;0;13.7524;14.435;0.71514;-0.398142
-0.307493;15.8734;0.190481;-2.47917;0;-0.164077;15.7462;0.237843;-0.339148
6.23564;15.015;0.581708;-1.18415;0;6.29193;15.0332;0.55246;-2.96026
1.61155;16.3806;0.354662;2.98138;0;1.66691;16.2463;0.249059;0.921128
3.95115;15.4345;0.205278;2.42378;0;3.76571;15.5394;0.237991;-0.134387
5.59912;12.5802;0.364554;2.42018;0;5.86482;12.5176;0.310314;1.66076
13.5148;15.7855;0.379508;-1.01868;0;13.8488;15.8807;0.226327;1.75436
11.6524;13.4988;0.175935;0.0293847;0;12.4251;14.0431;0.190859;-1.53328
3.59599;8.1359;0.188868;-1.19585;0;3.94649;8.02572;0.152876;-0.175921
10.0503;15.02;0.574846;-2.68733;0;10.1928;15.0086;0.319595;2.04275
1.16867;16.5396;0.764284;-1.25332;0;1.3779;16.1532;0.383742;1.14381
6.64838;10.1785;0.402527;0.75018;0;6.68518;10.0628;0.648947;2.33781
6.7602;8.24376;0.495868;1.07229;0;6.76534;8.25758;0.723997;-0.914241
-0.441996;11.4266;0.38997;-2.08013;0;0.269714;12.1156;0.526443;0.519124
6.74323;12.511;0.284592;2.00066;0;6.71381;12.3893;0.390835;-2.0797
3.96933;9.88444;0.218809;3.00598;0;4.17979;10.0586;0.185393;1.88681
3.49195;15.554;0.579581;-1.24748;0;3.27413;15.7348;0.381056;0.0458841
9.54877;16.488;0.537838;0.158046;0;9.53874;15.76;0.176914;-2.4033
7.63785;8.05089;0.178427;-0.132711;0;7.49702;8.02245;0.253397;0.401168
1.90831;16.5895;0.764833;-0.982676;0;1.61155;16.3806;0.354662;2.98138
3.64905;9.91722;0.481874;-3.01148;0;3.64441;9.884;0.299518;-0.0142848
-0.354267;10.4305;0.378429;1.98825;0;-0.441996;11.4266;0.38997;-2.08013
7.07961;15.3452;0.164772;1.01764;0;6.66163;15.1387;0.3231;0.736394
2.59696;16.5173;0.690604;-0.77382;0;2.35791;16.2371;0.309242;1.86678
-1.71476;15.4502;0.383253;-3.03386;0;-1.52916;15.1345;0.638637;-2.67078
0.94862;16.4531;0.426913;-1.52766;0;1.16867;16.5396;0.764284;-1.25332
7.35877;7.27084;0.784463;2.91742;0.023;7.53069;7.42005;0.504669;1.07616
8.16508;11.8434;0.26928;-0.487092;0;8.02182;11.6929;0.276591;-2.69288
-1.14391;15.5643;0.478706;-0.762944;0;-0.872646;15.7501;0.614138;-0.529407
13.9991;14.6714;0.311734;2.59292;0;14.0495;14.5655;0.491356;-2.90856
14.2502;15.5296;0.683328;-2.476;0;14.0679;15.4724;0.244555;-1.85238
2.21228;13.1546;0.776275;-2.20199;0;2.28972;12.9382;0.841272;2.58147
14.5272;16.2191;0.807518;-2.27195;0;14.2502;15.5296;0.683328;-2.476
2.06086;12.0759;0.730274;2.70235;0;1.92805;12.1932;0.809269;1.34359
3.89694;14.0656;0.352961;2.88426;0;3.82932;14.2921;0.317868;-2.31432
11.6335;12.5005;0.229608;3.07666;0;11.6524;13.4988;0.175935;0.0293847
7.83842;14.9895;0.355114;-2.506;0;7.90358;14.7293;0.373029;0.332564
8.18183;12.1944;0.419396;1.41034;0;8.34723;12.2251;0.525355;2.33615
4.28195;5.5348;0.781624;-2.93324;0;4.26058;5.71094;0.431796;-2.38439
5.42831;5.60786;0.726428;-1.00389;0.175;5.51238;5.64264;0.655424;2.21193
4.26153;11.6433;0.738188;0.422914;0;4.1515;11.7071;0.765881;-1.3777
4.03034;14.6416;0.589003;2.70666;0;3.97657;14.6295;0.539202;2.89719
6.79524;9.4681;0.728453;-0.0582863;0;6.71017;9.49172;0.438017;-3.07984
-0.305462;13.5167;0.289341;0.152284;0;-0.360966;13.5384;0.770948;3.05703
-2.02656;15.7457;0.40701;1.66305;0;-1.71476;15.4502;0.383253;-3.03386
-2.57494;13.878;0.242757;2.73878;0.168;-2.48888;13.8211;0.603744;-1.16136
7.44279;6.26807;0.351368;-1.38933;0.433;7.60416;6.16042;0.270454;-2.06277
12.1773;11.6636;0.292483;2.08786;0;11.6335;12.5005;0.229608;3.07666
11.4468;10.9983;0.446812;0.0768949;0;12.1773;11.6636;0.292483;2.08786
6.58971;7.95114;0.518896;1.83804;0;6.58756;7.79485;0.403988;2.72473
11.8623;10.0924;0.364931;2.94809;0;11.4468;10.9983;0.446812;0.0768949
5.95791;12.1219;0.601493;1.0803;0;5.83564;12.2254;0.735154;1.19823
-1.27996;13.8441;0.608009;-2.09704;0;-0.826428;14.0655;0.648989;-1.44663
0.166796;10.1129;0.466887;1.9046;0;-0.354267;10.4305;0.378429;1.98825
11.2394;16.6035;0.16945;0.978409;0;11.0281;16.362;0.188327;0.328307
4.01739;9.78685;0.672873;-1.19675;0;4.22641;10.0916;0.55152;0.553466
2.50007;8.99656;0.469033;-2.45234;0;2.51531;9.41427;0.490846;-0.0223587
9.58482;16.4411;0.545705;-2.95446;0;9.54877;16.488;0.537838;0.158046
7.92344;14.8541;0.45194;-0.0539434;0;7.90358;14.7293;0.373029;0.332564
-0.0527141;12.2546;0.501544;-0.518594;0;0.269714;12.1156;0.526443;0.519124
-0.0238904;16.5571;0.651117;2.39281;0;-0.416482;16.4376;0.593406;2.66592
3.94484;12.7675;0.180615;-1.93971;0;3.89459;12.517;0.190696;-2.47058
2.3284;16.308;0.692766;2.11824;0;2.59696;16.5173;0.690604;-0.77382
0.571657;12.3595;0.813855;-2.51876;0;0.269714;12.1156;0.526443;0.519124
6.93786;16.1822;0.422363;0.977209;0;7.09168;15.8936;0.290435;-1.00793
6.31833;15.6641;0.39009;-2.22487;0;6.40063;15.6444;0.500735;3.08963
9.88464;16.1939;0.67697;-2.65849;0;9.58482;16.4411;0.545705;-2.95446
3.88299;14.7618;0.81515;2.16789;0;4.00658;14.7321;0.761373;2.19587
5.75916;7.89269;0.155618;1.88493;0;5.4841;7.78773;0.264369;1.16159
1.89327;14.1912;0.797765;-2.03169;0;1.46338;13.9025;0.629264;-2.73066
8.1293;11.9879;0.765468;-1.11303;0;7.86367;12.0638;0.783023;-0.16023
11.1966;15.8951;0.391281;-1.38982;0;10.8376;15.7729;0.319191;-1.59885
6.57029;11.8361;0.820391;-2.97654;0;6.34438;12.1419;0.482513;-2.69347
12.3896;12.7968;0.813087;-1.3502;0;11.6335;12.5005;0.229608;3.07666
7.41336;11.7611;0.194358;-2.26126;0;7.40422;11.5429;0.368373;0.626775
3.97814;7.64922;0.253178;2.39586;0;3.92325;7.43382;0.37948;-0.500575
5.61864;6.2875;0.642256;-2.64598;0;5.55315;6.28456;0.323284;-3.06979
12.0882;10.1482;0.754666;-1.51775;0;11.8623;10.0924;0.364931;2.94809
3.44455;8.21073;0.45783;1.42166;0;3.59599;8.1359;0.188868;-1.19585
-1.31978;16.0439;0.789881;1.08083;0;-1.62642;16.0367;0.620962;-2.34695
2.65597;16.366;0.345651;0.0404149;0;2.35791;16.2371;0.309242;1.86678
12.6029;15.7702;0.769219;-1.54739;0;12.7729;16.1912;0.451124;-1.24805
12.4882;10.7909;0.541245;-0.747844;0;12.0882;10.1482;0.754666;-1.51775
6.03803;8.12708;0.747827;-2.68793;0;6.18733;8.37606;0.59552;1.55623
8.47491;6.22081;0.413768;-1.81813;0.124;8.38979;6.28879;0.677031;-2.73425
6.11635;14.2534;0.255319;-2.83639;0;6.28342;13.9816;0.554366;1.14309
6.50968;8.36825;0.307829;-2.15778;0;6.443;8.31774;0.3066;-0.856088
3.75033;10.9712;0.72735;1.6586;0;3.60742;10.9714;0.568681;1.92217
7.88366;14.1927;0.299617;-0.415027;0;8.0237;14.4005;0.390094;2.6651
6.11901;15.288;0.257118;-0.817777;0;6.14747;15.5757;0.217448;1.88365
0.636847;11.5569;0.357439;-0.750348;0;0.269714;12.1156;0.526443;0.519124
14.2152;16.2779;0.366257;-0.649109;0;13.8033;16.4143;0.188895;-2.41017
2.24372;13.7071;0.683404;-2.98451;0;2.41811;13.8997;0.657103;-2.7811
2.46994;9.97654;0.299511;2.77282;0;2.63594;9.8806;0.388678;2.59721
0.163649;16.2991;0.712651;1.47667;0;0.0942004;16.1442;0.679805;-2.48836
7.50356;7.51967;0.411355;2.89307;0.023;7.53069;7.42005;0.504669;1.07616
4.35577;13.0399;0.347728;0.074235;0;4.29601;13.1996;0.178314;-1.84601
12.2379;13.4064;0.726548;-1.80185;0;12.3896;12.7968;0.813087;-1.3502
12.416;9.96777;0.213995;0.986022;0;11.8623;10.0924;0.364931;2.94809
6.30984;16.2369;0.708543;-2.89449;0;6.39189;15.8923;0.588363;3.10324
8.06973;10.0609;0.580047;0.618151;0;8.16181;10.2289;0.595976;-0.997976
2.12518;15.7239;0.190436;1.97247;0;2.11157;15.7313;0.231619;-0.48881
3.76521;11.69;0.737793;-2.68968;0;3.95333;11.5332;0.46224;2.40744
7.33218;15.9791;0.645848;-0.84657;0;7.3775;16.0584;0.556802;-1.12975
-0.40357;9.88983;0.541428;1.96501;0;-0.354267;10.4305;0.378429;1.98825
2.6001;8.55435;0.607696;-1.35529;0;2.57053;8.51852;0.521865;1.70161
0.919982;16.4402;0.277923;-1.20576;0;0.94862;16.4531;0.426913;-1.52766
7.46875;6.42887;0.370376;2.07886;0.433;7.44279;6.26807;0.351368;-1.38933
3.83854;16.5052;0.739544;-2.96349;0;3.58992;16.5643;0.264521;-0.208101
1.73491;11.4396;0.782102;1.45062;0;1.77207;11.5008;0.694766;0.966969
6.63443;11.7804;0.387226;2.91107;0;6.50362;12.1619;0.291755;1.34104
2.46905;16.2977;0.75829;-0.983288;0;2.3284;16.308;0.692766;2.11824
0.181884;16.1567;0.386901;0.0341233;0;0.0942004;16.1442;0.679805;-2.48836
7.41518;10.1261;0.413008;-2.02797;0;7.50673;10.0955;0.468607;1.28252
3.35082;7.90913;0.189206;-0.850631;0;3.59599;8.1359;0.188868;-1.19585
3.40603;16.5564;0.308912;0.896687;0;3.58992;16.5643;0.264521;-0.208101
-0.0321921;10.755;0.843714;-2.7844;0;-0.354267;10.4305;0.378429;1.98825
13.3487;14.001;0.454625;-2.92984;0;13.5727;14.0441;0.510276;-1.81746
11.1842;9.88681;0.479181;-0.0657939;0;11.8623;10.0924;0.364931;2.94809
5.69353;9.76963;0.438316;1.16936;0;5.81093;9.72322;0.268716;-2.73058
5.84397;6.04508;0.665875;-1.4967;0.156;5.87556;5.96189;0.413737;-2.5383
6.40419;9.5743;0.694074;-0.154078;0;6.17002;9.76747;0.649628;-1.1919
7.73421;9.75992;0.538874;-2.39158;0;7.77298;10.1136;0.553123;0.0844869
1.70356;13.7166;0.578738;1.3714;0;1.46338;13.9025;0.629264;-2.73066
5.65958;13.5449;0.225272;0.643419;0;5.93545;13.7461;0.489818;2.68835
-1.14991;14.135;0.760018;1.00084;0;-0.826428;14.0655;0.648989;-1.44663
-0.0874616;15.7686;0.71543;2.79645;0;0.000748767;15.9739;0.771634;1.10978
9.72632;15.9203;0.535403;0.116454;0;9.88464;16.1939;0.67697;-2.65849
3.48552;10.6052;0.626952;-3.12982;0;3.60104;10.6759;0.704581;1.83982
2.29962;9.68896;0.312666;1.51372;0;2.02563;9.58543;0.303266;-0.817299
-0.640209;8.92643;0.415523;-1.86297;0;-0.40357;9.88983;0.541428;1.96501
-1.22593;8.11607;0.399512;1.64237;0;-0.640209;8.92643;0.415523;-1.86297
-2.2006;7.89273;0.411373;-0.538755;0;-1.22593;8.11607;0.399512;1.64237
11.7896;16.4161;0.306226;2.34162;0;11.8318;15.8812;0.316354;1.80536
0.203298;8.38932;0.418917;0.91807;0;-0.640209;8.92643;0.415523;-1.86297
1.75558;16.1882;0.378629;-1.87309;0;1.64285;16.1622;0.45856;1.88942
6.05466;14.0703;0.505058;-1.116;0;6.28342;13.9816;0.554366;1.14309
-3.18729;7.73191;0.435388;-0.0102819;0;-2.2006;7.89273;0.411373;-0.538755
-3.73686;6.89652;0.445074;-1.33717;0;-3.18729;7.73191;0.435388;-0.0102819
-4.22303;6.02313;0.416017;-1.18186;0;-3.73686;6.89652;0.445074;-1.33717
5.52624;8.06093;0.191074;-0.722616;0;5.4841;7.78773;0.264369;1.16159
7.336;5.44829;0.260414;2.16024;0.171;7.54746;5.69356;0.743908;2.97082
-5.14805;6.40289;0.427091;1.70167;0;-4.22303;6.02313;0.416017;-1.18186
-5.64781;5.53776;0.469297;-0.515642;0;-5.14805;6.40289;0.427091;1.70167
-5.83617;4.55593;0.446131;0.972581;0.01;-5.64781;5.53776;0.469297;-0.515642
-5.79669;3.55686;0.429053;-1.44957;0.214;-5.83617;4.55593;0.446131;0.972581
4.04134;14.1321;0.465276;-2.01566;0;3.89694;14.0656;0.352961;2.88426
1.74512;14.2468;0.512981;1.44461;0;1.89327;14.1912;0.797765;-2.03169
5.99563;13.9884;0.356802;2.28492;0;6.05466;14.0703;0.505058;-1.116
5.56014;16.5451;0.327994;1.81563;0;6.07839;16.4531;0.333312;-0.651549
-4.89371;3.44202;0.70875;1.51988;0.214;-5.79669;3.55686;0.429053;-1.44957
6.69415;15.7603;0.760585;-1.59329;0;6.76472;15.84;0.797826;-1.66189
7.12575;7.68761;0.450025;-0.450857;0;7.13142;7.55202;0.68279;0.0315905
3.32672;15.7452;0.723322;1.54912;0;3.49195;15.554;0.579581;-1.24748
-0.32795;8.80027;0.465797;-1.21262;0;-0.640209;8.92643;0.415523;-1.86297
4.15192;13.0875;0.763195;-1.49814;0;3.97759;13.2149;0.682698;1.64018
7.8655;14.3339;0.382045;1.85145;0;7.88366;14.1927;0.299617;-0.415027
-5.26292;3.79633;0.211426;-0.529925;0.214;-5.79669;3.55686;0.429053;-1.44957
12.8507;13.933;0.80577;0.360314;0;13.254;13.5997;0.570517;2.31673
-6.10594;6.17678;0.658761;-2.63117;0;-5.64781;5.53776;0.469297;-0.515642
-0.500491;11.7561;0.364635;1.09777;0;-0.441996;11.4266;0.38997;-2.08013
0.231025;11.0207;0.641169;3.05909;0;-0.0321921;10.755;0.843714;-2.7844
-3.92895;6.59646;0.194251;2.79845;0;-3.73686;6.89652;0.445074;-1.33717
6.25173;14.0395;0.529089;1.21654;0;6.28342;13.9816;0.554366;1.14309
12.0383;13.3226;0.842336;-0.313212;0;12.2379;13.4064;0.726548;-1.80185
1.88269;14.2449;0.519976;-2.52761;0;1.74512;14.2468;0.512981;1.44461
9.73456;14.1935;0.287254;-0.732216;0;9.54691;13.9742;0.460289;0.030588
11.1981;10.4229;0.772652;3.06432;0;11.1842;9.88681;0.479181;-0.0657939
3.71117;10.6734;0.478611;-0.706763;0;3.56911;10.5393;0.410148;-2.9288
2.96026;16.3259;0.6785;-0.0597009;0;3.11512;16.3764;0.516191;2.28493
-4.35091;7.67927;0.546277;-1.39989;0;-3.73686;6.89652;0.445074;-1.33717
9.50006;13.9691;0.455736;-1.37912;0;9.54691;13.9742;0.460289;0.030588
7.89458;10.9571;0.812716;-0.442413;0;7.98581;11.1504;0.776803;-0.0362478
7.22567;15.753;0.323441;2.12465;0;7.09168;15.8936;0.290435;-1.00793
5.84978;13.8618;0.429922;-2.08769;0;5.93545;13.7461;0.489818;2.68835
8.13343;15.731;0.216036;-1.65767;0;8.34868;15.8524;0.436802;-1.65301
6.55146;10.1109;0.173945;0.900105;0;6.64838;10.1785;0.402527;0.75018
14.1417;13.9671;0.221561;-0.718385;0;14.5554;13.5792;0.255444;-1.19623
2.10976;12.5907;0.21496;2.32678;0;2.23744;12.2902;0.241452;1.21761
2.40695;12.4272;0.334173;2.46174;0;2.23744;12.2902;0.241452;1.21761
2.86556;16.0224;0.603638;2.86432;0;2.76283;15.9627;0.833874;-1.95626
9.25495;13.6156;0.840285;-1.16142;0;9.14119;13.8786;0.52093;-2.36674
2.76237;7.98529;0.456524;-2.06839;0;2.54773;8.17804;0.619109;-0.320798
4.1503;10.7702;0.776804;-2.7886;0;3.90349;10.6085;0.681186;-2.51379
8.18872;6.17711;0.189479;-2.10128;0.256;8.47491;6.22081;0.413768;-1.81813
3.47008;15.4927;0.578223;2.29403;0;3.49195;15.554;0.579581;-1.24748
10.3646;16.2032;0.584603;-3.09356;0;9.88464;16.1939;0.67697;-2.65849
7.5669;5.79345;0.527669;-0.432665;0.171;7.73411;5.78609;0.587501;1.3118
-3.89465;3.44571;0.665513;2.20836;0.214;-4.89371;3.44202;0.70875;1.51988
7.86151;8.56192;0.49768;1.19196;0;8.07669;8.57908;0.4589;0.682834
2.14398;8.94304;0.269599;0.795488;0;1.93066;8.97223;0.188828;-2.70638
8.06514;16.47;0.343239;1.03214;0;8.34868;15.8524;0.436802;-1.65301
11.4688;16.0268;0.424949;-0.504564;0;11.1966;15.8951;0.391281;-1.38982
13.3638;16.5828;0.798979;-1.86206;0;13.7519;16.3369;0.593677;2.4439
-2.41292;7.89423;0.670893;-1.3187;0;-2.2006;7.89273;0.411373;-0.538755
14.4633;13.7771;0.730974;2.19946;0;14.4169;13.3882;0.829352;-0.574041
10.2312;10.6689;0.704378;2.8959;0;11.1981;10.4229;0.772652;3.06432
-0.775661;16.4915;0.453639;-1.76084;0;-0.416482;16.4376;0.593406;2.66592
0.417054;16.2013;0.169753;2.36205;0;0.181884;16.1567;0.386901;0.0341233
-2.91722;3.65657;0.67827;-2.96064;0.214;-3.89465;3.44571;0.665513;2.20836
-4.96483;6.09451;0.154131;-2.35581;0;-5.14805;6.40289;0.427091;1.70167
5.47275;5.51885;0.831004;-1.13444;0.344;5.42831;5.60786;0.726428;-1.00389
6.79337;11.8727;0.590652;-1.518;0;6.63443;11.7804;0.387226;2.91107
14.1847;15.7169;0.621909;-2.74398;0;14.2502;15.5296;0.683328;-2.476
5.76252;12.5787;0.443371;1.91048;0;5.86482;12.5176;0.310314;1.66076
5.79888;5.81133;0.316923;-2.00841;0.175;5.87556;5.96189;0.413737;-2.5383
3.62545;10.1882;0.280254;1.06445;0;3.53808;10.1713;0.364891;0.667618
-2.24197;14.9114;0.699928;1.14377;0;-2.02734;15.0558;0.525826;2.87097
6.28351;5.42294;0.666133;-0.563578;0.343;6.68171;5.51821;0.809593;-1.80279
13.5373;15.3266;0.409914;0.516088;0;13.5148;15.7855;0.379508;-1.01868
-0.767854;16.4893;0.196787;0.963655;0;-0.775661;16.4915;0.453639;-1.76084
-0.185539;8.95832;0.790534;-1.35976;0;-0.32795;8.80027;0.465797;-1.21262
8.4136;6.48655;0.20729;-2.57513;0.124;8.47491;6.22081;0.413768;-1.81813
-2.29776;14.4649;0.650317;-2.48481;0.099;-2.45788;14.5293;0.577016;-2.26819
7.89514;10.3111;0.2246;-2.26032;0;7.78277;10.5114;0.354301;1.08668
-2.27366;3.83337;0.685307;-2.68073;0.214;-2.91722;3.65657;0.67827;-2.96064
-4.42032;7.98893;0.563136;-2.08752;0;-4.35091;7.67927;0.546277;-1.39989
2.01758;10.1615;0.490588;1.27961;0;1.95799;10.3145;0.640886;-0.274223
-5.85755;5.79755;0.476234;-1.04199;0;-5.64781;5.53776;0.469297;-0.515642
8.35503;7.98421;0.267681;-2.94175;0;8.43209;8.26418;0.28575;1.83553
1.54077;13.4847;0.843498;-3.02726;0;1.70356;13.7166;0.578738;1.3714
-3.7081;7.97773;0.431952;-2.05282;0;-3.18729;7.73191;0.435388;-0.0102819
2.74699;16.2568;0.840822;0.186742;0;2.96026;16.3259;0.6785;-0.0597009
5.7796;14.261;0.525215;1.52025;0;6.05466;14.0703;0.505058;-1.116
-6.10753;5.87303;0.593316;-2.49938;0;-5.85755;5.79755;0.476234;-1.04199
-4.52053;6.73517;0.773731;-2.56684;0;-5.14805;6.40289;0.427091;1.70167
-1.76641;4.68435;0.549173;2.76473;0.214;-2.27366;3.83337;0.685307;-2.68073
5.86787;8.49045;0.719804;-0.726056;0;6.00569;8.69984;0.711073;1.78799
7.36327;15.4045;0.689801;2.05516;0;7.30999;15.2422;0.669317;0.261271
5.81127;13.0885;0.180563;2.16583;0;6.25693;13.0823;0.180329;-0.490073
4.16175;8.04737;0.563555;-2.47584;0;4.35176;8.22162;0.837608;1.1536
6.36487;5.80726;0.597492;-0.614602;0;6.27565;6.08806;0.51557;0.401107
-4.38625;7.10448;0.200141;1.31112;0.072;-4.35091;7.67927;0.546277;-1.39989
2.20527;8.94334;0.335411;2.51592;0;2.14398;8.94304;0.269599;0.795488
14.3142;14.3592;0.679096;1.11767;0;14.0495;14.5655;0.491356;-2.90856
-2.07596;15.4695;0.689082;0.281765;0;-2.02656;15.7457;0.40701;1.66305
9.77646;15.1711;0.69558;1.5853;0;9.73626;15.3647;0.590564;-0.986747
7.6899;10.1382;0.616465;-2.72696;0;7.77298;10.1136;0.553123;0.0844869
6.39205;10.0408;0.58318;-2.03962;0;6.24538;10.2803;0.635224;-1.15712
10.6413;9.47556;0.211284;-2.75119;0;11.1842;9.88681;0.479181;-0.0657939
-3.44996;3.91068;0.32176;1.79657;0.214;-2.91722;3.65657;0.67827;-2.96064
10.2579;10.2667;0.494208;0.43276;0;10.2312;10.6689;0.704378;2.8959
4.00611;12.4919;0.177136;1.83561;0;3.89459;12.517;0.190696;-2.47058
7.01816;16.0664;0.624247;-0.0126332;0;6.93786;16.1822;0.422363;0.977209
-3.75286;8.04303;0.372011;3.0086;0;-3.7081;7.97773;0.431952;-2.05282
0.529083;16.1285;0.526854;-1.02474;0;0.520018;16.331;0.655936;-2.17392
-0.321841;16.2649;0.615077;2.43677;0;-0.275213;16.2003;0.665579;2.85758
7.81108;12.3072;0.379945;-1.06721;0;7.63226;12.3809;0.445285;2.68363
-6.13611;3.82636;0.287021;0.426501;0.214;-5.79669;3.55686;0.429053;-1.44957
12.6973;13.3735;0.513453;-1.12735;0;12.2379;13.4064;0.726548;-1.80185
8.33663;6.59531;0.180864;-1.99252;0.216;8.4136;6.48655;0.20729;-2.57513
7.75923;14.9887;0.551149;-1.67132;0;7.83842;14.9895;0.355114;-2.506
-0.248046;15.6356;0.782938;-1.42518;0;-0.0874616;15.7686;0.71543;2.79645
3.80433;7.30087;0.436766;-2.92343;0;3.88819;7.45912;0.468845;0.447655
-2.45846;8.33784;0.289465;2.67464;0;-2.2006;7.89273;0.411373;-0.538755
7.4186;12.0154;0.28905;1.46258;0;7.41585;12.2495;0.411299;-1.21627
4.26703;10.837;0.477767;2.12586;0;4.03199;10.6424;0.400236;-2.60684
4.12408;14.1403;0.714869;-2.70397;0;4.04134;14.1321;0.465276;-2.01566
-3.05604;4.08475;0.47916;2.64199;0.214;-3.44996;3.91068;0.32176;1.79657
11.8734;10.4691;0.536748;1.51598;0;11.8623;10.0924;0.364931;2.94809
1.49673;16.1368;0.605451;-0.301257;0;1.64285;16.1622;0.45856;1.88942
1.78481;9.35898;0.567727;-2.89596;0;1.82116;9.15506;0.826892;-2.15339
8.07503;14.4;0.460322;-2.93151;0;8.0237;14.4005;0.390094;2.6651
-0.636684;7.95561;0.820616;-1.97649;0;-1.22593;8.11607;0.399512;1.64237
5.86489;10.0419;0.390375;-0.435668;0;5.71798;10.2303;0.424221;-1.10472
5.99686;5.67508;0.387731;-1.80524;0.369;5.79888;5.81133;0.316923;-2.00841
3.6724;7.08481;0.816071;1.56561;0;3.54068;6.90874;0.643382;-2.69869
5.93582;7.73166;0.438449;-0.504267;0;5.75916;7.89269;0.155618;1.88493
14.5301;15.7873;0.326952;-2.10375;0;14.1847;15.7169;0.621909;-2.74398
3.78261;12.9617;0.465146;-1.86866;0;3.94484;12.7675;0.180615;-1.93971
13.4984;15.6944;0.715205;-2.37886;0;13.5148;15.7855;0.379508;-1.01868
-1.58717;5.20007;0.533923;1.22603;0.214;-1.76641;4.68435;0.549173;2.76473
10.9997;16.0344;0.214694;1.60542;0;11.1966;15.8951;0.391281;-1.38982
1.53282;12.6033;0.579989;-2.64638;0;1.72367;12.6031;0.270412;0.980256
9.74311;9.6016;0.363811;-1.26855;0;10.2579;10.2667;0.494208;0.43276
0.101183;16.4979;0.831644;-2.04299;0;-0.0238904;16.5571;0.651117;2.39281
11.8272;12.1895;0.449606;1.84904;0;11.6335;12.5005;0.229608;3.07666
1.94049;11.7505;0.307904;-2.36751;0;2.06049;11.778;0.267391;1.38794
6.06853;8.807;0.535538;2.85221;0;6.00569;8.69984;0.711073;1.78799
6.67355;5.61154;0.357099;-0.446046;0;6.7638;5.54904;0.378596;2.51232
-1.8426;4.97108;0.400712;-2.70134;0.214;-1.76641;4.68435;0.549173;2.76473
4.03184;8.23785;0.526327;1.10649;0;4.16175;8.04737;0.563555;-2.47584
10.4128;10.2125;0.722711;-0.363852;0;10.2579;10.2667;0.494208;0.43276
2.60921;7.85208;0.179762;-0.804173;0;2.74633;7.7201;0.229045;-2.84413
-6.3415;5.51887;0.606686;2.98871;0;-6.10753;5.87303;0.593316;-2.49938
12.1286;14.2066;0.812255;-1.80855;0;12.525;14.5198;0.535623;1.07168
-1.90661;14.0207;0.670855;-0.275891;0;-1.79791;14.3025;0.640843;0.861853
-1.42872;8.48066;0.783957;-1.3038;0;-1.22593;8.11607;0.399512;1.64237
5.18916;6.09432;0.540428;1.12609;0;4.9771;5.89495;0.716711;2.85544
-6.10918;5.49737;0.799533;0.0189306;0;-6.3415;5.51887;0.606686;2.98871
0.052414;11.0185;0.475238;-1.64292;0;0.231025;11.0207;0.641169;3.05909
-5.50168;5.71246;0.32187;-0.532915;0;-5.64781;5.53776;0.469297;-0.515642
9.82407;9.00675;0.733206;-1.08051;0.05;9.74311;9.6016;0.363811;-1.26855
11.6923;13.7949;0.397834;0.771615;0;11.6524;13.4988;0.175935;0.0293847
8.31001;12.3477;0.3878;-1.94743;0;8.34723;12.2251;0.525355;2.33615
3.20516;10.446;0.679845;-0.256108;0;3.31258;10.335;0.577541;-0.953671
-0.642286;13.5836;0.733776;-1.52366;0;-0.64163;13.5934;0.788286;-0.724912
9.77885;11.2076;0.278184;-1.63373;0;10.2312;10.6689;0.704378;2.8959
1.21146;14.4202;0.523814;-2.49594;0;0.961769;14.3583;0.512331;-0.205679
7.24589;6.02433;0.338685;2.0812;0.433;7.44279;6.26807;0.351368;-1.38933
7.73156;13.8313;0.690277;-0.557315;0;7.88366;14.1927;0.299617;-0.415027
-4.32596;4.16445;0.752993;1.81957;0.214;-3.89465;3.44571;0.665513;2.20836
6.0169;13.7154;0.32184;-0.751225;0;5.93545;13.7461;0.489818;2.68835
8.0471;10.936;0.757509;2.96176;0;7.89458;10.9571;0.812716;-0.442413
-4.9126;6.56539;0.680681;3.11359;0;-5.14805;6.40289;0.427091;1.70167
6.2388;14.1266;0.375857;1.75451;0;6.25173;14.0395;0.529089;1.21654
-1.44922;15.9815;0.393799;-1.11132;0;-1.58789;16.1027;0.322428;-1.51001
-5.8129;4.55528;0.497644;2.26775;0.02;-5.83617;4.55593;0.446131;0.972581
0.894682;15.8769;0.419788;1.48108;0;1.01779;15.814;0.383005;-2.22137
6.08229;8.2632;0.435772;0.0431714;0;6.18733;8.37606;0.59552;1.55623
2.97586;7.5429;0.339335;1.34981;0;3.08647;7.55335;0.414569;-1.66212
11.6742;10.8054;0.445831;2.08976;0;11.4468;10.9983;0.446812;0.0768949
-2.13135;15.6807;0.655991;-2.98134;0;-2.07596;15.4695;0.689082;0.281765
-0.509467;8.29384;0.617537;2.37485;0;-0.636684;7.95561;0.820616;-1.97649
-0.233493;14.1624;0.527424;-2.44182;0;-0.313275;14.2658;0.557217;-0.75381
4.04328;16.2325;0.341637;0.0662786;0;3.76948;16.0648;0.185881;-1.29799
5.55816;11.7805;0.590153;-2.63299;0;5.55846;11.9267;0.652706;-1.56723
5.82435;8.46725;0.341082;-1.55548;0;5.70414;8.46668;0.282746;-0.58776
10.0739;15.7113;0.812511;-2.26068;0;9.72632;15.9203;0.535403;0.116454
5.90637;13.8256;0.832013;2.86134;0;5.93545;13.7461;0.489818;2.68835
-3.99227;4.00156;0.206802;-2.13165;0.214;-3.44996;3.91068;0.32176;1.79657
6.2553;8.14076;0.397139;-2.317;0;6.08229;8.2632;0.435772;0.0431714
-0.217363;15.9171;0.208368;-0.610671;0;-0.307493;15.8734;0.190481;-2.47917
8.40317;6.28579;0.31229;-2.42484;0.124;8.47491;6.22081;0.413768;-1.81813
-3.90021;5.9123;0.764047;1.31219;0;-4.22303;6.02313;0.416017;-1.18186
13.1577;13.5972;0.399174;-3.10262;0;13.254;13.5997;0.570517;2.31673
1.58498;12.0972;0.797968;2.96853;0;1.92805;12.1932;0.809269;1.34359
13.0471;14.3929;0.415605;-0.0679206;0;13.2954;14.4053;0.297202;-2.28782
4.82664;6.4345;0.761535;0.78763;0;5.18916;6.09432;0.540428;1.12609
-3.06984;8.00946;0.672545;2.46885;0;-3.18729;7.73191;0.435388;-0.0102819
-0.336954;8.67966;0.412497;-0.665457;0;-0.32795;8.80027;0.465797;-1.21262
-2.48767;15.1117;0.827414;-2.12825;0;-2.24197;14.9114;0.699928;1.14377
1.83024;9.59416;0.307947;2.21928;0;2.02563;9.58543;0.303266;-0.817299
11.9769;13.8239;0.333174;-0.807027;0;11.6923;13.7949;0.397834;0.771615
4.03596;8.09225;0.437002;-1.10761;0;4.03184;8.23785;0.526327;1.10649
9.72735;14.3276;0.510161;1.10073;0;9.73456;14.1935;0.287254;-0.732216
-5.75466;5.19502;0.73025;2.17392;0.07;-5.64781;5.53776;0.469297;-0.515642
-0.818034;5.8034;0.323148;2.17769;0.214;-1.58717;5.20007;0.533923;1.22603
-5.31693;6.01655;0.326384;0.470662;0;-5.50168;5.71246;0.32187;-0.532915
14.2009;15.6519;0.619201;2.87901;0;14.1847;15.7169;0.621909;-2.74398
8.26101;8.25112;0.347214;-2.00909;0;8.21791;8.31667;0.46997;-1.90049
7.91478;15.3645;0.548908;-2.54806;0;8.0172;15.1332;0.696783;-3.02907
3.32844;10.0835;0.155396;-1.52456;0;3.55831;10.0028;0.233182;-0.554139
8.23283;15.5831;0.808708;0.751754;0;7.91478;15.3645;0.548908;-2.54806
12.6062;13.7418;0.320789;-0.732166;0;12.4251;14.0431;0.190859;-1.53328
1.74763;13.7324;0.47554;1.53639;0;1.70356;13.7166;0.578738;1.3714
4.07278;6.15824;0.19436;0.666541;0.128;4.14689;6.28849;0.411603;-1.80324
2.09788;13.0039;0.268997;1.74076;0;1.83069;13.1679;0.237362;-0.132527
-3.54583;4.13176;0.486795;-0.873339;0.214;-3.44996;3.91068;0.32176;1.79657
9.19461;13.8687;0.582252;3.11266;0;9.14119;13.8786;0.52093;-2.36674
-2.24992;5.225;0.475838;-2.82757;0.214;-1.8426;4.97108;0.400712;-2.70134
3.99869;13.4782;0.190629;0.0748388;0;3.86126;13.4931;0.173291;0.494173
0.148418;11.4307;0.658637;-0.0614102;0;0.231025;11.0207;0.641169;3.05909
11.2271;9.68896;0.371498;-1.24325;0;11.1842;9.88681;0.479181;-0.0657939
-1.25001;16.3847;0.597725;0.800921;0;-1.42103;16.313;0.363305;0.0260037
12.2808;11.0828;0.583213;2.23868;0;12.4882;10.7909;0.541245;-0.747844
10.2622;9.43701;0.29994;0.90525;0;10.6413;9.47556;0.211284;-2.75119
7.7486;8.11835;0.246496;-2.58054;0;7.63785;8.05089;0.178427;-0.132711
0.175004;5.7258;0.234528;-3.03864;0.214;-0.818034;5.8034;0.323148;2.17769
10.3859;8.18581;0.631276;-1.08584;0.19;9.82407;9.00675;0.733206;-1.08051
-5.39456;5.77915;0.683596;0.410673;0;-5.50168;5.71246;0.32187;-0.532915
2.39384;9.18633;0.703252;2.59597;0;2.50007;8.99656;0.469033;-2.45234
-4.94527;3.82914;0.638571;1.43144;0.214;-4.89371;3.44202;0.70875;1.51988
2.68562;9.73223;0.400441;-1.25768;0;2.57102;9.79136;0.366189;1.62172
2.42476;15.907;0.475993;-2.0585;0;2.5379;16.0188;0.504329;-2.93256
0.389374;8.49506;0.634711;2.75231;0;0.203298;8.38932;0.418917;0.91807
3.20763;15.6524;0.752525;1.25052;0;3.32672;15.7452;0.723322;1.54912
10.1253;14.9226;0.606177;1.75302;0;10.0503;15.02;0.574846;-2.68733
7.81551;15.991;0.415855;2.62166;0;8.13343;15.731;0.216036;-1.65767
-2.73092;4.20326;0.838396;-2.11097;0.214;-3.05604;4.08475;0.47916;2.64199
6.30767;15.4987;0.515239;-1.57977;0;6.40063;15.6444;0.500735;3.08963
10.0587;15.2851;0.218782;-2.27977;0;10.1928;15.0086;0.319595;2.04275
13.9968;16.0755;0.235025;-0.69683;0;13.8488;15.8807;0.226327;1.75436
-0.897905;14.044;0.181617;1.85062;0;-0.774787;13.885;0.480793;-3.04342
6.88857;8.39459;0.370826;2.80634;0;6.7602;8.24376;0.495868;1.07229
-0.11192;5.99007;0.81747;-2.02321;0.214;0.175004;5.7258;0.234528;-3.03864
-4.15252;5.76896;0.366964;1.74668;0;-4.22303;6.02313;0.416017;-1.18186
9.84824;10.393;0.321705;-0.631181;0;10.2579;10.2667;0.494208;0.43276
3.55358;16.4107;0.567813;-0.820713;0;3.40603;16.5564;0.308912;0.896687
9.55805;13.6608;0.240396;0.439787;0;9.50006;13.9691;0.455736;-1.37912
0.98022;6.23913;0.531373;2.53922;0.214;0.175004;5.7258;0.234528;-3.03864
-1.5199;8.52269;0.644916;-1.56674;0;-1.42872;8.48066;0.783957;-1.3038
4.1157;12.6253;0.813476;1.08498;0;4.26367;12.5256;0.476393;-0.975195
14.6399;16.4374;0.702664;-2.83516;0;14.5272;16.2191;0.807518;-2.27195
4.18754;12.2475;0.540856;2.56303;0;4.03864;12.0608;0.496797;-1.65733
3.95774;5.63677;0.544032;-0.430291;0;4.15907;5.78305;0.404249;2.52204
2.46966;7.66413;0.418108;-2.02085;0;2.60921;7.85208;0.179762;-0.804173
13.9725;14.2038;0.809627;-2.27452;0;13.7524;14.435;0.71514;-0.398142
0.157212;13.7646;0.839727;-1.85735;0;-0.360966;13.5384;0.770948;3.05703
13.8211;14.2066;0.50824;-1.16044;0;13.5727;14.0441;0.510276;-1.81746
10.9142;7.60566;0.305388;1.78098;0.19;10.3859;8.18581;0.631276;-1.08584
-5.22769;6.0773;0.452674;-2.2121;0;-5.31693;6.01655;0.326384;0.470662
5.8198;13.8455;0.452893;-0.136842;0;5.84978;13.8618;0.429922;-2.08769
10.4179;9.74184;0.586729;-1.11328;0;10.2622;9.43701;0.29994;0.90525
11.77;8.09411;0.475382;-1.72374;0.343;10.9142;7.60566;0.305388;1.78098
-2.54287;7.88563;0.535362;-1.63304;0;-2.41292;7.89423;0.670893;-1.3187
3.70567;7.13117;0.494021;2.27744;0;3.56195;7.12728;0.487557;-2.35478
3.74994;10.1006;0.80718;2.56746;0;3.51192;9.93122;0.621874;2.93862
7.21946;12.032;0.335902;2.77896;0;7.4186;12.0154;0.28905;1.46258
9.90558;16.5857;0.402259;-1.97818;0;9.58482;16.4411;0.545705;-2.95446
4.29968;12.537;0.175238;1.14245;0;4.27581;12.5206;0.466834;2.17959
9.77984;13.8945;0.443355;-2.01208;0;9.54691;13.9742;0.460289;0.030588
0.36139;13.9718;0.409261;2.54195;0;0.412673;13.6771;0.307572;-1.69304
9.66267;16.5407;0.686163;-0.493859;0;9.58482;16.4411;0.545705;-2.95446
-5.47319;5.85448;0.721094;1.28599;0.132;-5.39456;5.77915;0.683596;0.410673
-6.27534;3.88121;0.486375;-1.25284;0.389;-6.13611;3.82636;0.287021;0.426501
5.99567;8.34617;0.452279;0.71945;0;6.08229;8.2632;0.435772;0.0431714
-2.61488;3.79432;0.458999;-2.21948;0.214;-2.91722;3.65657;0.67827;-2.96064
-2.25624;15.2984;0.525588;0.780849;0;-2.07596;15.4695;0.689082;0.281765
8.51449;12.1001;0.57146;0.115059;0;8.34723;12.2251;0.525355;2.33615
2.81389;16.2488;0.19283;0.222739;0;2.65597;16.366;0.345651;0.0404149
10.1392;16.3298;0.290263;2.48801;0;9.90558;16.5857;0.402259;-1.97818
13.7043;15.6331;0.813508;-2.86459;0;13.4984;15.6944;0.715205;-2.37886
-2.85233;4.11962;0.329743;-0.422153;0.214;-3.05604;4.08475;0.47916;2.64199
5.70808;7.87591;0.74256;2.1375;0;5.93582;7.73166;0.438449;-0.504267
-1.55741;14.7488;0.535107;-0.301437;0;-1.57974;14.4919;0.395787;1.47578
1.88591;13.898;0.840359;1.30129;0;1.89327;14.1912;0.797765;-2.03169
-2.2635;6.05216;0.365654;0.00946526;0.214;-2.24992;5.225;0.475838;-2.82757
-2.42528;8.18736;0.451974;-0.451104;0;-2.45846;8.33784;0.289465;2.67464
10.2656;14.9567;0.1914;-2.43305;0;10.2967;14.8948;0.267448;2.70315
-0.118304;14.1705;0.681294;-2.83916;0;-0.233493;14.1624;0.527424;-2.44182
12.0893;7.65528;0.71825;1.17285;0.343;11.77;8.09411;0.475382;-1.72374
8.32495;14.6886;0.821597;2.09892;0;8.03556;14.4887;0.759098;-1.38368
3.79898;6.25242;0.151116;-0.0583894;0.128;4.07278;6.15824;0.19436;0.666541
-2.14593;13.3473;0.420398;-1.59707;0.214;-2.04969;13.3701;0.291534;-0.728106
14.0472;15.9382;0.830965;1.15977;0;14.1847;15.7169;0.621909;-2.74398
3.37483;16.1883;0.437443;-1.98648;0;3.36786;16.0486;0.587681;-1.13102
-3.82771;5.65785;0.756993;-2.80917;0;-3.90021;5.9123;0.764047;1.31219
-4.34977;6.56125;0.604143;-0.807471;0;-4.52053;6.73517;0.773731;-2.56684
14.3348;14.407;0.823562;-1.20107;0;14.3142;14.3592;0.679096;1.11767
7.75092;12.2592;0.346827;2.14393;0;7.81108;12.3072;0.379945;-1.06721
-0.379481;16.163;0.811865;-2.83121;0;-0.275213;16.2003;0.665579;2.85758
4.10033;10.2757;0.538314;-0.63753;0;4.22641;10.0916;0.55152;0.553466
10.1026;14.7727;0.502734;-1.52568;0;10.1253;14.9226;0.606177;1.75302
12.4678;12.7131;0.847456;-1.0221;0;12.3896;12.7968;0.813087;-1.3502
1.96328;6.16083;0.365673;2.47659;0.214;0.98022;6.23913;0.531373;2.53922
-2.99177;4.16727;0.707721;1.98424;0.214;-3.05604;4.08475;0.47916;2.64199
1.05598;11.5635;0.191559;1.5742;0;0.636847;11.5569;0.357439;-0.750348
3.79321;12.8669;0.839901;0.161962;0;3.78261;12.9617;0.465146;-1.86866
2.40492;9.55298;0.453984;-0.911254;0;2.51531;9.41427;0.490846;-0.0223587
-4.40561;6.35246;0.235752;-0.333809;0;-4.22303;6.02313;0.416017;-1.18186
-1.12177;8.55046;0.659353;1.18601;0;-1.42872;8.48066;0.783957;-1.3038
2.76198;15.8397;0.424;0.179013;0;2.75344;15.7082;0.586583;-0.45574
1.90479;5.17115;0.496492;-1.45033;0.214;1.96328;6.16083;0.365673;2.47659
2.22581;9.59612;0.635946;-1.81964;0;2.40492;9.55298;0.453984;-0.911254
1.73864;4.18973;0.592442;2.46516;0.214;1.90479;5.17115;0.496492;-1.45033
-0.375631;11.7311;0.31268;1.56192;0;-0.500491;11.7561;0.364635;1.09777
1.73036;12.7754;0.586927;1.52665;0;1.53282;12.6033;0.579989;-2.64638
13.4217;14.1679;0.180803;-0.58273;0;13.2954;14.4053;0.297202;-2.28782
-1.33813;15.9679;0.263938;-0.466142;0;-1.44922;15.9815;0.393799;-1.11132
12.7801;15.8254;0.48415;-2.70789;0;12.6029;15.7702;0.769219;-1.54739
2.89784;16.1544;0.694681;0.153187;0;2.86556;16.0224;0.603638;2.86432
2.13512;9.5921;0.380514;0.297451;0;2.02563;9.58543;0.303266;-0.817299
13.0733;7.5571;0.569271;-0.978481;0.536;12.0893;7.65528;0.71825;1.17285
