8.12098;11.6305;0.503883;-0.193973;0;7.14806;11.3998;0.49055;1.12921
8.45598;10.6883;0.506855;2.31712;0;8.12098;11.6305;0.503883;-0.193973
6.3066;13.0955;0.784017;0.289024;0;5.36545;13.3955;0.628245;-2.89886
7.94582;9.82843;0.488059;-1.24292;0;8.45598;10.6883;0.506855;2.31712
6.56875;11.9471;0.752737;-0.87539;0;6.2602;11.8594;0.469829;2.75812
7.18005;12.2359;0.273358;-0.729828;0;6.56875;11.9471;0.752737;-0.87539
6.16297;12.1485;0.407308;-2.67292;0;6.2602;11.8594;0.469829;2.75812
7.45825;12.1971;0.517245;2.49263;0;7.18005;12.2359;0.273358;-0.729828
6.9862;9.55968;0.404958;1.1388;0;7.94582;9.82843;0.488059;-1.24292
6.1544;9.00597;0.443674;-2.87509;0;6.9862;9.55968;0.404958;1.1388
5.77354;8.08146;0.459045;0.758133;0;6.1544;9.00597;0.443674;-2.87509
7.72614;10.4222;0.55981;-0.566465;0;7.94582;9.82843;0.488059;-1.24292
6.70859;15.5736;0.902846;-2.41653;0;5.7635;15.2783;1.04296;-2.14225
6.48786;8.56998;0.701872;-3.05213;0;6.1544;9.00597;0.443674;-2.87509
7.68742;15.4025;0.790498;-1.67635;0;6.70859;15.5736;0.902846;-2.41653
5.70164;7.72036;0.267426;1.0383;0;5.77354;8.08146;0.459045;0.758133
6.85496;7.64074;0.743722;-1.49963;0;6.48786;8.56998;0.701872;-3.05213
6.2913;14.2714;0.178223;-1.57368;0;5.48809;14.3863;0.684482;-2.18503
5.84937;14.9455;0.191136;1.07653;0;6.2913;14.2714;0.178223;-1.57368
7.66941;7.06146;0.710438;0.514331;0;6.85496;7.64074;0.743722;-1.49963
7.40585;6.09705;0.68953;2.99787;0;7.66941;7.06146;0.710438;0.514331
8.24541;5.5545;0.661457;0.459327;0;7.40585;6.09705;0.68953;2.99787
7.86772;16.336;0.480263;0.621672;0;7.68742;15.4025;0.790498;-1.67635
6.63416;5.4614;0.668071;0.251481;0;7.40585;6.09705;0.68953;2.99787
5.9856;8.95887;0.614609;-0.396727;0;6.1544;9.00597;0.443674;-2.87509
7.10184;8.11275;0.167164;-2.11582;0;6.85496;7.64074;0.743722;-1.49963
8.27494;7.10178;0.614367;-2.09888;0.032;7.66941;7.06146;0.710438;0.514331
5.63899;5.46539;0.570051;2.51309;0;6.63416;5.4614;0.668071;0.251481
8.4343;6.07861;0.644244;-2.58599;0;8.24541;5.5545;0.661457;0.459327
4.63913;5.46628;0.586564;-0.74388;0;5.63899;5.46539;0.570051;2.51309
3.68256;5.7572;0.568061;2.46282;0;4.63913;5.46628;0.586564;-0.74388
8.54242;14.8839;0.787068;0.0948127;0;7.68742;15.4025;0.790498;-1.67635
8.33432;7.89575;0.298929;-0.316486;0.032;8.27494;7.10178;0.614367;-2.09888
6.55547;8.68345;0.406829;-1.55272;0;6.48786;8.56998;0.701872;-3.05213
6.20526;12.0431;0.579775;-0.522285;0;6.16297;12.1485;0.407308;-2.67292
3.84213;6.73581;0.697877;1.63244;0;3.68256;5.7572;0.568061;2.46282
9.51048;14.6731;0.651388;-1.77575;0;8.54242;14.8839;0.787068;0.0948127
3.12737;7.43174;0.628586;-0.796608;0;3.84213;6.73581;0.697877;1.63244
4.36767;6.39674;0.239114;-2.51693;0;3.84213;6.73581;0.697877;1.63244
2.18782;7.77339;0.605652;-2.81463;0;3.12737;7.43174;0.628586;-0.796608
8.49528;14.8693;0.625836;2.54533;0;8.54242;14.8839;0.787068;0.0948127
10.427;15.0657;0.574996;2.6047;0;9.51048;14.6731;0.651388;-1.77575
1.64757;8.61483;0.616284;-2.75414;0;2.18782;7.77339;0.605652;-2.81463
1.83685;9.57809;0.425751;-3.08099;0;1.64757;8.61483;0.616284;-2.75414
4.26827;7.63744;0.623896;-1.49891;0;3.84213;6.73581;0.697877;1.63244
1.93344;10.32;0.369023;-0.0277834;0;1.83685;9.57809;0.425751;-3.08099
7.64483;7.6737;0.213693;3.11635;0;7.10184;8.11275;0.167164;-2.11582
7.21462;10.5318;0.502639;-1.31567;0;7.72614;10.4222;0.55981;-0.566465
6.62693;12.4796;0.713585;-0.071194;0;6.56875;11.9471;0.752737;-0.87539
4.40612;6.98035;0.447648;2.54169;0;4.36767;6.39674;0.239114;-2.51693
5.68179;6.19823;0.521099;-3.08887;0;5.63899;5.46539;0.570051;2.51309
8.35944;13.8833;0.722825;1.42341;0;8.49528;14.8693;0.625836;2.54533
6.70356;7.62223;0.332819;-0.167505;0;6.85496;7.64074;0.743722;-1.49963
8.79277;14.2841;0.598311;1.56251;0;8.35944;13.8833;0.722825;1.42341
6.06875;13.8536;0.344367;-2.64106;0;6.2913;14.2714;0.178223;-1.57368
6.12994;14.9987;0.530202;-1.92271;0;5.84937;14.9455;0.191136;1.07653
8.26043;5.50304;0.573397;-1.35385;0.188;8.24541;5.5545;0.661457;0.459327
7.87779;6.88265;0.384336;0.163386;0;7.66941;7.06146;0.710438;0.514331
8.47485;12.3449;0.425961;2.8211;0;8.12098;11.6305;0.503883;-0.193973
6.9685;16.4171;0.294722;1.83115;0;7.86772;16.336;0.480263;0.621672
11.1123;15.7921;0.627472;-2.59454;0;10.427;15.0657;0.574996;2.6047
8.2578;6.12831;0.495306;-2.0358;0.132;8.4343;6.07861;0.644244;-2.58599
8.54637;6.20419;0.676663;-1.80453;0.124;8.4343;6.07861;0.644244;-2.58599
12.0611;16.1069;0.604198;2.15617;0;11.1123;15.7921;0.627472;-2.59454
10.9883;16.2683;0.213632;2.1324;0;11.1123;15.7921;0.627472;-2.59454
8.08295;6.65009;0.181911;2.09053;0;7.87779;6.88265;0.384336;0.163386
8.19518;11.1043;0.84572;-2.11698;0;8.45598;10.6883;0.506855;2.31712
13.0016;16.4175;0.465957;2.16221;0;12.0611;16.1069;0.604198;2.15617
1.93109;8.58752;0.771174;-0.143566;0;1.64757;8.61483;0.616284;-2.75414
6.65559;6.24746;0.599839;-2.29694;0;7.40585;6.09705;0.68953;2.99787
8.26006;7.35008;0.701306;-1.78625;0.044;8.27494;7.10178;0.614367;-2.09888
2.82305;9.52276;0.581808;-0.190675;0;1.83685;9.57809;0.425751;-3.08099
7.5797;11.1628;0.597854;-3.01085;0;7.14806;11.3998;0.49055;1.12921
12.3107;16.373;0.234862;-2.93535;0;12.0611;16.1069;0.604198;2.15617
8.06017;15.5001;0.654656;0.367158;0;7.68742;15.4025;0.790498;-1.67635
9.97477;15.541;0.449463;0.495202;0;10.427;15.0657;0.574996;2.6047
10.5136;16.0443;0.317242;-0.816987;0;10.9883;16.2683;0.213632;2.1324
13.9329;16.1315;0.240425;2.89244;0;13.0016;16.4175;0.465957;2.16221
5.96939;16.4321;0.255231;1.4645;0;6.9685;16.4171;0.294722;1.83115
14.25;15.2551;0.60286;-1.3888;0;13.9329;16.1315;0.240425;2.89244
3.29495;9.69174;0.546895;-1.89935;0;2.82305;9.52276;0.581808;-0.190675
6.38761;12.4228;0.844634;-0.538856;0;6.62693;12.4796;0.713585;-0.071194
6.20713;14.1247;0.303577;-0.700135;0;6.2913;14.2714;0.178223;-1.57368
7.55675;6.29771;0.747172;0.0899038;0;7.40585;6.09705;0.68953;2.99787
2.8707;8.26991;0.623845;1.17637;0;2.18782;7.77339;0.605652;-2.81463
6.12953;10.0754;0.391213;-1.05763;0;6.9862;9.55968;0.404958;1.1388
5.63867;10.0012;0.662951;-2.83326;0;6.12953;10.0754;0.391213;-1.05763
14.2676;14.2583;0.523986;0.68208;0;14.25;15.2551;0.60286;-1.3888
7.85064;11.0761;0.28006;-1.53821;0;7.5797;11.1628;0.597854;-3.01085
7.66382;12.186;0.1524;3.00272;0;7.45825;12.1971;0.517245;2.49263
6.15741;12.2611;0.294823;1.38931;0;6.16297;12.1485;0.407308;-2.67292
7.63426;7.15871;0.33707;-3.01355;0;7.87779;6.88265;0.384336;0.163386
11.9908;16.3519;0.306727;1.26904;0;12.3107;16.373;0.234862;-2.93535
7.93268;12.1028;0.337767;2.08055;0;7.66382;12.186;0.1524;3.00272
7.83965;5.56559;0.691919;-1.3186;0.184;8.24541;5.5545;0.661457;0.459327
6.41988;8.3722;0.801804;1.42801;0;6.48786;8.56998;0.701872;-3.05213
9.97617;15.8521;0.156251;-1.88264;0;9.97477;15.541;0.449463;0.495202
7.65404;14.4948;0.235854;-0.688726;0;8.49528;14.8693;0.625836;2.54533
7.93541;7.22135;0.509812;0.521014;0;7.63426;7.15871;0.33707;-3.01355
9.70795;13.7632;0.657019;1.40455;0;9.51048;14.6731;0.651388;-1.77575
13.616;13.5014;0.573873;0.116716;0;14.2676;14.2583;0.523986;0.68208
14.1539;15.9894;0.394499;-1.37479;0;13.9329;16.1315;0.240425;2.89244
7.08653;12.1248;0.731602;2.99137;0;7.45825;12.1971;0.517245;2.49263
1.93591;9.27356;0.549286;-1.96489;0;1.83685;9.57809;0.425751;-3.08099
2.91567;7.39286;0.223364;2.01449;0;3.12737;7.43174;0.628586;-0.796608
1.97736;8.39424;0.17129;-2.45234;0;1.64757;8.61483;0.616284;-2.75414
12.6592;13.3425;0.330499;2.85839;0;13.616;13.5014;0.573873;0.116716
6.14297;15.1988;0.352635;-1.95404;0;6.12994;14.9987;0.530202;-1.92271
6.87177;5.87402;0.649679;1.57006;0;6.65559;6.24746;0.599839;-2.29694
8.32933;6.44253;0.245954;2.57003;0;8.08295;6.65009;0.181911;2.09053
8.03167;15.7659;0.492351;-1.00132;0;8.06017;15.5001;0.654656;0.367158
8.26047;11.6504;0.381276;1.65738;0;8.12098;11.6305;0.503883;-0.193973
12.4365;12.3684;0.291724;2.7973;0;12.6592;13.3425;0.330499;2.85839
5.02086;5.62399;0.497319;0.618148;0;4.63913;5.46628;0.586564;-0.74388
5.93692;15.905;0.342914;1.65454;0;5.96939;16.4321;0.255231;1.4645
7.43853;7.1351;0.401055;-1.21145;0.04;7.63426;7.15871;0.33707;-3.01355
8.93854;14.616;0.473405;2.57175;0;8.79277;14.2841;0.598311;1.56251
12.5976;11.3856;0.382647;-2.10963;0;12.4365;12.3684;0.291724;2.7973
7.75573;15.3731;0.587437;1.19925;0;7.68742;15.4025;0.790498;-1.67635
14.3986;13.3793;0.592766;2.95706;0;13.616;13.5014;0.573873;0.116716
4.09168;7.41982;0.81179;2.18514;0;4.26827;7.63744;0.623896;-1.49891
6.40471;14.6202;0.442471;0.55087;0;6.2913;14.2714;0.178223;-1.57368
12.2556;16.2499;0.578908;0.344517;0;12.0611;16.1069;0.604198;2.15617
12.4885;10.3961;0.477147;2.27795;0;12.5976;11.3856;0.382647;-2.10963
5.28081;5.97014;0.420699;0.893895;0;5.02086;5.62399;0.497319;0.618148
4.80462;5.85755;0.599612;-2.55819;0;5.02086;5.62399;0.497319;0.618148
13.7172;14.8497;0.182448;0.631002;0;14.25;15.2551;0.60286;-1.3888
11.4937;10.47;0.406963;2.62296;0;12.4885;10.3961;0.477147;2.27795
6.27665;9.92814;0.392223;-1.41207;0;6.12953;10.0754;0.391213;-1.05763
7.51372;7.55375;0.773534;-2.19881;0;7.66941;7.06146;0.710438;0.514331
5.76686;7.72483;0.535803;0.442776;0;5.70164;7.72036;0.267426;1.0383
13.2231;14.6453;0.247801;2.68507;0;13.7172;14.8497;0.182448;0.631002
7.03273;12.4659;0.236783;0.333676;0;7.18005;12.2359;0.273358;-0.729828
3.83356;7.30115;0.377119;1.60159;0;4.09168;7.41982;0.81179;2.18514
13.1164;13.6826;0.38309;-2.12408;0;13.616;13.5014;0.573873;0.116716
7.88648;7.01127;0.497208;2.19537;0;7.87779;6.88265;0.384336;0.163386
9.66718;14.5961;0.294378;-0.834869;0;9.51048;14.6731;0.651388;-1.77575
3.5811;6.85213;0.685494;-2.36805;0;3.84213;6.73581;0.697877;1.63244
12.409;13.7899;0.220009;-0.456143;0;12.6592;13.3425;0.330499;2.85839
10.0726;15.5906;0.512469;-1.67639;0;9.97477;15.541;0.449463;0.495202
14.2369;14.8274;0.537715;-3.04649;0;14.25;15.2551;0.60286;-1.3888
11.9744;12.878;0.591263;1.87742;0;12.4365;12.3684;0.291724;2.7973
13.1996;16.4866;0.387663;0.558496;0;13.0016;16.4175;0.465957;2.16221
8.3535;11.2813;0.598281;1.06499;0;8.19518;11.1043;0.84572;-2.11698
14.2692;13.9741;0.816096;2.40391;0;14.2676;14.2583;0.523986;0.68208
6.38905;10.2549;0.440671;-0.390798;0;6.12953;10.0754;0.391213;-1.05763
6.89187;12.08;0.779187;1.88093;0;7.08653;12.1248;0.731602;2.99137
8.24376;14.5121;0.317419;-0.0726118;0;8.49528;14.8693;0.625836;2.54533
6.47371;10.4568;0.839347;-2.42952;0;6.38905;10.2549;0.440671;-0.390798
7.5998;14.3833;0.186252;-1.0515;0;7.65404;14.4948;0.235854;-0.688726
12.2236;11.2022;0.255688;-0.235757;0;12.5976;11.3856;0.382647;-2.10963
12.0665;12.9051;0.501573;-2.75548;0;11.9744;12.878;0.591263;1.87742
9.11314;13.6299;0.610769;-2.93636;0;9.70795;13.7632;0.657019;1.40455
8.31032;15.7818;0.840019;-1.69306;0;8.06017;15.5001;0.654656;0.367158
6.14361;14.9925;0.837192;-1.32681;0;6.12994;14.9987;0.530202;-1.92271
13.7985;14.4742;0.471098;-2.92413;0;13.7172;14.8497;0.182448;0.631002
3.07147;10.1277;0.701517;-2.70087;0;3.29495;9.69174;0.546895;-1.89935
13.4814;14.1746;0.631565;1.84029;0;13.7985;14.4742;0.471098;-2.92413
11.4814;12.224;0.549414;-2.8675;0;11.9744;12.878;0.591263;1.87742
13.3817;14.7476;0.711037;-0.0602658;0;13.2231;14.6453;0.247801;2.68507
14.4118;16.2314;0.237254;-1.73793;0;14.1539;15.9894;0.394499;-1.37479
7.56807;6.16683;0.225794;1.33103;0;7.40585;6.09705;0.68953;2.99787
2.19845;8.69808;0.74719;0.308595;0;1.93109;8.58752;0.771174;-0.143566
9.9347;16.5931;0.524644;-1.66455;0;10.5136;16.0443;0.317242;-0.816987
1.65028;10.1446;0.485379;-2.24024;0;1.93344;10.32;0.369023;-0.0277834
5.45465;14.3613;0.73177;-1.12711;0;5.48809;14.3863;0.684482;-2.18503
7.17008;5.69587;0.460039;0.0838468;0;6.87177;5.87402;0.649679;1.57006
4.62745;6.15465;0.633635;2.23086;0;4.80462;5.85755;0.599612;-2.55819
2.42302;8.9287;0.365083;0.147877;0;2.19845;8.69808;0.74719;0.308595
10.1104;13.5772;0.82449;-2.47174;0;9.70795;13.7632;0.657019;1.40455
3.19514;10.1592;0.404136;-0.889372;0;3.07147;10.1277;0.701517;-2.70087
1.70819;8.73415;0.75903;2.9233;0;1.64757;8.61483;0.616284;-2.75414
3.88304;10.3647;0.308057;-2.70166;0;3.19514;10.1592;0.404136;-0.889372
13.0465;13.5515;0.577842;-2.50891;0;13.1164;13.6826;0.38309;-2.12408
9.50886;14.9668;0.451768;-0.0452942;0;9.51048;14.6731;0.651388;-1.77575
7.36549;11.5229;0.805004;-0.246436;0;7.14806;11.3998;0.49055;1.12921
7.91906;7.23979;0.311902;0.161662;0;7.93541;7.22135;0.509812;0.521014
5.69546;13.3198;0.194446;-1.58588;0;5.36545;13.3955;0.628245;-2.89886
3.36128;7.67483;0.807236;1.79703;0;3.12737;7.43174;0.628586;-0.796608
12.2205;12.9709;0.39967;-0.828594;0;12.0665;12.9051;0.501573;-2.75548
4.29522;11.2709;0.214202;2.9581;0;3.88304;10.3647;0.308057;-2.70166
5.8125;13.4161;0.158258;1.56716;0;5.69546;13.3198;0.194446;-1.58588
1.71795;8.10595;0.393673;2.82619;0;1.97736;8.39424;0.17129;-2.45234
2.6792;8.45513;0.785758;1.60882;0;2.8707;8.26991;0.623845;1.17637
12.2927;16.0812;0.531174;-0.93863;0;12.2556;16.2499;0.578908;0.344517
11.9016;12.2663;0.684081;-1.98649;0;11.4814;12.224;0.549414;-2.8675
2.12576;9.94517;0.821755;-1.10703;0;1.83685;9.57809;0.425751;-3.08099
13.5011;14.7621;0.782598;0.933028;0;13.3817;14.7476;0.711037;-0.0602658
7.99013;14.6732;0.564803;0.756208;0;8.24376;14.5121;0.317419;-0.0726118
5.47274;15.6036;0.700505;2.6186;0;5.7635;15.2783;1.04296;-2.14225
11.1414;16.4096;0.185019;1.93507;0;10.9883;16.2683;0.213632;2.1324
6.68856;6.41481;0.333004;-0.963098;0.112;6.65559;6.24746;0.599839;-2.29694
4.44251;6.1183;0.70667;0.704748;0;4.62745;6.15465;0.633635;2.23086
10.7356;9.81803;0.397675;-0.769054;0;11.4937;10.47;0.406963;2.62296
5.77193;10.2159;0.309258;-0.427306;0;6.12953;10.0754;0.391213;-1.05763
2.58932;9.85695;0.539045;-2.02801;0;2.82305;9.52276;0.581808;-0.190675
6.1671;15.8381;0.681056;-1.40211;0;5.93692;15.905;0.342914;1.65454
11.3867;16.5914;0.501328;-0.525624;0;11.1414;16.4096;0.185019;1.93507
2.47115;9.85454;0.69572;0.645808;0;2.58932;9.85695;0.539045;-2.02801
2.49747;7.79793;0.788721;1.2846;0;2.18782;7.77339;0.605652;-2.81463
6.48355;5.97704;0.151178;1.76733;0.112;6.68856;6.41481;0.333004;-0.963098
11.503;10.1816;0.502155;0.810981;0;11.4937;10.47;0.406963;2.62296
9.85826;16.5482;0.669337;2.03295;0;9.9347;16.5931;0.524644;-1.66455
4.04991;5.53833;0.776898;-2.47903;0;3.68256;5.7572;0.568061;2.46282
3.31417;7.86818;0.508987;0.433533;0;3.36128;7.67483;0.807236;1.79703
11.4603;12.2334;0.464404;1.5617;0;11.4814;12.224;0.549414;-2.8675
11.2661;10.1095;0.155685;1.7844;0;11.503;10.1816;0.502155;0.810981
7.45553;6.91208;0.423891;-2.10976;0.1;7.43853;7.1351;0.401055;-1.21145
5.82836;8.30211;0.170626;-0.801316;0;5.77354;8.08146;0.459045;0.758133
12.0581;11.0795;0.312416;-1.56183;0;12.2236;11.2022;0.255688;-0.235757
10.739;8.82311;0.498321;-1.64907;0.071;10.7356;9.81803;0.397675;-0.769054
11.7872;13.4553;0.582474;0.722074;0;11.9744;12.878;0.591263;1.87742
9.62129;16.1688;0.521991;-0.906016;0;9.85826;16.5482;0.669337;2.03295
7.99157;9.71516;0.370107;1.97064;0;7.94582;9.82843;0.488059;-1.24292
9.80382;8.56197;0.259146;-1.91219;0.171;10.739;8.82311;0.498321;-1.64907
6.14685;9.7373;0.283766;0.606781;0;6.27665;9.92814;0.392223;-1.41207
11.0559;7.87832;0.415023;-0.258412;0.071;10.739;8.82311;0.498321;-1.64907
5.93151;14.4334;0.475007;1.63673;0;6.20713;14.1247;0.303577;-0.700135
9.06036;13.7988;0.737988;2.8752;0;9.11314;13.6299;0.610769;-2.93636
5.77281;5.60391;0.308473;0.479567;0;5.63899;5.46539;0.570051;2.51309
7.7742;15.9016;0.722478;1.01317;0;8.03167;15.7659;0.492351;-1.00132
7.81564;14.0084;0.336671;0.464772;0;7.5998;14.3833;0.186252;-1.0515
7.2997;16.4175;0.355041;-1.41867;0;6.9685;16.4171;0.294722;1.83115
5.96659;16.4292;0.425693;0.62588;0;5.96939;16.4321;0.255231;1.4645
12.1622;16.4946;0.515708;0.009124;0;12.2556;16.2499;0.578908;0.344517
8.08708;10.0461;0.768743;1.01065;0;7.94582;9.82843;0.488059;-1.24292
13.5881;13.666;0.613862;-1.38144;0;13.616;13.5014;0.573873;0.116716
7.11511;16.6201;0.550221;-3.09593;0;7.2997;16.4175;0.355041;-1.41867
6.00684;5.38071;0.593623;2.36143;0;5.63899;5.46539;0.570051;2.51309
6.27141;8.86289;0.194155;-2.98057;0;6.1544;9.00597;0.443674;-2.87509
10.5794;10.1001;0.839873;-1.00231;0;10.7356;9.81803;0.397675;-0.769054
1.84903;10.4168;0.603489;0.803951;0;1.93344;10.32;0.369023;-0.0277834
7.56421;5.97235;0.153299;0.830448;0;7.56807;6.16683;0.225794;1.33103
7.05236;16.0082;0.221937;-0.196006;0;6.9685;16.4171;0.294722;1.83115
7.35318;5.82335;0.707564;2.18526;0;7.40585;6.09705;0.68953;2.99787
13.5433;15.029;0.731807;0.796099;0;13.5011;14.7621;0.782598;0.933028
4.22045;11.8419;0.478228;-1.60776;0;4.29522;11.2709;0.214202;2.9581
6.17551;5.82679;0.294428;1.22081;0.112;6.48355;5.97704;0.151178;1.76733
6.32078;14.6859;0.358786;1.02922;0;6.40471;14.6202;0.442471;0.55087
7.77264;6.59254;0.401232;-1.8661;0;7.87779;6.88265;0.384336;0.163386
10.9583;10.7846;0.670988;-2.05883;0;11.4937;10.47;0.406963;2.62296
4.1029;12.7838;0.256419;-1.91894;0;4.22045;11.8419;0.478228;-1.60776
2.27966;10.3454;0.433776;1.25496;0;1.93344;10.32;0.369023;-0.0277834
10.044;8.05443;0.309551;0.893315;0.171;9.80382;8.56197;0.259146;-1.91219
8.39884;12.0581;0.313634;-1.00316;0;8.47485;12.3449;0.425961;2.8211
11.8902;8.42331;0.498683;-2.09058;0.181;11.0559;7.87832;0.415023;-0.258412
3.98441;13.3037;0.322508;-1.27406;0;4.1029;12.7838;0.256419;-1.91894
13.9799;13.9725;0.83693;-2.38952;0;14.2692;13.9741;0.816096;2.40391
5.37068;15.4611;0.358468;-2.99128;0;5.47274;15.6036;0.700505;2.6186
5.97773;12.8346;0.820171;-2.98096;0;6.3066;13.0955;0.784017;0.289024
12.1844;8.36855;0.506808;1.94256;0.181;11.8902;8.42331;0.498683;-2.09058
13.1683;8.44296;0.344274;2.3871;0.181;12.1844;8.36855;0.506808;1.94256
7.23739;10.782;0.541615;1.87971;0;7.21462;10.5318;0.502639;-1.31567
5.79953;14.3576;0.670187;1.01217;0;5.93151;14.4334;0.475007;1.63673
4.93546;5.83222;0.388898;2.99581;0;4.80462;5.85755;0.599612;-2.55819
12.4802;15.7482;0.808201;2.81961;0;12.2927;16.0812;0.531174;-0.93863
6.79065;16.0749;0.467457;-1.07576;0;7.05236;16.0082;0.221937;-0.196006
12.5147;13.7434;0.613772;1.6765;0;12.409;13.7899;0.220009;-0.456143
12.1722;13.1422;0.692618;-0.633323;0;12.0665;12.9051;0.501573;-2.75548
7.06761;9.94324;0.325864;-0.299745;0;6.9862;9.55968;0.404958;1.1388
10.2983;16.0605;0.374298;-0.293256;0;10.5136;16.0443;0.317242;-0.816987
13.6193;14.9565;0.732509;0.55112;0;13.5433;15.029;0.731807;0.796099
13.1276;8.39124;0.450766;-2.06781;0.306;13.1683;8.44296;0.344274;2.3871
14.1214;15.5022;0.735749;-2.58796;0;14.25;15.2551;0.60286;-1.3888
13.5948;7.55927;0.750032;-0.769232;0.306;13.1276;8.39124;0.450766;-2.06781
3.47037;9.91644;0.822758;-2.98163;0;3.29495;9.69174;0.546895;-1.89935
6.38243;14.3384;0.833385;1.83584;0;6.40471;14.6202;0.442471;0.55087
5.39623;13.4744;0.427303;-1.13915;0;5.36545;13.3955;0.628245;-2.89886
7.02159;10.5372;0.487788;-2.03052;0;7.21462;10.5318;0.502639;-1.31567
8.27465;11.2305;0.697669;-1.35152;0;8.3535;11.2813;0.598281;1.06499
6.85151;9.47558;0.206793;0.578077;0;6.9862;9.55968;0.404958;1.1388
13.9078;9.1154;0.314297;-1.6088;0.222;13.1683;8.44296;0.344274;2.3871
13.6416;14.6621;0.61673;1.59873;0;13.5011;14.7621;0.782598;0.933028
4.06898;13.3519;0.736639;-1.39338;0;3.98441;13.3037;0.322508;-1.27406
11.0358;10.4975;0.294083;-1.8058;0;11.2661;10.1095;0.155685;1.7844
10.3238;13.6282;0.256076;0.165181;0;10.1104;13.5772;0.82449;-2.47174
8.21631;6.75724;0.273732;1.13762;0;8.08295;6.65009;0.181911;2.09053
5.64651;14.1696;0.208884;-1.712;0;5.93151;14.4334;0.475007;1.63673
9.54396;14.1969;0.42269;-0.307242;0;9.66718;14.5961;0.294378;-0.834869
10.7416;16.3794;0.42721;2.96979;0;10.9883;16.2683;0.213632;2.1324
11.892;10.6804;0.169563;-0.60063;0;12.0581;11.0795;0.312416;-1.56183
11.8094;13.3653;0.251079;1.48821;0;11.7872;13.4553;0.582474;0.722074
6.6862;15.6981;0.191199;0.949891;0;6.79065;16.0749;0.467457;-1.07576
6.35728;10.1413;0.396628;2.48378;0;6.38905;10.2549;0.440671;-0.390798
10.3674;15.6295;0.847592;0.26594;0;10.0726;15.5906;0.512469;-1.67639
11.5562;15.4634;0.802994;2.92537;0;11.1123;15.7921;0.627472;-2.59454
9.93367;14.7376;0.461555;0.445025;0;9.66718;14.5961;0.294378;-0.834869
7.07786;12.1289;0.813806;2.73192;0;7.08653;12.1248;0.731602;2.99137
12.6641;16.2831;0.218713;0.114885;0;12.3107;16.373;0.234862;-2.93535
13.4704;16.0842;0.311849;0.494634;0;13.9329;16.1315;0.240425;2.89244
13.0798;7.96448;0.62814;-2.87133;0.306;13.1276;8.39124;0.450766;-2.06781
3.51569;7.53193;0.813113;-0.142922;0;3.36128;7.67483;0.807236;1.79703
4.73847;5.58885;0.74849;1.88899;0;4.63913;5.46628;0.586564;-0.74388
7.49142;12.1745;0.298756;-0.259579;0;7.45825;12.1971;0.517245;2.49263
7.47695;5.78624;0.426929;-3.10228;0;7.35318;5.82335;0.707564;2.18526
9.67615;9.04531;0.774349;2.51043;0.171;9.80382;8.56197;0.259146;-1.91219
6.1263;8.52714;0.535271;-2.45976;0;6.48786;8.56998;0.701872;-3.05213
5.98046;10.0581;0.377652;0.461134;0;6.12953;10.0754;0.391213;-1.05763
9.98192;14.378;0.430648;1.81274;0;9.93367;14.7376;0.461555;0.445025
6.30042;15.4832;0.312199;2.49404;0;6.14297;15.1988;0.352635;-1.95404
10.6345;10.0657;0.335333;-2.43071;0;10.7356;9.81803;0.397675;-0.769054
12.0045;13.5369;0.226108;2.05838;0;11.8094;13.3653;0.251079;1.48821
1.9138;8.40841;0.512163;2.0936;0;1.93109;8.58752;0.771174;-0.143566
8.99788;13.8906;0.845937;3.00392;0;9.06036;13.7988;0.737988;2.8752
9.65079;15.8227;0.484653;-0.216895;0;9.62129;16.1688;0.521991;-0.906016
14.1115;10.0501;0.605438;-1.29198;0.222;13.9078;9.1154;0.314297;-1.6088
3.87951;12.9731;0.387048;2.94299;0;4.1029;12.7838;0.256419;-1.91894
7.12429;9.76377;0.518908;1.9488;0;7.06761;9.94324;0.325864;-0.299745
10.2917;9.70818;0.663415;2.43747;0;10.5794;10.1001;0.839873;-1.00231
13.0245;16.5029;0.80593;2.91824;0;13.0016;16.4175;0.465957;2.16221
4.08805;14.2983;0.330235;3.0394;0;3.98441;13.3037;0.322508;-1.27406
6.53009;12.6944;0.360316;0.907818;0;6.62693;12.4796;0.713585;-0.071194
6.59983;16.3628;0.248413;2.62198;0;6.9685;16.4171;0.294722;1.83115
11.7091;11.4351;0.151071;1.08551;0;12.0581;11.0795;0.312416;-1.56183
5.7546;14.4065;0.492897;-0.188123;0;5.93151;14.4334;0.475007;1.63673
7.49751;7.15207;0.369128;1.39924;0.04;7.43853;7.1351;0.401055;-1.21145
8.12109;11.2103;0.411583;-2.69887;0;8.3535;11.2813;0.598281;1.06499
7.91829;5.97423;0.584136;2.60688;0.132;8.2578;6.12831;0.495306;-2.0358
14.0127;16.5899;0.763374;2.66672;0;13.9329;16.1315;0.240425;2.89244
10.1964;14.3549;0.28475;-1.74463;0;9.98192;14.378;0.430648;1.81274
7.12269;10.1785;0.662664;0.954028;0;7.21462;10.5318;0.502639;-1.31567
5.34772;6.30457;0.33999;2.96499;0;5.28081;5.97014;0.420699;0.893895
13.1921;14.6683;0.35552;2.48621;0;13.2231;14.6453;0.247801;2.68507
7.84795;10.8924;0.713385;-2.77151;0;7.5797;11.1628;0.597854;-3.01085
6.16266;12.3833;0.75751;-2.00885;0;6.38761;12.4228;0.844634;-0.538856
14.5006;9.01457;0.728442;-1.70035;0.276;13.9078;9.1154;0.314297;-1.6088
4.32267;5.78439;0.787709;-1.25598;0.167;4.44251;6.1183;0.70667;0.704748
14.2811;11.0284;0.486235;1.17167;0.222;14.1115;10.0501;0.605438;-1.29198
6.65822;6.25095;0.832078;-0.716211;0;6.65559;6.24746;0.599839;-2.29694
3.64285;15.1927;0.373141;-0.342704;0;4.08805;14.2983;0.330235;3.0394
10.8695;9.68262;0.28144;2.42606;0;10.7356;9.81803;0.397675;-0.769054
11.1861;15.8346;0.225007;-0.249746;0;11.1123;15.7921;0.627472;-2.59454
3.63025;5.90671;0.318102;2.14167;0;3.68256;5.7572;0.568061;2.46282
5.10955;5.82824;0.277163;-3.14114;0;4.93546;5.83222;0.388898;2.99581
11.625;15.4704;0.578449;-1.56082;0;11.5562;15.4634;0.802994;2.92537
6.27923;16.5062;0.471738;0.690513;0;5.96659;16.4292;0.425693;0.62588
14.3344;11.1714;0.175064;-2.9738;0.222;14.2811;11.0284;0.486235;1.17167
14.6251;10.6803;0.648877;-0.411394;0.222;14.2811;11.0284;0.486235;1.17167
6.14529;5.65908;0.502321;1.59356;0.112;6.17551;5.82679;0.294428;1.22081
10.6474;9.22442;0.757922;1.54018;0.071;10.739;8.82311;0.498321;-1.64907
13.6095;8.56201;0.716665;-0.192622;0.306;13.1276;8.39124;0.450766;-2.06781
3.68405;13.71;0.348771;-2.55469;0;3.98441;13.3037;0.322508;-1.27406
6.34715;8.53562;0.681334;-2.03881;0;6.48786;8.56998;0.701872;-3.05213
11.712;11.6345;0.187077;2.29097;0;11.7091;11.4351;0.151071;1.08551
6.8287;12.4329;0.196291;2.36049;0;7.03273;12.4659;0.236783;0.333676
3.72608;16.1537;0.636751;2.96939;0;3.64285;15.1927;0.373141;-0.342704
4.21469;6.1229;0.210288;1.68923;0;4.36767;6.39674;0.239114;-2.51693
9.12811;14.6059;0.435009;-2.05275;0;8.93854;14.616;0.473405;2.57175
3.93199;16.2917;0.827862;1.02142;0;3.72608;16.1537;0.636751;2.96939
9.17686;14.7626;0.76574;-0.155547;0;9.51048;14.6731;0.651388;-1.77575
4.0686;10.1706;0.41936;2.16964;0;3.88304;10.3647;0.308057;-2.70166
3.66156;7.37692;0.599762;-1.86433;0.023;3.83356;7.30115;0.377119;1.60159
7.48993;6.22117;0.684379;-2.66051;0;7.55675;6.29771;0.747172;0.0899038
11.0996;16.0174;0.730726;0.708145;0;11.1123;15.7921;0.627472;-2.59454
2.72845;16.2226;0.636761;0.699098;0;3.72608;16.1537;0.636751;2.96939
5.50474;15.3237;0.588323;-2.28892;0;5.37068;15.4611;0.358468;-2.99128
1.72871;16.2071;0.620022;-2.04051;0;2.72845;16.2226;0.636761;0.699098
0.729091;16.181;0.61127;0.242837;0;1.72871;16.2071;0.620022;-2.04051
10.1649;14.8928;0.832054;-1.90682;0;10.427;15.0657;0.574996;2.6047
-0.25026;16.3329;0.477878;2.15717;0;0.729091;16.181;0.61127;0.242837
5.46532;12.4191;0.405294;-0.81203;0;5.43063;12.3977;0.61849;2.63898
-1.22118;16.0943;0.497215;0.218385;0;-0.25026;16.3329;0.477878;2.15717
-2.09468;15.6091;0.456383;-1.39017;0;-1.22118;16.0943;0.497215;0.218385
-0.989596;15.8441;0.367631;1.34426;0;-1.22118;16.0943;0.497215;0.218385
7.66404;13.6609;0.731777;-2.10854;0;7.81564;14.0084;0.336671;0.464772
-1.26046;15.5445;0.501477;-2.74951;0;-0.989596;15.8441;0.367631;1.34426
5.90994;13.7134;0.576346;2.8193;0;6.06875;13.8536;0.344367;-2.64106
5.64489;8.22875;0.396905;1.90375;0;5.77354;8.08146;0.459045;0.758133
2.85863;7.806;0.593432;-0.95876;0;2.49747;7.79793;0.788721;1.2846
10.1746;15.4064;0.369599;-3.11124;0;9.97477;15.541;0.449463;0.495202
6.13683;9.43948;0.729959;-1.46512;0;5.9856;8.95887;0.614609;-0.396727
5.35097;13.8653;0.61339;-0.504691;0;5.39623;13.4744;0.427303;-1.13915
3.95352;15.7182;0.683782;3.02325;0;3.72608;16.1537;0.636751;2.96939
3.82149;10.2559;0.268094;0.913048;0;3.88304;10.3647;0.308057;-2.70166
9.90965;14.7279;0.540801;-0.353288;0;9.93367;14.7376;0.461555;0.445025
-2.44095;14.6777;0.568182;-0.443163;0;-2.09468;15.6091;0.456383;-1.39017
7.57927;15.4413;0.609512;2.53841;0;7.75573;15.3731;0.587437;1.19925
7.55042;10.1352;0.722188;-2.22115;0;7.72614;10.4222;0.55981;-0.566465
6.75824;8.17394;0.1773;1.53998;0;7.10184;8.11275;0.167164;-2.11582
7.22178;7.88091;0.713272;2.0368;0;6.85496;7.64074;0.743722;-1.49963
11.4338;12.6892;0.625585;-2.21461;0;11.4814;12.224;0.549414;-2.8675
7.52144;15.2874;0.240819;-1.26994;0;7.57927;15.4413;0.609512;2.53841
4.11326;14.0561;0.508387;-1.05565;0;4.08805;14.2983;0.330235;3.0394
5.39407;16.165;0.641478;1.27448;0;5.47274;15.6036;0.700505;2.6186
7.47432;14.9275;0.334511;-1.62818;0;7.52144;15.2874;0.240819;-1.26994
9.58674;16.1279;0.737822;0.21836;0;9.62129;16.1688;0.521991;-0.906016
10.5626;14.8867;0.845111;1.78194;0;10.427;15.0657;0.574996;2.6047
1.71732;10.1039;0.792509;0.507572;0;1.65028;10.1446;0.485379;-2.24024
13.6266;7.74131;0.439917;2.05986;0.306;13.5948;7.55927;0.750032;-0.769232
-1.85969;13.8852;0.383548;-2.19054;0.169;-2.44095;14.6777;0.568182;-0.443163
5.7801;12.7572;0.267177;0.622962;0;5.46532;12.4191;0.405294;-0.81203
7.39111;15.7066;0.310067;2.72962;0;7.57927;15.4413;0.609512;2.53841
-2.02819;16.6046;0.245373;-0.968537;0;-1.22118;16.0943;0.497215;0.218385
-1.788;13.8119;0.365261;-1.28643;0.169;-1.85969;13.8852;0.383548;-2.19054
3.63158;6.21723;0.279088;-0.349829;0;3.63025;5.90671;0.318102;2.14167
3.99823;13.463;0.684059;-2.12778;0;4.06898;13.3519;0.736639;-1.39338
11.4625;15.9785;0.346533;1.05848;0;11.1861;15.8346;0.225007;-0.249746
7.33005;11.9023;0.775838;-0.266377;0;7.08653;12.1248;0.731602;2.99137
-0.175758;16.5138;0.212629;-2.10422;0;-0.25026;16.3329;0.477878;2.15717
6.34245;6.37258;0.397335;2.0062;0.112;6.68856;6.41481;0.333004;-0.963098
-0.7881;13.7984;0.36877;2.96858;0.169;-1.788;13.8119;0.365261;-1.28643
11.8645;16.2337;0.486598;-1.99548;0;11.9908;16.3519;0.306727;1.26904
9.56272;15.6311;0.546912;-1.24139;0;9.65079;15.8227;0.484653;-0.216895
6.69;9.02094;0.789597;2.84812;0;6.48786;8.56998;0.701872;-3.05213
8.36501;7.66732;0.711427;-2.43871;0.044;8.26006;7.35008;0.701306;-1.78625
5.58051;5.54625;0.394396;1.67419;0;5.63899;5.46539;0.570051;2.51309
-2.21903;14.5955;0.650808;1.01129;0;-2.44095;14.6777;0.568182;-0.443163
10.6586;8.0857;0.749049;-0.0806708;0.071;11.0559;7.87832;0.415023;-0.258412
5.37974;12.1237;0.521386;2.51468;0;5.43063;12.3977;0.61849;2.63898
7.70173;9.8565;0.641132;-0.366892;0;7.94582;9.82843;0.488059;-1.24292
8.40021;8.02159;0.599443;1.52098;0.032;8.33432;7.89575;0.298929;-0.316486
12.5495;11.0079;0.313226;-0.0560462;0;12.2236;11.2022;0.255688;-0.235757
5.72674;8.71073;0.390488;-1.61409;0;5.9856;8.95887;0.614609;-0.396727
12.634;11.7248;0.576271;-0.46666;0;12.5976;11.3856;0.382647;-2.10963
13.0013;13.7022;0.69024;1.10316;0;13.0465;13.5515;0.577842;-2.50891
-1.98406;15.7518;0.759164;-1.63312;0;-2.09468;15.6091;0.456383;-1.39017
7.84004;9.81654;0.751821;-3.02644;0;7.70173;9.8565;0.641132;-0.366892
13.0577;16.5044;0.313508;-0.841288;0;13.1996;16.4866;0.387663;0.558496
4.21524;5.4389;0.485228;2.60126;0;4.04991;5.53833;0.776898;-2.47903
7.64798;6.22741;0.303407;-2.27298;0.122;7.56807;6.16683;0.225794;1.33103
1.71071;8.0403;0.572088;2.56453;0;1.71795;8.10595;0.393673;2.82619
1.49553;15.8805;0.561753;-2.1166;0;1.72871;16.2071;0.620022;-2.04051
4.22838;5.82238;0.423951;-0.921731;0.167;4.21469;6.1229;0.210288;1.68923
14.3647;11.7924;0.465887;-3.02357;0.222;14.3344;11.1714;0.175064;-2.9738
11.5917;13.2008;0.56274;-2.95149;0;11.7872;13.4553;0.582474;0.722074
2.46648;10.0268;0.253034;-2.63116;0;2.58932;9.85695;0.539045;-2.02801
9.56708;13.9991;0.514766;-1.42086;0;9.54396;14.1969;0.42269;-0.307242
3.54323;14.6533;0.683053;2.3627;0;3.64285;15.1927;0.373141;-0.342704
13.6005;14.6408;0.18166;-0.979891;0;13.7172;14.8497;0.182448;0.631002
7.33124;7.3615;0.451758;-0.9617;0.061;7.43853;7.1351;0.401055;-1.21145
2.95541;10.1166;0.600845;-0.147259;0;3.07147;10.1277;0.701517;-2.70087
11.7151;15.6854;0.43511;1.51705;0;11.625;15.4704;0.578449;-1.56082
-2.18484;14.4488;0.722207;0.0848477;0;-2.21903;14.5955;0.650808;1.01129
13.6683;15.8798;0.683884;-0.687004;0;13.4704;16.0842;0.311849;0.494634
12.2308;12.2762;0.474897;2.32151;0;12.4365;12.3684;0.291724;2.7973
7.10222;11.6418;0.760365;1.84083;0;7.36549;11.5229;0.805004;-0.246436
6.48187;10.0993;0.477168;-1.79148;0;6.35728;10.1413;0.396628;2.48378
3.82587;14.4939;0.410117;-2.44755;0;4.08805;14.2983;0.330235;3.0394
2.26125;16.0009;0.469425;-0.621172;0;2.72845;16.2226;0.636761;0.699098
8.53868;10.3362;0.656288;1.59625;0;8.45598;10.6883;0.506855;2.31712
-1.91502;16.3045;0.365771;2.82828;0;-2.02819;16.6046;0.245373;-0.968537
10.0218;15.1103;0.284525;-1.16093;0;10.1746;15.4064;0.369599;-3.11124
-0.931002;14.323;0.547293;-0.980991;0.169;-0.7881;13.7984;0.36877;2.96858
2.92526;16.2234;0.720586;-0.271228;0;2.72845;16.2226;0.636761;0.699098
2.63141;10.0274;0.415906;-1.07464;0;2.58932;9.85695;0.539045;-2.02801
10.0379;16.0455;0.796364;2.42192;0;9.58674;16.1279;0.737822;0.21836
4.34098;12.1285;0.212854;2.59723;0;4.22045;11.8419;0.478228;-1.60776
13.816;14.8121;0.17786;-1.42602;0;13.7172;14.8497;0.182448;0.631002
7.52108;15.6129;0.799286;-2.47414;0;7.57927;15.4413;0.609512;2.53841
8.06613;14.838;0.163852;-0.847065;0;8.24376;14.5121;0.317419;-0.0726118
8.13592;5.51347;0.231974;1.32267;0.188;8.26043;5.50304;0.573397;-1.35385
5.80319;13.6537;0.751403;1.3106;0;5.90994;13.7134;0.576346;2.8193
14.575;13.5955;0.200133;0.876213;0;14.3986;13.3793;0.592766;2.95706
12.2902;15.8072;0.373579;-1.30515;0;12.2927;16.0812;0.531174;-0.93863
12.9465;13.6025;0.821479;2.78289;0;13.0013;13.7022;0.69024;1.10316
12.5695;12.1856;0.670607;-1.86714;0;12.2308;12.2762;0.474897;2.32151
0.0671491;14.3152;0.330225;1.30903;0.169;-0.7881;13.7984;0.36877;2.96858
10.6983;15.792;0.774838;1.66199;0;10.3674;15.6295;0.847592;0.26594
10.6372;15.2631;0.749526;0.68658;0;10.427;15.0657;0.574996;2.6047
5.62785;6.05264;0.168286;0.873013;0;5.68179;6.19823;0.521099;-3.08887
6.85306;9.70415;0.337853;2.3866;0;6.9862;9.55968;0.404958;1.1388
4.1975;14.8122;0.643187;2.21458;0;3.82587;14.4939;0.410117;-2.44755
13.5443;15.9388;0.375345;0.231057;0;13.4704;16.0842;0.311849;0.494634
14.3504;11.1337;0.755415;0.680721;0.222;14.2811;11.0284;0.486235;1.17167
7.64278;5.55419;0.658374;-0.294657;0.184;7.83965;5.56559;0.691919;-1.3186
1.0607;14.2937;0.441606;-2.45646;0.169;0.0671491;14.3152;0.330225;1.30903
6.33886;14.9993;0.804111;-1.55454;0;6.14361;14.9925;0.837192;-1.32681
2.15251;15.8698;0.179024;-1.98338;0;2.26125;16.0009;0.469425;-0.621172
12.4996;10.4674;0.562934;0.821751;0;12.4885;10.3961;0.477147;2.27795
14.1481;11.3556;0.427637;-2.94987;0.222;14.2811;11.0284;0.486235;1.17167
2.79229;7.8369;0.377835;-0.497332;0;2.85863;7.806;0.593432;-0.95876
3.61362;8.15208;0.646876;-0.752914;0;3.31417;7.86818;0.508987;0.433533
10.8856;7.6602;0.367253;2.05746;0.071;11.0559;7.87832;0.415023;-0.258412
-0.93245;13.9265;0.517318;0.528099;0.169;-0.7881;13.7984;0.36877;2.96858
14.1588;13.4301;0.540614;0.22972;0;14.3986;13.3793;0.592766;2.95706
6.26195;13.226;0.323865;0.768579;0;6.3066;13.0955;0.784017;0.289024
12.629;7.79178;0.632082;-1.013;0.48;13.0798;7.96448;0.62814;-2.87133
4.26735;12.3781;0.778367;-2.35106;0;4.22045;11.8419;0.478228;-1.60776
11.1066;8.55128;0.503924;1.34071;0.071;10.739;8.82311;0.498321;-1.64907
-0.828356;16.6527;0.433593;-2.00394;0;-0.25026;16.3329;0.477878;2.15717
4.3255;7.84111;0.389973;2.38037;0;4.26827;7.63744;0.623896;-1.49891
6.25937;15.2683;0.265989;2.2846;0;6.14297;15.1988;0.352635;-1.95404
1.97699;14.473;0.799757;2.17656;0.169;1.0607;14.2937;0.441606;-2.45646
0.454284;16.1225;0.677449;-2.94481;0;0.729091;16.181;0.61127;0.242837
14.0726;14.0501;0.242619;-0.846013;0;14.2676;14.2583;0.523986;0.68208
7.30976;6.57193;0.429805;-2.16582;0.201;7.45553;6.91208;0.423891;-2.10976
2.55955;9.68242;0.794775;0.925997;0;2.47115;9.85454;0.69572;0.645808
10.6205;15.5564;0.556653;0.92172;0;10.6983;15.792;0.774838;1.66199
8.45779;12.1837;0.458801;-3.10495;0;8.47485;12.3449;0.425961;2.8211
12.1087;12.4542;0.3845;2.88191;0;12.2308;12.2762;0.474897;2.32151
3.70902;5.74135;0.287249;-2.82163;0;3.63025;5.90671;0.318102;2.14167
8.68914;13.8683;0.34469;-0.880364;0;8.79277;14.2841;0.598311;1.56251
13.0634;16.0892;0.607876;-2.83344;0;13.0016;16.4175;0.465957;2.16221
14.3398;8.88718;0.396581;-0.471704;0.276;14.5006;9.01457;0.728442;-1.70035
-1.85869;14.0804;0.267547;-1.5469;0.319;-1.85969;13.8852;0.383548;-2.19054
11.7191;16.517;0.811419;3.03916;0;11.8645;16.2337;0.486598;-1.99548
7.50885;12.2535;0.322014;-1.57952;0;7.49142;12.1745;0.298756;-0.259579
13.648;15.2085;0.744467;2.99843;0;13.5433;15.029;0.731807;0.796099
13.5553;14.5562;0.412552;-2.84949;0;13.6416;14.6621;0.61673;1.59873
6.90143;9.63024;0.590173;-2.07894;0;6.9862;9.55968;0.404958;1.1388
14.3633;15.2117;0.401053;-0.978908;0;14.25;15.2551;0.60286;-1.3888
0.118434;14.3113;0.788959;0.991675;0.169;0.0671491;14.3152;0.330225;1.30903
13.665;14.3545;0.351423;-2.82037;0;13.7985;14.4742;0.471098;-2.92413
3.96986;7.87938;0.820885;-2.80774;0;4.26827;7.63744;0.623896;-1.49891
12.5207;10.2062;0.203404;-1.10229;0;12.4885;10.3961;0.477147;2.27795
12.1691;11.4669;0.169984;-2.65058;0;12.2236;11.2022;0.255688;-0.235757
9.9212;10.297;0.833248;0.0615067;0;10.5794;10.1001;0.839873;-1.00231
3.36229;7.71604;0.210138;-2.01422;0;3.31417;7.86818;0.508987;0.433533
4.20809;11.9506;0.693664;2.20334;0;4.22045;11.8419;0.478228;-1.60776
3.5221;16.2491;0.193227;0.416398;0;3.72608;16.1537;0.636751;2.96939
14.05;8.98679;0.773132;0.960514;0.276;14.5006;9.01457;0.728442;-1.70035
8.55159;10.2673;0.562305;-0.102102;0;8.53868;10.3362;0.656288;1.59625
10.4851;7.60223;0.363434;1.19082;0.071;10.8856;7.6602;0.367253;2.05746
8.05271;15.9611;0.571519;-0.940388;0;8.03167;15.7659;0.492351;-1.00132
5.73316;5.76934;0.83455;1.56396;0;5.63899;5.46539;0.570051;2.51309
3.95639;14.836;0.568981;-0.703599;0;4.1975;14.8122;0.643187;2.21458
-0.802172;15.7785;0.529468;-2.0728;0;-0.989596;15.8441;0.367631;1.34426
12.35;10.2469;0.678061;-1.1562;0;12.4885;10.3961;0.477147;2.27795
4.68606;6.36341;0.64149;-2.4089;0;4.62745;6.15465;0.633635;2.23086
7.45692;15.6517;0.158352;-0.00996057;0;7.39111;15.7066;0.310067;2.72962
7.10294;15.8357;0.273108;0.0294795;0;7.05236;16.0082;0.221937;-0.196006
12.3047;13.9194;0.735016;1.34317;0;12.5147;13.7434;0.613772;1.6765
11.2104;8.20471;0.668269;-1.81257;0.202;11.1066;8.55128;0.503924;1.34071
13.0904;8.28009;0.325034;-1.73083;0.44;13.1276;8.39124;0.450766;-2.06781
-1.97183;16.4062;0.169723;2.06512;0;-2.02819;16.6046;0.245373;-0.968537
11.582;12.1465;0.341331;1.43106;0;11.4603;12.2334;0.464404;1.5617
10.8051;9.60452;0.677971;-0.0219444;0;10.7356;9.81803;0.397675;-0.769054
11.3893;8.11508;0.522405;0.128661;0.202;11.2104;8.20471;0.668269;-1.81257
3.48036;15.0777;0.82448;0.726036;0;3.54323;14.6533;0.683053;2.3627
4.00983;5.57207;0.836651;-0.668468;0;4.04991;5.53833;0.776898;-2.47903
10.7722;15.3431;0.581139;1.71233;0;10.6372;15.2631;0.749526;0.68658
5.93363;8.96266;0.728333;2.84739;0;5.9856;8.95887;0.614609;-0.396727
4.08241;13.0802;0.456276;0.979717;0;3.87951;12.9731;0.387048;2.94299
7.64222;12.1218;0.361348;-2.26343;0;7.49142;12.1745;0.298756;-0.259579
12.3644;11.7352;0.364533;-2.24386;0;12.634;11.7248;0.576271;-0.46666
1.76906;16.2297;0.242626;2.66867;0;1.72871;16.2071;0.620022;-2.04051
6.827;15.8798;0.225538;-1.86914;0;6.6862;15.6981;0.191199;0.949891
4.13742;9.85229;0.750466;-0.582328;0;4.0686;10.1706;0.41936;2.16964
6.39493;9.89753;0.489384;-1.98813;0;6.27665;9.92814;0.392223;-1.41207
6.18445;12.3725;0.377619;-3.03778;0;6.15741;12.2611;0.294823;1.38931
4.32738;5.51859;0.435929;2.74002;0;4.21524;5.4389;0.485228;2.60126
4.26698;11.5738;0.270801;-2.21699;0;4.29522;11.2709;0.214202;2.9581
12.4276;13.9593;0.55545;-1.31186;0;12.3047;13.9194;0.735016;1.34317
13.7777;16.109;0.8441;0.357475;0;13.6683;15.8798;0.683884;-0.687004
7.12925;7.45044;0.369054;0.308347;0.061;7.33124;7.3615;0.451758;-0.9617
-1.95957;15.3324;0.426238;0.935368;0;-2.09468;15.6091;0.456383;-1.39017
9.66966;14.0083;0.396969;-2.05019;0;9.56708;13.9991;0.514766;-1.42086
3.89112;14.2434;0.200809;2.91907;0;4.08805;14.2983;0.330235;3.0394
14.2896;10.2725;0.60135;-0.686987;0.222;14.1115;10.0501;0.605438;-1.29198
10.2293;15.6727;0.512425;0.685852;0;10.0726;15.5906;0.512469;-1.67639
8.46587;6.18764;0.419868;1.92176;0.132;8.2578;6.12831;0.495306;-2.0358
8.44125;5.81405;0.622573;2.11267;0;8.4343;6.07861;0.644244;-2.58599
1.6614;14.4773;0.321519;-0.305192;0.169;1.97699;14.473;0.799757;2.17656
6.72831;10.327;0.54119;-0.672468;0;6.48187;10.0993;0.477168;-1.79148
8.04868;11.4856;0.530772;0.734346;0;8.12098;11.6305;0.503883;-0.193973
3.98194;14.8737;0.224323;-0.305483;0;3.95639;14.836;0.568981;-0.703599
3.70144;13.7367;0.690626;3.02113;0;3.68405;13.71;0.348771;-2.55469
8.3064;6.25882;0.635862;1.05368;0.132;8.2578;6.12831;0.495306;-2.0358
6.87866;11.5432;0.712536;-1.94082;0;7.10222;11.6418;0.760365;1.84083
5.789;11.8503;0.826983;-1.85294;0;6.20526;12.0431;0.579775;-0.522285
8.09655;8.16479;0.509768;2.52484;0.032;8.40021;8.02159;0.599443;1.52098
3.90767;11.9265;0.677396;1.05047;0;4.20809;11.9506;0.693664;2.20334
1.71658;8.2776;0.735642;-0.842093;0;1.71071;8.0403;0.572088;2.56453
12.8577;15.5716;0.249537;0.703176;0;12.2902;15.8072;0.373579;-1.30515
-1.96368;16.2248;0.338692;0.781903;0;-1.91502;16.3045;0.365771;2.82828
-0.0907815;15.6143;0.835314;-0.227345;0;0.454284;16.1225;0.677449;-2.94481
6.06229;15.7126;0.417088;-1.10365;0;5.93692;15.905;0.342914;1.65454
6.19169;12.3918;0.202704;2.69356;0;6.15741;12.2611;0.294823;1.38931
4.25922;10.7579;0.24777;3.01676;0;4.29522;11.2709;0.214202;2.9581
14.0203;16.013;0.419115;1.74749;0;14.1539;15.9894;0.394499;-1.37479
7.46328;6.38257;0.579022;2.71954;0;7.48993;6.22117;0.684379;-2.66051
6.0246;8.37102;0.755468;0.943097;0;6.1263;8.52714;0.535271;-2.45976
-0.114891;14.2869;0.366171;-2.93368;0.169;0.0671491;14.3152;0.330225;1.30903
12.5029;10.9849;0.598938;-1.29875;0;12.5495;11.0079;0.313226;-0.0560462
3.69839;12.0911;0.387358;0.663123;0;3.90767;11.9265;0.677396;1.05047
14.1757;16.0394;0.748888;-2.56778;0;14.1539;15.9894;0.394499;-1.37479
13.3377;8.33365;0.223694;2.37433;0.181;13.1683;8.44296;0.344274;2.3871
14.0483;11.1504;0.263209;-2.03862;0.222;14.1481;11.3556;0.427637;-2.94987
14.2862;11.6387;0.722198;-0.377931;0.222;14.3647;11.7924;0.465887;-3.02357
13.4305;14.0212;0.617332;2.02078;0;13.4814;14.1746;0.631565;1.84029
-0.583705;14.018;0.822927;-0.471261;0.169;-0.93245;13.9265;0.517318;0.528099
14.2715;16.3228;0.164426;2.56932;0;14.4118;16.2314;0.237254;-1.73793
-2.17615;16.4245;0.361877;2.0207;0;-2.02819;16.6046;0.245373;-0.968537
12.8744;14.0075;0.483932;2.66659;0;13.0013;13.7022;0.69024;1.10316
13.2859;15.9096;0.338383;-1.23684;0;13.4704;16.0842;0.311849;0.494634
11.2736;15.876;0.412932;0.889404;0;11.1861;15.8346;0.225007;-0.249746
7.33115;6.18145;0.207894;2.97735;0;7.56807;6.16683;0.225794;1.33103
-2.36297;14.2728;0.192799;-1.23885;0.448;-1.85869;14.0804;0.267547;-1.5469
5.60488;13.6526;0.602011;2.57942;0;5.80319;13.6537;0.751403;1.3106
2.24137;8.4768;0.793147;-1.07578;0;2.19845;8.69808;0.74719;0.308595
2.49872;10.5803;0.821543;2.03179;0;2.27966;10.3454;0.433776;1.25496
2.05606;14.3965;0.802684;2.26197;0.169;1.97699;14.473;0.799757;2.17656
3.91762;7.10997;0.692744;2.40001;0;4.09168;7.41982;0.81179;2.18514
3.93683;15.4283;0.722403;-2.67537;0;3.95352;15.7182;0.683782;3.02325
9.28999;14.316;0.667332;0.289905;0;9.54396;14.1969;0.42269;-0.307242
-0.671998;15.703;0.262503;-1.14601;0;-0.802172;15.7785;0.529468;-2.0728
10.7333;15.555;0.371122;-1.41567;0;10.6205;15.5564;0.556653;0.92172
3.50686;8.18407;0.300979;-1.23753;0;3.61362;8.15208;0.646876;-0.752914
2.72525;7.65726;0.753778;-0.911163;0;2.85863;7.806;0.593432;-0.95876
11.9212;10.1769;0.175604;1.35549;0;11.892;10.6804;0.169563;-0.60063
14.4923;9.97896;0.5136;-0.124504;0.222;14.2896;10.2725;0.60135;-0.686987
9.86812;10.4152;0.583498;0.873473;0;9.9212;10.297;0.833248;0.0615067
7.24413;16.0524;0.512537;-0.269156;0;7.05236;16.0082;0.221937;-0.196006
11.0097;9.67385;0.404631;0.197825;0;10.8695;9.68262;0.28144;2.42606
1.79092;15.7439;0.732929;-0.2872;0;1.49553;15.8805;0.561753;-2.1166
14.0268;14.8316;0.753454;1.90216;0;14.2369;14.8274;0.537715;-3.04649
5.53542;15.1536;0.164493;-2.36457;0;5.84937;14.9455;0.191136;1.07653
3.85035;10.7506;0.495657;2.62887;0;3.88304;10.3647;0.308057;-2.70166
13.2409;15.8712;0.482333;-1.53602;0;13.2859;15.9096;0.338383;-1.23684
13.9664;15.0933;0.583945;2.07111;0;14.0268;14.8316;0.753454;1.90216
1.48614;14.0889;0.677502;-2.20784;0.169;1.0607;14.2937;0.441606;-2.45646
3.91818;6.03468;0.645555;0.484964;0;3.68256;5.7572;0.568061;2.46282
9.97595;14.9566;0.634424;-2.69745;0;9.90965;14.7279;0.540801;-0.353288
3.53423;10.599;0.579148;1.77962;0;3.85035;10.7506;0.495657;2.62887
0.208343;15.9442;0.612668;3.11493;0;0.454284;16.1225;0.677449;-2.94481
12.2284;10.8228;0.481228;-0.962375;0;12.5029;10.9849;0.598938;-1.29875
7.73493;11.1222;0.405162;-0.570749;0;7.85064;11.0761;0.28006;-1.53821
-1.98853;14.6964;0.354768;1.1812;0;-2.21903;14.5955;0.650808;1.01129
11.0289;15.5652;0.840761;2.12047;0;11.1123;15.7921;0.627472;-2.59454
7.78394;7.1837;0.233085;-0.993806;0.033;7.91906;7.23979;0.311902;0.161662
5.42227;12.3274;0.314208;2.80615;0;5.46532;12.4191;0.405294;-0.81203
5.11341;5.66351;0.276037;2.37263;0;5.10955;5.82824;0.277163;-3.14114
9.53886;15.5667;0.312658;2.93156;0;9.56272;15.6311;0.546912;-1.24139
9.07267;14.3913;0.751817;3.08976;0;9.28999;14.316;0.667332;0.289905
1.92526;16.1887;0.36787;-2.51328;0;1.76906;16.2297;0.242626;2.66867
5.67106;12.5735;0.272249;2.76659;0;5.7801;12.7572;0.267177;0.622962
10.4392;9.44232;0.559517;1.3231;0;10.2917;9.70818;0.663415;2.43747
14.3032;9.84424;0.447979;0.816182;0.222;14.4923;9.97896;0.5136;-0.124504
7.39973;6.94086;0.694325;-3.12024;0.1;7.45553;6.91208;0.423891;-2.10976
10.5563;14.6906;0.409951;-1.29568;0;10.427;15.0657;0.574996;2.6047
10.0798;7.96513;0.821997;1.13312;0.171;10.044;8.05443;0.309551;0.893315
0.981378;14.183;0.671958;2.67295;0.169;1.0607;14.2937;0.441606;-2.45646
6.31908;6.48987;0.727183;2.61258;0.112;6.34245;6.37258;0.397335;2.0062
4.33224;5.81037;0.752352;0.284543;0.167;4.32267;5.78439;0.787709;-1.25598
4.66484;6.6053;0.716571;-2.48774;0;4.68606;6.36341;0.64149;-2.4089
6.04498;5.62207;0.271091;2.04569;0.112;6.17551;5.82679;0.294428;1.22081
12.5782;15.7108;0.561279;0.717818;0;12.4802;15.7482;0.808201;2.81961
14.2501;10.1209;0.824975;2.94946;0.222;14.1115;10.0501;0.605438;-1.29198
11.9177;16.3343;0.167377;-2.61652;0;11.9908;16.3519;0.306727;1.26904
8.20724;14.6325;0.468932;0.321278;0;8.24376;14.5121;0.317419;-0.0726118
2.82945;10.5563;0.671111;0.911422;0;2.49872;10.5803;0.821543;2.03179
5.92292;11.859;0.216047;-0.273978;0;6.16297;12.1485;0.407308;-2.67292
5.95985;15.1098;0.637303;-0.736378;0;6.12994;14.9987;0.530202;-1.92271
3.35483;10.1472;0.41092;3.12368;0;3.19514;10.1592;0.404136;-0.889372
8.00655;8.18799;0.182671;-2.66098;0.032;8.09655;8.16479;0.509768;2.52484
10.9752;7.75265;0.445483;1.43412;0.071;10.8856;7.6602;0.367253;2.05746
11.5103;12.116;0.739491;0.603918;0;11.4814;12.224;0.549414;-2.8675
5.54353;12.744;0.687164;2.45394;0;5.43063;12.3977;0.61849;2.63898
14.4457;15.3636;0.724812;-1.83238;0;14.25;15.2551;0.60286;-1.3888
11.018;8.05182;0.27311;2.7149;0.071;11.0559;7.87832;0.415023;-0.258412
14.1769;7.90696;0.259314;1.53656;0.306;13.6266;7.74131;0.439917;2.05986
6.41947;12.6674;0.522754;2.59507;0;6.53009;12.6944;0.360316;0.907818
6.49587;16.4895;0.559948;-1.62399;0;6.27923;16.5062;0.471738;0.690513
-2.12305;13.9423;0.161017;-1.35699;0.477;-1.85869;14.0804;0.267547;-1.5469
2.18797;13.9192;0.532979;-1.42006;0.169;2.05606;14.3965;0.802684;2.26197
7.81;12.3554;0.163646;-1.55242;0;7.66382;12.186;0.1524;3.00272
0.578124;15.592;0.309211;1.06313;0;0.208343;15.9442;0.612668;3.11493
12.225;12.1383;0.612702;0.0890989;0;12.2308;12.2762;0.474897;2.32151
11.8763;13.1738;0.26937;1.93521;0;11.8094;13.3653;0.251079;1.48821
9.77891;14.4978;0.810245;1.60035;0;9.51048;14.6731;0.651388;-1.77575
8.07128;7.10983;0.714391;-0.530094;0.032;8.27494;7.10178;0.614367;-2.09888
3.39194;8.07533;0.698007;2.86068;0;3.61362;8.15208;0.646876;-0.752914
8.9337;14.7357;0.804714;1.52685;0;9.17686;14.7626;0.76574;-0.155547
11.797;12.8837;0.699897;-2.93362;0;11.9744;12.878;0.591263;1.87742
5.99229;16.5531;0.457725;1.65272;0;5.96659;16.4292;0.425693;0.62588
4.24427;16.2309;0.817231;-0.534927;0;3.93199;16.2917;0.827862;1.02142
4.08929;11.0509;0.451902;3.04269;0;4.29522;11.2709;0.214202;2.9581
14.349;14.7759;0.385068;-1.07102;0;14.2369;14.8274;0.537715;-3.04649
10.3889;7.97739;0.443541;-1.16831;0.33;10.044;8.05443;0.309551;0.893315
-1.27091;13.787;0.159074;0.569193;0.169;-0.93245;13.9265;0.517318;0.528099
7.90445;8.25567;0.789965;1.59875;0.032;8.09655;8.16479;0.509768;2.52484
-2.29787;14.6993;0.788128;2.00997;0;-2.21903;14.5955;0.650808;1.01129
10.7072;9.93473;0.537974;-1.63117;0;10.7356;9.81803;0.397675;-0.769054
9.7298;9.31986;0.155678;2.6542;0.171;9.67615;9.04531;0.774349;2.51043
4.44823;6.12691;0.342669;-1.74046;0.137;4.21469;6.1229;0.210288;1.68923
8.34405;16.5626;0.190568;-2.03739;0;7.86772;16.336;0.480263;0.621672
3.53848;16.4166;0.636543;-2.55937;0;3.72608;16.1537;0.636751;2.96939
7.48551;5.92268;0.632651;1.5139;0;7.35318;5.82335;0.707564;2.18526
4.17217;14.212;0.758412;2.06036;0;4.11326;14.0561;0.508387;-1.05565
4.24313;14.568;0.446959;-2.97537;0;4.1975;14.8122;0.643187;2.21458
-0.451564;14.0884;0.727353;-0.943452;0.169;-0.583705;14.018;0.822927;-0.471261
13.5489;16.2406;0.728405;2.81796;0;13.7777;16.109;0.8441;0.357475
13.0196;16.1541;0.273412;2.17677;0;13.0016;16.4175;0.465957;2.16221
3.97942;12.2796;0.568923;-1.38472;0;4.26735;12.3781;0.778367;-2.35106
13.504;15.1527;0.812537;0.810625;0;13.5433;15.029;0.731807;0.796099
6.33107;12.9227;0.221482;-0.670643;0;6.26195;13.226;0.323865;0.768579
6.26864;6.3571;0.185302;2.47874;0.112;6.34245;6.37258;0.397335;2.0062
-1.54896;14.6742;0.282099;-1.09264;0.09;-1.98853;14.6964;0.354768;1.1812
4.24666;9.91534;0.674712;-1.43629;0;4.13742;9.85229;0.750466;-0.582328
11.6102;12.7347;0.803055;1.97377;0;11.4338;12.6892;0.625585;-2.21461
10.6517;16.4227;0.584013;-1.27155;0;10.7416;16.3794;0.42721;2.96979
6.81494;7.64628;0.737647;-0.432746;0;6.85496;7.64074;0.743722;-1.49963
3.07665;7.54499;0.443248;2.67682;0;3.12737;7.43174;0.628586;-0.796608
10.1954;10.698;0.254489;0.20518;0;9.86812;10.4152;0.583498;0.873473
11.7004;11.5299;0.679342;-1.73242;0;11.712;11.6345;0.187077;2.29097
8.50361;7.23858;0.313285;0.920121;0.032;8.27494;7.10178;0.614367;-2.09888
10.5513;14.4066;0.83526;-2.21436;0;10.5626;14.8867;0.845111;1.78194
3.67759;13.4932;0.745361;-1.51596;0;3.70144;13.7367;0.690626;3.02113
8.0136;15.859;0.566612;1.84621;0;8.05271;15.9611;0.571519;-0.940388
11.8614;10.2786;0.481008;-2.66628;0;11.9212;10.1769;0.175604;1.35549
4.30443;7.25411;0.363135;-2.13217;0.027;4.40612;6.98035;0.447648;2.54169
14.505;15.9572;0.226171;-1.41065;0;14.4118;16.2314;0.237254;-1.73793
11.529;8.24872;0.324469;-2.87145;0.202;11.3893;8.11508;0.522405;0.128661
10.1553;9.51579;0.407883;0.756518;0;10.4392;9.44232;0.559517;1.3231
14.019;11.359;0.832319;-1.82812;0.222;14.2862;11.6387;0.722198;-0.377931
9.99254;14.0263;0.650891;-2.65076;0;9.70795;13.7632;0.657019;1.40455
13.6832;15.4577;0.413574;3.05745;0;13.648;15.2085;0.744467;2.99843
3.96134;6.30811;0.795356;0.330941;0;3.91818;6.03468;0.645555;0.484964
14.2942;8.34798;0.249495;0.936062;0.306;14.1769;7.90696;0.259314;1.53656
13.8007;7.87927;0.770977;1.0943;0.306;13.5948;7.55927;0.750032;-0.769232
3.71474;8.39469;0.401788;2.85942;0;3.50686;8.18407;0.300979;-1.23753
10.7695;8.39443;0.66047;-2.31062;0.071;10.6586;8.0857;0.749049;-0.0806708
4.33824;7.89542;0.346115;0.0693479;0;4.3255;7.84111;0.389973;2.38037
8.82498;14.078;0.777466;-1.48851;0;8.99788;13.8906;0.845937;3.00392
-0.731218;16.0975;0.612929;-1.13283;0;-0.802172;15.7785;0.529468;-2.0728
2.36328;13.9311;0.779042;-2.59065;0.169;2.18797;13.9192;0.532979;-1.42006
8.35274;12.4488;0.834113;-0.261626;0;8.47485;12.3449;0.425961;2.8211
1.95596;10.2515;0.643477;1.80594;0;1.84903;10.4168;0.603489;0.803951
13.2665;13.5153;0.29579;-2.92626;0;13.1164;13.6826;0.38309;-2.12408
14.169;10.3404;0.544759;1.30854;0.222;14.2896;10.2725;0.60135;-0.686987
12.4181;8.20813;0.617227;-0.692115;0.181;12.1844;8.36855;0.506808;1.94256
6.82221;9.41648;0.491327;-1.29473;0;6.9862;9.55968;0.404958;1.1388
14.2823;9.46079;0.250496;-1.83289;0.234;14.3032;9.84424;0.447979;0.816182
5.69785;15.7606;0.201825;-0.0551877;0;5.93692;15.905;0.342914;1.65454
12.4828;12.665;0.319781;2.97395;0;12.4365;12.3684;0.291724;2.7973
1.57982;16.3876;0.340823;-0.146027;0;1.76906;16.2297;0.242626;2.66867
1.59613;13.697;0.275273;1.57508;0.169;1.48614;14.0889;0.677502;-2.20784
7.81787;14.2441;0.692838;2.31899;0;7.81564;14.0084;0.336671;0.464772
8.0742;8.13188;0.765833;-2.97589;0.032;7.90445;8.25567;0.789965;1.59875
12.2132;10.8972;0.779566;-2.62019;0;12.2284;10.8228;0.481228;-0.962375
11.1321;16.0106;0.422635;2.37517;0;11.2736;15.876;0.412932;0.889404
3.79525;5.98872;0.230145;1.17698;0;3.63025;5.90671;0.318102;2.14167
9.95748;16.6078;0.507092;2.80059;0;9.9347;16.5931;0.524644;-1.66455
14.4367;11.0299;0.849091;-0.461741;0.222;14.3504;11.1337;0.755415;0.680721
11.8655;11.2886;0.802679;-2.3209;0;11.7004;11.5299;0.679342;-1.73242
8.20554;15.4726;0.534467;-1.92711;0;8.06017;15.5001;0.654656;0.367158
2.22288;7.81137;0.270076;0.715881;0;2.18782;7.77339;0.605652;-2.81463
1.92322;12.7545;0.342954;2.55337;0.169;1.59613;13.697;0.275273;1.57508
2.06258;12.9399;0.320101;-2.3358;0.169;1.92322;12.7545;0.342954;2.55337
11.8227;7.74061;0.443536;0.885405;0.202;11.3893;8.11508;0.522405;0.128661
13.7226;16.1096;0.711922;1.9813;0;13.7777;16.109;0.8441;0.357475
3.95821;11.3575;0.194328;2.07891;0;4.29522;11.2709;0.214202;2.9581
2.19613;13.4895;0.694748;3.06341;0.169;2.18797;13.9192;0.532979;-1.42006
6.31957;16.029;0.345329;-1.52563;0;5.93692;15.905;0.342914;1.65454
2.05745;9.88943;0.496402;-0.89034;0;2.12576;9.94517;0.821755;-1.10703
4.13683;13.3541;0.633112;0.556913;0;4.06898;13.3519;0.736639;-1.39338
3.67683;12.7109;0.384702;-1.55212;0;3.87951;12.9731;0.387048;2.94299
7.24452;15.2281;0.529226;-1.01386;0;7.52144;15.2874;0.240819;-1.26994
12.1047;10.1295;0.42266;-1.01028;0;11.8614;10.2786;0.481008;-2.66628
11.1704;10.685;0.363583;2.35278;0;11.0358;10.4975;0.294083;-1.8058
7.80821;11.438;0.263527;2.03731;0;7.73493;11.1222;0.405162;-0.570749
1.74593;11.9838;0.722598;-0.917959;0.169;1.92322;12.7545;0.342954;2.55337
9.91189;9.64742;0.506716;2.08618;0;10.1553;9.51579;0.407883;0.756518
5.44449;6.12764;0.285164;0.0767187;0;5.34772;6.30457;0.33999;2.96499
2.19566;16.2348;0.163574;-3.08383;0;1.92526;16.1887;0.36787;-2.51328
10.6157;8.19619;0.760748;-0.0539904;0.071;10.6586;8.0857;0.749049;-0.0806708
11.5294;8.29198;0.654855;1.96851;0.202;11.3893;8.11508;0.522405;0.128661
10.1823;14.9958;0.356379;1.83425;0;10.0218;15.1103;0.284525;-1.16093
3.44734;15.4756;0.755257;-1.01975;0;3.48036;15.0777;0.82448;0.726036
6.85343;5.86127;0.561759;-1.15102;0.171;6.87177;5.87402;0.649679;1.57006
3.86321;6.45358;0.175642;0.786688;0;3.63158;6.21723;0.279088;-0.349829
1.57945;11.9813;0.65442;-2.06948;0.169;1.74593;11.9838;0.722598;-0.917959
10.4069;9.04378;0.780906;2.76305;0.071;10.6474;9.22442;0.757922;1.54018
5.72717;8.56962;0.453542;-2.69294;0;5.72674;8.71073;0.390488;-1.61409
7.26461;6.00633;0.254606;-0.663622;0;7.33115;6.18145;0.207894;2.97735
13.9925;10.5735;0.545962;2.57534;0.222;14.169;10.3404;0.544759;1.30854
3.27066;8.44201;0.444411;1.12079;0;3.50686;8.18407;0.300979;-1.23753
3.70009;6.40547;0.376435;0.845386;0;3.63158;6.21723;0.279088;-0.349829
7.18869;11.6756;0.541106;0.214255;0;7.10222;11.6418;0.760365;1.84083
13.1352;13.5523;0.771704;-3.04829;0;12.9465;13.6025;0.821479;2.78289
3.0854;16.3487;0.526924;-0.408873;0;2.92526;16.2234;0.720586;-0.271228
2.59637;9.84669;0.214536;-0.399418;0;2.46648;10.0268;0.253034;-2.63116
8.11461;16.0211;0.364227;-0.500394;0;8.05271;15.9611;0.571519;-0.940388
0.72225;11.8178;0.813263;1.9894;0.169;1.57945;11.9813;0.65442;-2.06948
6.48868;9.10547;0.457105;3.12063;0;6.1544;9.00597;0.443674;-2.87509
-0.120699;11.3002;0.66622;-2.293;0.169;0.72225;11.8178;0.813263;1.9894
9.64446;15.8452;0.730312;-1.19655;0;9.65079;15.8227;0.484653;-0.216895
14.4559;7.89163;0.429639;-0.272981;0.306;14.1769;7.90696;0.259314;1.53656
-0.0226462;10.3527;0.36213;2.08759;0.169;-0.120699;11.3002;0.66622;-2.293
9.88372;9.04029;0.282022;-0.775833;0.171;9.7298;9.31986;0.155678;2.6542
12.4427;13.7841;0.672548;0.32166;0;12.5147;13.7434;0.613772;1.6765
13.2542;14.6815;0.619503;-1.29668;0;13.3817;14.7476;0.711037;-0.0602658
11.7128;10.8028;0.796904;2.84431;0;11.8655;11.2886;0.802679;-2.3209
5.62448;12.7734;0.813891;-2.69192;0;5.54353;12.744;0.687164;2.45394
-2.33314;16.3741;0.35799;0.327004;0;-2.17615;16.4245;0.361877;2.0207
12.6977;14.5423;0.777141;2.0131;0;13.2542;14.6815;0.619503;-1.29668
12.6808;14.0726;0.837177;1.95861;0;12.4276;13.9593;0.55545;-1.31186
1.80448;16.5331;0.264917;-1.0891;0;1.57982;16.3876;0.340823;-0.146027
1.41113;13.4961;0.36275;-2.03504;0.169;1.59613;13.697;0.275273;1.57508
3.94429;15.4491;0.273891;-0.32292;0;3.64285;15.1927;0.373141;-0.342704
5.51143;14.816;0.728437;2.19147;0;5.48809;14.3863;0.684482;-2.18503
13.8224;15.2981;0.610827;-1.28627;0;13.648;15.2085;0.744467;2.99843
4.09421;13.6286;0.51857;-3.12318;0;3.99823;13.463;0.684059;-2.12778
10.1648;11.6851;0.411206;1.21699;0;10.1954;10.698;0.254489;0.20518
8.35844;14.411;0.699701;-2.55858;0;8.20724;14.6325;0.468932;0.321278
9.72323;12.1598;0.647526;1.51689;0;10.1648;11.6851;0.411206;1.21699
10.3016;9.11216;0.753269;-0.430978;0.071;10.4069;9.04378;0.780906;2.76305
3.93457;14.9049;0.511877;-0.211625;0;3.95639;14.836;0.568981;-0.703599
6.46071;9.61489;0.232036;0.937226;0;6.14685;9.7373;0.283766;0.606781
4.85071;5.61719;0.200118;1.05663;0;5.11341;5.66351;0.276037;2.37263
10.2326;10.5844;0.294753;-1.12738;0;10.1954;10.698;0.254489;0.20518
2.32294;12.9079;0.399795;-1.78257;0.169;2.06258;12.9399;0.320101;-2.3358
0.499238;16.1222;0.174314;0.846576;0;0.729091;16.181;0.61127;0.242837
10.2453;7.95538;0.167712;-3.04583;0.171;10.044;8.05443;0.309551;0.893315
0.929727;16.0043;0.179135;-0.135519;0;0.499238;16.1222;0.174314;0.846576
14.3524;16.0293;0.477064;1.43307;0;14.1539;15.9894;0.394499;-1.37479
3.3533;8.24812;0.555043;-0.155223;0;3.39194;8.07533;0.698007;2.86068
0.22717;9.54262;0.37304;1.43079;0.169;-0.0226462;10.3527;0.36213;2.08759
8.20313;15.639;0.384713;-2.8343;0;8.20554;15.4726;0.534467;-1.92711
4.9322;5.91022;0.152931;2.61801;0;5.10955;5.82824;0.277163;-3.14114
-0.561881;8.9288;0.39789;-1.66284;0.169;0.22717;9.54262;0.37304;1.43079
-2.15576;14.0936;0.770121;-0.993026;0.142;-2.18484;14.4488;0.722207;0.0848477
-1.17356;8.1384;0.431474;0.543689;0.169;-0.561881;8.9288;0.39789;-1.66284
-2.17089;8.21122;0.43661;1.30084;0.343;-1.17356;8.1384;0.431474;0.543689
-3.02748;7.69617;0.467703;2.22866;0.464;-2.17089;8.21122;0.43661;1.30084
-3.77764;7.03495;0.460258;-2.05255;0.464;-3.02748;7.69617;0.467703;2.22866
-4.28314;6.17216;0.452114;2.46236;0.464;-3.77764;7.03495;0.460258;-2.05255
-5.24184;6.45437;0.487242;-1.03256;0.464;-4.28314;6.17216;0.452114;2.46236
-5.74149;5.58837;0.467176;-1.37252;0.47;-5.24184;6.45437;0.487242;-1.03256
-5.34837;4.669;0.481429;1.99793;0.47;-5.74149;5.58837;0.467176;-1.37252
-4.66437;3.94017;0.450594;2.91553;0.47;-5.34837;4.669;0.481429;1.99793
-3.7616;8.36946;0.555738;-0.0243025;0.464;-3.02748;7.69617;0.467703;2.22866
9.97566;9.07848;0.53528;0.474062;0.171;9.88372;9.04029;0.282022;-0.775833
7.34165;8.02826;0.508307;0.499864;0;7.22178;7.88091;0.713272;2.0368
-6.30021;4.36365;0.508857;2.83498;0.47;-5.34837;4.669;0.481429;1.99793
7.591;6.42428;0.40174;1.25021;0;7.46328;6.38257;0.579022;2.71954
7.99693;14.2344;0.314154;-0.812905;0;7.81564;14.0084;0.336671;0.464772
12.9298;13.6452;0.221573;-0.921247;0;13.1164;13.6826;0.38309;-2.12408
11.3366;15.5352;0.543646;0.249262;0;11.625;15.4704;0.578449;-1.56082
1.91716;9.43123;0.596796;-2.11336;0;1.93591;9.27356;0.549286;-1.96489
0.343784;8.80744;0.836148;-2.51384;0.169;0.22717;9.54262;0.37304;1.43079
-3.75633;3.52129;0.446785;2.91891;0.47;-4.66437;3.94017;0.450594;2.91553
0.444863;7.84137;0.598456;1.25855;0.169;0.343784;8.80744;0.836148;-2.51384
10.1516;9.9357;0.5244;-3.03911;0;10.2917;9.70818;0.663415;2.43747
3.4863;6.66266;0.635732;1.07308;0;3.5811;6.85213;0.685494;-2.36805
-0.139839;15.716;0.314078;-1.34367;0;0.208343;15.9442;0.612668;3.11493
5.58639;8.10763;0.215957;-1.1202;0;5.64489;8.22875;0.396905;1.90375
8.08088;6.61978;0.592409;0.302242;0;7.77264;6.59254;0.401232;-1.8661
4.0019;12.6463;0.355246;-2.23838;0;4.1029;12.7838;0.256419;-1.91894
-2.61604;7.81053;0.812834;-2.7322;0.464;-3.02748;7.69617;0.467703;2.22866
12.1901;8.31984;0.585092;-2.32722;0.181;12.1844;8.36855;0.506808;1.94256
-2.7671;3.59523;0.320474;2.34954;0.47;-3.75633;3.52129;0.446785;2.91891
9.86255;8.74915;0.317653;-1.86264;0.251;9.80382;8.56197;0.259146;-1.91219
-0.991655;15.6025;0.673038;-1.97007;0;-0.802172;15.7785;0.529468;-2.0728
0.935724;16.2225;0.747651;0.766227;0;0.729091;16.181;0.61127;0.242837
2.54007;8.19015;0.440212;-1.74914;0;2.8707;8.26991;0.623845;1.17637
11.467;9.91168;0.604306;2.79245;0;11.503;10.1816;0.502155;0.810981
-1.77437;3.5966;0.440861;-2.42382;0.47;-2.7671;3.59523;0.320474;2.34954
3.52907;10.8763;0.537389;0.155315;0;3.53423;10.599;0.579148;1.77962
6.07297;9.46424;0.849213;2.83001;0;6.13683;9.43948;0.729959;-1.46512
0.854744;15.8934;0.736962;-2.69187;0;0.729091;16.181;0.61127;0.242837
7.85977;7.27322;0.62488;-0.690607;0;7.93541;7.22135;0.509812;0.521014
2.57878;8.26206;0.664556;-3.10298;0;2.54007;8.19015;0.440212;-1.74914
9.0814;14.3596;0.585163;0.993629;0;9.07267;14.3913;0.751817;3.08976
-1.84891;16.612;0.310968;2.45922;0;-2.02819;16.6046;0.245373;-0.968537
-0.202458;13.7228;0.63927;2.70466;0.169;-0.451564;14.0884;0.727353;-0.943452
0.416043;8.54062;0.322225;2.91718;0.169;0.343784;8.80744;0.836148;-2.51384
-0.368945;7.78633;0.801731;0.947056;0.169;0.444863;7.84137;0.598456;1.25855
6.98306;15.7527;0.839342;-0.694545;0;6.70859;15.5736;0.902846;-2.41653
7.35464;6.01963;0.647372;0.756129;0;7.40585;6.09705;0.68953;2.99787
7.01836;11.9572;0.442994;-1.08746;0;7.08653;12.1248;0.731602;2.99137
-5.97897;4.36635;0.795365;-2.0088;0.593;-6.30021;4.36365;0.508857;2.83498
