0.467733;-2.44117;0.830432;1.88304
0.469708;-2.44139;0.831769;1.88283
0.470457;-2.44088;0.8327;1.88283
0.471255;-2.44044;0.833806;1.88283
0.47243;-2.44035;0.834989;1.88274
0.473438;-2.44081;0.835576;1.88286
0.475515;-2.44181;0.837443;1.8829
0.476424;-2.44241;0.837003;1.8829
0.477348;-2.44251;0.836074;1.8829
0.478369;-2.44269;0.835813;1.88271
0.478996;-2.44255;0.836096;1.88277
0.480089;-2.44213;0.835783;1.88268
0.481628;-2.442;0.834637;1.88276
0.482281;-2.44197;0.833694;1.88292
0.482657;-2.4421;0.833502;1.88284
0.483034;-2.44267;0.832522;1.88294
0.482516;-2.44365;0.83188;1.88275
0.482419;-2.44364;0.832023;1.88271
0.482261;-2.44362;0.832066;1.88279
0.482153;-2.44361;0.831986;1.88282
0.48202;-2.4436;0.831799;1.88294
0.482016;-2.4436;0.831661;1.88285
0.482026;-2.44367;0.830489;1.88288
0.482111;-2.4438;0.830374;1.88285
0.482553;-2.44385;0.829566;1.88303
0.483134;-2.4444;0.829903;1.88296
0.483481;-2.44504;0.830773;1.88282
0.483899;-2.44601;0.83165;1.88281
0.484353;-2.44673;0.831906;1.88277
0.485062;-2.44851;0.8329;1.88084
0.485261;-2.44923;0.833381;1.87615
0.484254;-2.44761;0.835735;1.84288
0.478569;-2.43899;0.837282;1.79893
0.471403;-2.42849;0.837576;1.76618
0.446372;-2.38821;0.83751;1.66543
0.419194;-2.33882;0.837466;1.57932
0.389275;-2.27657;0.836621;1.47773
0.365948;-2.22441;0.835471;1.41952
0.323171;-2.1165;0.833217;1.28584
0.27603;-1.99549;0.828118;1.19715
0.253723;-1.93706;0.825394;1.14957
0.215638;-1.84407;0.822882;1.10667
0.167232;-1.72831;0.819711;1.07009
0.156176;-1.70228;0.819131;1.06077
0.112042;-1.59812;0.816267;1.03585
0.0822231;-1.53044;0.815184;1.0246
0.0640804;-1.4886;0.814825;1.01946
0.0273749;-1.40735;0.815925;1.01175
0.0118094;-1.37281;0.81659;1.01042
-0.0253638;-1.28897;0.815881;1.01027
-0.0314509;-1.27376;0.815517;1.01123
-0.0601253;-1.19474;0.816435;1.02259
-0.0689277;-1.164;0.816705;1.03376
-0.0832513;-1.11262;0.817187;1.05452
-0.0943514;-1.06298;0.817201;1.08651
-0.106086;-1.00663;0.816385;1.12524
-0.115785;-0.951267;0.815458;1.17172
-0.127438;-0.890149;0.814095;1.22595
-0.134217;-0.851715;0.813132;1.26331
-0.145978;-0.794776;0.811602;1.32777
-0.162757;-0.716431;0.81049;1.42296
-0.179316;-0.643279;0.812687;1.52316
-0.185275;-0.611505;0.814068;1.60953
-0.191133;-0.578518;0.815421;1.68437
-0.19889;-0.514599;0.815614;1.88305
-0.201111;-0.492549;0.817452;1.99155
-0.20302;-0.460318;0.819766;2.1374
-0.206998;-0.435678;0.81913;2.28314
-0.210027;-0.419308;0.818671;2.37933
-0.217512;-0.395066;0.817494;2.57451
-0.223711;-0.378936;0.81693;2.71431
-0.231702;-0.361863;0.816327;2.87519
-0.23587;-0.355422;0.816922;2.97588
-0.241577;-0.347357;0.817345;3.10032
-0.249515;-0.340861;0.819215;-3.07131
-0.253959;-0.337837;0.820259;-3.00681
-0.263653;-0.33433;0.824413;-2.85498
-0.267837;-0.333888;0.825799;-2.78838
-0.278351;-0.334609;0.828302;-2.63279
-0.282801;-0.335575;0.828829;-2.55851
-0.293113;-0.336744;0.830565;-2.40507
-0.298793;-0.336364;0.831358;-2.30305
-0.310585;-0.333551;0.833142;-2.19175
-0.313148;-0.332302;0.833182;-2.16264
-0.323252;-0.327051;0.833426;-2.06273
-0.328823;-0.32127;0.832787;-2.00822
-0.335215;-0.316425;0.83286;-1.98226
-0.343033;-0.306095;0.83231;-1.93257
-0.348946;-0.301488;0.83203;-1.91234
-0.356076;-0.290634;0.830798;-1.85892
-0.364623;-0.279721;0.830033;-1.81184
-0.369393;-0.268372;0.828555;-1.75639
-0.378183;-0.256687;0.826503;-1.69753
-0.382735;-0.247182;0.825301;-1.66022
-0.394678;-0.228934;0.824941;-1.55136
-0.407452;-0.206778;0.823543;-1.42816
-0.414069;-0.197918;0.823271;-1.33927
-0.42278;-0.181586;0.822555;-1.23213
-0.431264;-0.171938;0.822499;-1.17079
-0.443058;-0.15258;0.821098;-1.03749
-0.453978;-0.138691;0.821421;-0.94956
-0.458591;-0.127142;0.821683;-0.862736
-0.463943;-0.120037;0.822778;-0.817791
-0.468036;-0.107061;0.824903;-0.710425
-0.473896;-0.0997118;0.826613;-0.633636
-0.477345;-0.089524;0.827075;-0.528579
-0.480059;-0.0858089;0.827065;-0.463734
-0.480371;-0.0795512;0.826324;-0.375514
-0.484781;-0.0737346;0.827959;-0.294247
-0.483883;-0.0658248;0.829721;-0.202614
-0.484712;-0.062635;0.830986;-0.140957
-0.482297;-0.0590234;0.831705;-0.0950565
-0.479789;-0.0538313;0.834934;0.0268233
-0.476687;-0.0512487;0.835791;0.0794514
-0.472511;-0.0474986;0.836564;0.202643
-0.465027;-0.0445567;0.836135;0.270443
-0.460426;-0.0434746;0.836571;0.33618
-0.455535;-0.0425479;0.836467;0.36383
-0.454201;-0.0421857;0.837095;0.368224
-0.441182;-0.0381836;0.839437;0.357165
-0.426878;-0.0320102;0.83951;0.293586
-0.417587;-0.0283507;0.839539;0.221511
-0.404527;-0.0228601;0.839731;0.111453
-0.393817;-0.0187482;0.839303;0.0451718
-0.365316;-0.00824406;0.839641;-0.119782
-0.349107;-0.0030262;0.841042;-0.271683
-0.326516;0.00237819;0.841777;-0.446026
-0.308637;0.00263151;0.843015;-0.651741
-0.292331;0.00193464;0.842937;-0.768942
-0.266317;-0.00306909;0.842187;-1.06688
-0.242598;-0.0084776;0.841872;-1.26186
-0.224163;-0.0148779;0.841879;-1.43719
-0.200883;-0.0214056;0.841359;-1.60887
-0.188593;-0.026918;0.840978;-1.70223
-0.158815;-0.0375486;0.840124;-1.88729
-0.140224;-0.0471196;0.840401;-1.97743
-0.120785;-0.0541796;0.84064;-2.04933
-0.10414;-0.0626892;0.840307;-2.09669
-0.0810509;-0.071691;0.839436;-2.13616
-0.0731231;-0.0757395;0.838617;-2.15419
-0.0566208;-0.0812703;0.837245;-2.16939
-0.0454072;-0.0896734;0.837159;-2.1791
-0.0313166;-0.096394;0.836382;-2.18499
-0.0261249;-0.101924;0.835391;-2.18718
-0.0165039;-0.108621;0.833072;-2.18935
-0.00765839;-0.116957;0.829862;-2.19021
-0.000351205;-0.120671;0.827097;-2.18986
0.00547279;-0.127068;0.825521;-2.18902
0.00751337;-0.127737;0.825187;-2.18856
0.0124232;-0.130922;0.823882;-2.18861
0.0180372;-0.131241;0.822377;-2.19466
0.0194205;-0.131846;0.821349;-2.19991
0.0250598;-0.129807;0.819909;-2.21333
0.0256306;-0.129622;0.818937;-2.21795
0.0299484;-0.126157;0.817192;-2.22842
0.0298003;-0.12541;0.816958;-2.2317
0.0322414;-0.122408;0.814754;-2.23468
0.0320758;-0.121953;0.813332;-2.23608
0.0326383;-0.121226;0.812476;-2.23621
0.0341145;-0.119749;0.81269;-2.24169
0.0340173;-0.119105;0.819652;-2.25956
0.0273539;-0.121466;0.816378;-2.26484
0.0269322;-0.121216;0.816157;-2.26253
0.0253947;-0.12226;0.816936;-2.25739
0.0279012;-0.121242;0.816185;-2.25173
0.0275872;-0.121472;0.814019;-2.24872
0.0306151;-0.119525;0.810797;-2.24238
0.0302372;-0.119047;0.809093;-2.24041
0.0329793;-0.116044;0.805498;-2.23655
0.0330708;-0.115677;0.803893;-2.23586
0.0332314;-0.115362;0.80265;-2.23418
0.0379872;-0.115512;0.797269;-2.14878
0.0411041;-0.119566;0.828785;-2.13471
0.0434326;-0.121219;0.83925;-2.12985
0.0434709;-0.125234;0.833214;-2.10235
0.0438098;-0.128339;0.850946;-2.08138
0.0407965;-0.134924;0.865145;-2.05842
0.0392206;-0.140927;0.87676;-2.02308
0.0356169;-0.15059;0.894146;-1.97687
0.0338444;-0.162301;0.911283;-1.91918
0.0314898;-0.171635;0.917939;-1.88253
0.029421;-0.19229;0.933024;-1.79351
0.0265056;-0.209581;0.945873;-1.7246
0.0257393;-0.228775;0.958014;-1.65073
0.0226677;-0.248955;0.967154;-1.57819
0.0216531;-0.264328;0.972837;-1.53652
0.0187951;-0.297583;0.981806;-1.43006
0.0183063;-0.321832;0.987375;-1.35954
0.0168486;-0.339509;0.990896;-1.31528
0.0162676;-0.376453;0.997477;-1.20831
0.015224;-0.404722;1.00187;-1.12781
0.0159321;-0.434908;1.00612;-1.04585
0.0162926;-0.455057;1.00715;-1.0018
0.0182272;-0.48709;1.00727;-0.922351
0.0222124;-0.540253;1.00755;-0.804517
0.0243676;-0.559968;1.00769;-0.743745
0.0277359;-0.604192;1.00761;-0.651938
0.0299038;-0.624286;1.00803;-0.586604
0.0319418;-0.645602;1.00792;-0.544632
0.0383248;-0.699703;1.00697;-0.424134
0.0414624;-0.72383;1.0069;-0.367204
0.0458935;-0.754826;1.00679;-0.291337
0.047513;-0.765842;1.00675;-0.276145
0.049136;-0.776958;1.0069;-0.245341
0.0543594;-0.81183;1.0075;-0.166988
0.0638852;-0.886882;1.01713;-0.0539238
0.0667177;-0.913983;1.05345;-0.0809357
0.0689108;-0.933459;1.07052;-0.126241
0.0739106;-0.941483;1.0758;-0.18795
0.080221;-0.939006;1.0819;-0.228929
0.0987917;-0.925343;1.08787;-0.329531
0.118143;-0.907165;1.08943;-0.405849
0.153668;-0.874563;1.09079;-0.495972
0.163187;-0.86517;1.09098;-0.530004
0.197597;-0.832946;1.08913;-0.603884
0.245708;-0.786805;1.08457;-0.713757
0.262479;-0.771693;1.08286;-0.72968
0.276332;-0.759202;1.0813;-0.764266
0.383709;-0.660378;1.07063;-0.910855
0.42734;-0.618167;1.06597;-0.95433
0.473074;-0.573858;1.06171;-0.997631
0.502996;-0.543407;1.05951;-1.02878
0.554854;-0.492756;1.05616;-1.10972
0.578641;-0.469417;1.05486;-1.14914
0.622604;-0.425424;1.05298;-1.23884
0.651528;-0.399702;1.05227;-1.30983
0.685648;-0.370476;1.05233;-1.39223
0.700679;-0.359861;1.05248;-1.45395
0.720557;-0.346304;1.05281;-1.52877
0.738148;-0.337182;1.05397;-1.60154
0.748549;-0.332839;1.05434;-1.65006
0.76678;-0.32904;1.05403;-1.75507
0.779252;-0.33117;1.05358;-1.85029
0.782934;-0.332825;1.0535;-1.88214
0.790311;-0.341577;1.05343;-1.99142
0.795405;-0.355912;1.05404;-2.08532
0.795703;-0.364139;1.05464;-2.14633
0.798053;-0.378328;1.05541;-2.21675
0.798047;-0.388847;1.0554;-2.26242
0.797468;-0.414396;1.05545;-2.37046
0.794738;-0.434045;1.0564;-2.44583
0.794185;-0.449687;1.05803;-2.49281
0.790192;-0.478649;1.06012;-2.60233
0.788828;-0.495833;1.06057;-2.64442
0.78324;-0.52653;1.06028;-2.74697
0.780359;-0.544311;1.06072;-2.79095
0.772464;-0.57621;1.06225;-2.90285
0.766596;-0.603176;1.0627;-2.98054
0.761871;-0.619725;1.06303;-3.02327
0.752056;-0.655555;1.06668;-3.13336
0.746853;-0.672414;1.06851;3.10387
0.737066;-0.709039;1.07043;3.00013
0.729096;-0.734803;1.07115;2.92151
0.724319;-0.75481;1.07179;2.87826
0.716843;-0.781216;1.07219;2.80102
0.711285;-0.801054;1.07262;2.75297
0.709062;-0.809978;1.07304;2.72684
0.706648;-0.818826;1.07354;2.69794
0.69853;-0.845026;1.07472;2.62861
0.67981;-0.91696;1.07915;2.50047
0.67086;-0.949798;1.08058;2.45195
0.664053;-0.97998;1.08128;2.40571
0.660046;-0.993857;1.08185;2.36848
0.656225;-1.00964;1.08216;2.33751
0.645971;-1.04479;1.08238;2.24241
0.642395;-1.05837;1.08231;2.18962
0.635957;-1.07795;1.08229;2.12008
0.628357;-1.10001;1.08301;2.0499
0.619903;-1.11975;1.08359;1.97909
0.611194;-1.1425;1.0838;1.90395
0.602117;-1.1628;1.08374;1.83293
0.592969;-1.1866;1.0834;1.75742
0.583676;-1.20809;1.08359;1.68452
0.578178;-1.22279;1.08299;1.6361
0.565328;-1.253;1.08125;1.53327
0.558788;-1.26673;1.08107;1.48773
0.542702;-1.30372;1.0833;1.36465
0.536476;-1.31774;1.08425;1.29973
0.529914;-1.33443;1.08514;1.25748
0.517824;-1.36347;1.08671;1.15498
0.504872;-1.39503;1.08713;1.06918
0.498497;-1.40956;1.08699;1.00827
0.48896;-1.43156;1.08614;0.931394
0.481471;-1.44779;1.08545;0.882141
0.467799;-1.47667;1.08471;0.776849
0.456485;-1.49969;1.08389;0.701462
0.445976;-1.52199;1.08304;0.624367
0.438114;-1.5386;1.0828;0.582877
0.423486;-1.56974;1.08191;0.476935
0.411685;-1.59522;1.08089;0.401026
0.395589;-1.62904;1.07863;0.306097
0.388274;-1.64458;1.07762;0.249604
0.377938;-1.66747;1.07589;0.175712
0.370444;-1.6842;1.075;0.13114
0.356642;-1.71295;1.0727;0.0218292
0.346031;-1.73601;1.07196;-0.0515919
0.338727;-1.75004;1.07143;-0.100029
0.323828;-1.77953;1.06915;-0.201937
0.313097;-1.80058;1.06656;-0.275595
0.305471;-1.81637;1.06567;-0.320085
0.302217;-1.82341;1.06541;-0.350509
0.298686;-1.83083;1.06438;-0.365623
0.271474;-1.89122;1.05494;-0.531108
0.26501;-1.90625;1.05411;-0.554967
0.25269;-1.93313;1.04919;-0.588176
0.248536;-1.94431;1.04475;-0.590391
0.244719;-1.96259;1.03335;-0.566296
0.249522;-1.96952;1.0251;-0.532208
0.254304;-1.97157;1.01878;-0.504897
0.27473;-1.96748;1.00325;-0.42777
0.29673;-1.95688;0.986607;-0.360364
0.324468;-1.9416;0.970471;-0.28913
0.356613;-1.92142;0.951174;-0.216985
0.371972;-1.91163;0.943479;-0.199151
0.385041;-1.90332;0.937355;-0.172279
0.491474;-1.8333;0.893447;-0.0130086
0.526117;-1.80996;0.881405;0.0141558
0.587985;-1.77049;0.862777;0.058699
0.620542;-1.74954;0.850667;0.0657385
0.693291;-1.70774;0.824972;0.0473718
0.722448;-1.69205;0.814235;0.0188614
0.771967;-1.66858;0.798475;-0.0233155
0.818146;-1.64784;0.783685;-0.0757045
0.853963;-1.63357;0.772808;-0.114647
0.91883;-1.60965;0.752848;-0.208902
0.956619;-1.59722;0.741908;-0.249159
1.04711;-1.57172;0.716708;-0.364964
1.08046;-1.56252;0.706567;-0.424521
1.09749;-1.55806;0.701759;-0.438777
1.18622;-1.53589;0.674856;-0.574339
1.22065;-1.52804;0.664379;-0.622189
1.29406;-1.51154;0.642347;-0.731472
1.31177;-1.50781;0.637302;-0.740586
1.32972;-1.50412;0.632314;-0.770895
1.34789;-1.50047;0.62739;-0.804205
1.47525;-1.47389;0.595544;-0.944138
1.56267;-1.45575;0.576375;-1.02229
1.59345;-1.44955;0.568621;-1.04515
1.65658;-1.43839;0.554931;-1.11247
1.715;-1.4301;0.543549;-1.17801
1.74201;-1.42816;0.538847;-1.22979
1.76774;-1.42631;0.533329;-1.26547
1.82193;-1.42638;0.522517;-1.35903
1.84702;-1.42682;0.51742;-1.40391
1.89998;-1.43206;0.508596;-1.50474
1.95137;-1.4406;0.498972;-1.59116
1.97559;-1.44656;0.494924;-1.65147
2.02499;-1.45953;0.484582;-1.74104
2.04821;-1.46739;0.480536;-1.80388
2.08266;-1.4795;0.474199;-1.87911
2.13125;-1.50007;0.467623;-1.9668
2.15378;-1.51013;0.464036;-2.02768
2.19061;-1.52834;0.459204;-2.1072
2.21336;-1.53983;0.455939;-2.1527
2.25037;-1.55998;0.451702;-2.2276
2.29507;-1.58589;0.446269;-2.33256
2.33095;-1.60832;0.442316;-2.40835
2.37376;-1.63564;0.437057;-2.49373
2.38442;-1.64282;0.436077;-2.5271
2.42961;-1.67277;0.431967;-2.63261
2.4429;-1.68179;0.4312;-2.64764
2.45088;-1.68729;0.430755;-2.67822
2.5088;-1.72768;0.425083;-2.78311
2.54935;-1.75624;0.422882;-2.85057
2.58738;-1.78317;0.423398;-2.90312
2.60536;-1.79533;0.424578;-2.91235
2.63873;-1.82128;0.429429;-2.90504
2.65797;-1.83732;0.434175;-2.87867
2.67361;-1.85497;0.440822;-2.83647
2.68468;-1.86972;0.445756;-2.78219
2.69089;-1.88621;0.453916;-2.71889
2.69311;-1.9007;0.463608;-2.65184
2.69187;-1.90973;0.470397;-2.60728
2.68538;-1.92713;0.484195;-2.50855
2.67146;-1.94507;0.50011;-2.4172
2.66298;-1.95217;0.50764;-2.35434
2.6514;-1.9605;0.516104;-2.30697
2.62616;-1.97579;0.530863;-2.19771
2.61259;-1.98316;0.539025;-2.14863
2.57541;-2.00013;0.559385;-2.02511
2.56043;-2.00573;0.568116;-1.96207
2.53542;-2.01468;0.581389;-1.88559
2.50785;-2.02243;0.597651;-1.80279
2.47957;-2.03052;0.612478;-1.72857
2.449;-2.03751;0.624393;-1.64959
2.42894;-2.0424;0.632223;-1.60716
2.38639;-2.05043;0.652008;-1.49478
2.37333;-2.05288;0.658121;-1.47916
2.36531;-2.05449;0.66179;-1.45084
2.33061;-2.06063;0.677073;-1.37401
2.27316;-2.0706;0.697744;-1.27504
2.22098;-2.07769;0.717116;-1.19761
2.18779;-2.08143;0.726831;-1.14985
2.16759;-2.08456;0.73079;-1.12103
2.12698;-2.09068;0.738059;-1.03967
2.0968;-2.0978;0.743462;-0.974845
2.07983;-2.10193;0.746449;-0.933837
2.04621;-2.11431;0.750324;-0.832266
2.02911;-2.12083;0.752157;-0.789596
1.99894;-2.13585;0.752613;-0.68747
1.97456;-2.14743;0.751486;-0.612954
1.94445;-2.16509;0.749458;-0.521959
1.92769;-2.17554;0.748132;-0.463721
1.91287;-2.18619;0.746161;-0.414802
1.88303;-2.20843;0.740258;-0.308495
1.85583;-2.23056;0.734032;-0.217308
1.8414;-2.242;0.729736;-0.156024
1.82863;-2.25332;0.725478;-0.113076
1.80212;-2.27745;0.717428;-0.0029389
1.78174;-2.29751;0.712164;0.0726644
1.75712;-2.3212;0.704758;0.162764
1.7447;-2.33407;0.701138;0.220257
1.72356;-2.35484;0.695716;0.299051
1.70409;-2.37513;0.68882;0.36954
1.69085;-2.38797;0.683289;0.415334
1.66312;-2.41672;0.671837;0.523875
1.64962;-2.42957;0.666522;0.569486
1.62149;-2.45826;0.655268;0.676224
1.59243;-2.48775;0.642156;0.765103
1.57913;-2.50214;0.635817;0.829705
1.55878;-2.52404;0.62582;0.902869
1.53757;-2.54832;0.616199;0.980993
1.5238;-2.56317;0.609329;1.02325
1.49568;-2.59498;0.59568;1.13194
1.48016;-2.61206;0.589151;1.17439
1.45388;-2.64249;0.577989;1.28124
1.44732;-2.65017;0.574832;1.29961
1.44077;-2.65784;0.571632;1.32683
1.42796;-2.67309;0.565891;1.36969
1.37468;-2.73976;0.545566;1.51387
1.36535;-2.75193;0.542619;1.54019
1.35072;-2.77046;0.536063;1.57817
1.33854;-2.787;0.529866;1.62129
1.32904;-2.79961;0.524563;1.65135
1.31416;-2.82209;0.518335;1.73241
1.30023;-2.84743;0.511943;1.81323
1.29485;-2.85945;0.509082;1.8716
1.28709;-2.88054;0.504165;1.93919
1.28282;-2.89528;0.501434;1.98457
1.27702;-2.92266;0.494525;2.08686
1.27489;-2.93656;0.491401;2.12847
1.27224;-2.96815;0.48611;2.23065
1.27125;-2.99855;0.482831;2.31897
1.27112;-3.00837;0.481739;2.34859
1.27105;-3.03943;0.478887;2.4549
1.27105;-3.06526;0.475038;2.52961
1.27133;-3.09667;0.47124;2.61716
1.27189;-3.11499;0.469026;2.6788
1.27236;-3.13091;0.467557;2.72495
1.27397;-3.16648;0.463775;2.83421
1.27534;-3.19099;0.46199;2.9056
1.27831;-3.21825;0.460392;2.9788
1.28098;-3.24252;0.460946;3.05309
1.28252;-3.25288;0.460568;3.06799
1.2878;-3.29293;0.458051;-3.07794
1.29313;-3.32069;0.45728;-3.00308
1.29929;-3.35653;0.458328;-2.91676
1.30228;-3.37393;0.459178;-2.85752
1.3048;-3.39083;0.459781;-2.81242
1.30945;-3.42781;0.460009;-2.70616
1.31178;-3.45301;0.460179;-2.62718
1.316;-3.48178;0.460336;-2.55113
1.31782;-3.49903;0.460078;-2.50908
1.32124;-3.534;0.458995;-2.40826
1.32409;-3.57034;0.459324;-2.31753
1.32658;-3.58975;0.459321;-2.25613
1.32904;-3.61483;0.458859;-2.17935
1.33359;-3.65127;0.457599;-2.08569
1.33427;-3.65951;0.457646;-2.0589
1.3348;-3.66762;0.457868;-2.0288
1.33609;-3.67603;0.457983;-2.01373
1.34239;-3.72728;0.457134;-1.88114
1.34619;-3.76677;0.457944;-1.80586
1.34883;-3.78268;0.456974;-1.78736
1.35184;-3.80855;0.456058;-1.73878
1.35566;-3.828;0.454282;-1.69116
1.36027;-3.85669;0.450599;-1.62824
1.36401;-3.87335;0.44871;-1.57937
1.36692;-3.88858;0.447247;-1.54498
1.37563;-3.92255;0.444366;-1.45327
1.38322;-3.95661;0.441739;-1.36627
1.38648;-3.97457;0.440033;-1.31038
1.39615;-4.01363;0.436127;-1.21877
1.3981;-4.02326;0.435402;-1.19251
1.40719;-4.06436;0.432859;-1.09027
1.41282;-4.09496;0.430849;-1.01655
1.42098;-4.12841;0.427626;-0.941231
1.43056;-4.17203;0.423008;-0.849384
1.43429;-4.18573;0.421145;-0.815718
1.44494;-4.2318;0.416359;-0.713664
1.45537;-4.27023;0.413458;-0.640514
1.46117;-4.29467;0.41212;-0.596448
1.47452;-4.34705;0.409042;-0.487961
1.48048;-4.37244;0.407637;-0.445192
1.49088;-4.41431;0.406291;-0.368303
1.50366;-4.47068;0.406834;-0.269784
1.50981;-4.49636;0.426812;-0.25884
1.51707;-4.53816;0.470117;-0.292744
1.52088;-4.55279;0.468079;-0.317821
1.5253;-4.55852;0.472202;-0.414769
1.52745;-4.55385;0.480035;-0.468317
1.52875;-4.54362;0.487662;-0.539327
1.52924;-4.528;0.49431;-0.61414
1.52728;-4.5103;0.501027;-0.69219
1.52398;-4.48739;0.507366;-0.77425
1.52082;-4.47217;0.510942;-0.821006
1.51273;-4.43646;0.517909;-0.929637
1.50491;-4.40764;0.521279;-1.00802
1.49708;-4.37872;0.522455;-1.08675
1.48741;-4.34742;0.522177;-1.16543
1.48208;-4.32995;0.521648;-1.20978
1.46816;-4.28811;0.519885;-1.31621
1.45902;-4.25685;0.516853;-1.39809
1.45179;-4.23384;0.513767;-1.44577
1.43846;-4.1922;0.519206;-1.5275
1.42658;-4.15608;0.576919;-1.50812
1.4228;-4.14383;0.587169;-1.47492
1.4195;-4.13276;0.604103;-1.40463
1.4196;-4.13146;0.609928;-1.37503
1.42122;-4.12984;0.630279;-1.2789
1.42211;-4.12818;0.636958;-1.23278
1.42285;-4.12499;0.646429;-1.15826
1.42299;-4.11674;0.657331;-1.05361
1.42255;-4.11189;0.661414;-1.00695
1.42318;-4.09378;0.668567;-0.880186
1.42299;-4.08416;0.671027;-0.818322
1.42224;-4.06745;0.673074;-0.742036
1.4204;-4.04831;0.674836;-0.661872
1.4189;-4.03463;0.675453;-0.618093
1.4151;-4.00635;0.674944;-0.508154
1.41168;-3.98114;0.672516;-0.432298
1.40649;-3.94958;0.668918;-0.337832
1.40315;-3.93172;0.666549;-0.272925
1.39951;-3.90729;0.662962;-0.196916
1.39526;-3.88025;0.659147;-0.124758
1.39121;-3.85304;0.655888;-0.0451676
1.38662;-3.82347;0.651378;0.0331183
1.38546;-3.8135;0.650173;0.0456309
1.37909;-3.75994;0.645514;0.186727
1.37328;-3.72687;0.642898;0.263047
1.36468;-3.68067;0.638524;0.357612
1.36022;-3.65829;0.635556;0.416345
1.35322;-3.62252;0.63002;0.496286
1.34827;-3.5998;0.626834;0.539655
1.34061;-3.56329;0.621558;0.616778
1.33188;-3.51708;0.614902;0.720869
1.32614;-3.48262;0.609625;0.796582
1.31633;-3.4322;0.602497;0.885976
1.31415;-3.42048;0.600821;0.916985
1.30073;-3.35806;0.593315;1.03938
1.29832;-3.34638;0.591916;1.07225
1.28685;-3.29613;0.585616;1.1777
1.27956;-3.2612;0.580926;1.25435
1.27683;-3.24913;0.579211;1.26649
1.26164;-3.17464;0.571609;1.41176
1.25673;-3.14941;0.601825;1.42461
1.25302;-3.12273;0.643219;1.40043
1.24978;-3.10303;0.649835;1.35921
1.24945;-3.0979;0.655381;1.32697
1.24932;-3.09465;0.681598;1.24249
1.25146;-3.09354;0.698718;1.17049
1.25524;-3.08946;0.71905;1.08184
1.25999;-3.08618;0.729414;1.02001
1.26634;-3.07977;0.741746;0.943707
1.27606;-3.07179;0.752095;0.863384
1.28627;-3.06145;0.765006;0.785099
1.30209;-3.04602;0.778281;0.691767
1.31002;-3.03771;0.784111;0.632285
1.31919;-3.02829;0.789224;0.585285
1.33858;-3.00624;0.800126;0.47677
1.35969;-2.98095;0.808524;0.379721
1.36936;-2.96821;0.811254;0.316943
1.38568;-2.94717;0.814561;0.238533
1.4002;-2.9245;0.818415;0.163291
1.41247;-2.90621;0.820897;0.112987
1.43387;-2.86994;0.824901;0.00353731
1.45036;-2.8427;0.825781;-0.0761611
1.47218;-2.8024;0.827526;-0.168765
1.48385;-2.78257;0.828307;-0.230456
1.4988;-2.7521;0.829695;-0.310316
1.51722;-2.71811;0.830478;-0.387036
1.52732;-2.69656;0.830018;-0.433302
1.55178;-2.64998;0.827897;-0.53972
1.56476;-2.6278;0.826999;-0.590676
1.5952;-2.57067;0.822884;-0.710322
1.60755;-2.54861;0.82154;-0.771178
1.62484;-2.51315;0.821419;-0.849914
1.64292;-2.47978;0.824254;-0.91151
1.65739;-2.44549;0.867625;-0.914529
1.66796;-2.42095;0.892764;-0.900189
1.67137;-2.40486;0.887709;-0.903232
1.67149;-2.40409;0.890713;-0.920561
1.67228;-2.4034;0.903171;-0.962782
1.67322;-2.40374;0.904886;-0.980451
1.676;-2.40361;0.909468;-1.02824
1.68507;-2.40274;0.913603;-1.11744
1.68977;-2.40174;0.916083;-1.15459
1.70485;-2.39927;0.918253;-1.24686
1.71465;-2.39693;0.919285;-1.28872
1.74344;-2.39017;0.917862;-1.40792
1.75797;-2.38624;0.916318;-1.46612
1.78824;-2.37731;0.908824;-1.55421
1.80637;-2.37035;0.903899;-1.61678
1.82419;-2.36388;0.898216;-1.66304
1.86435;-2.34713;0.883739;-1.77091
1.9055;-2.3295;0.867087;-1.86023
1.92951;-2.31789;0.856598;-1.92373
1.96338;-2.3027;0.840934;-2.0008
1.98953;-2.29051;0.828346;-2.04355
2.03796;-2.26891;0.806175;-2.14782
2.07855;-2.24868;0.787308;-2.22117
2.10382;-2.23659;0.774666;-2.26266
2.15555;-2.2128;0.750928;-2.37285
2.1852;-2.19938;0.738092;-2.41959
2.25734;-2.16796;0.708172;-2.54095
2.28482;-2.15613;0.696402;-2.59714
2.31299;-2.14417;0.68526;-2.64181
2.327;-2.13823;0.679481;-2.67181
2.34091;-2.13233;0.673488;-2.6868
2.43001;-2.09429;0.638859;-2.81913
2.47483;-2.07466;0.626773;-2.86239
2.49445;-2.08379;0.636526;-2.80773
2.48441;-2.12569;0.626605;-2.68293
2.4812;-2.2832;0.587745;-2.16191
2.51433;-2.42207;0.575082;-1.85073
2.55224;-2.59956;0.572691;-1.47209
2.5548;-2.70281;0.559735;-1.19751
2.53346;-2.87386;0.530812;-0.927204
2.51486;-2.9924;0.514868;-0.779017
2.48316;-3.17392;0.498578;-0.519384
2.42969;-3.41148;0.477244;-0.161586
2.37718;-3.55539;0.458362;0.0867884
2.285;-3.72915;0.43487;0.321288
2.26122;-3.76426;0.430163;0.381956
2.13503;-3.91603;0.405899;0.612639
2.09071;-3.96375;0.396493;0.711167
1.99821;-4.03993;0.379274;0.84344
1.95698;-4.06931;0.372639;0.929047
1.93669;-4.08119;0.369311;0.944887
1.91167;-4.09353;0.364994;0.984002
1.81646;-4.12852;0.348813;1.11555
1.72748;-4.14186;0.334371;1.21654
1.68314;-4.14012;0.327753;1.24714
1.65167;-4.13861;0.323857;1.25336
1.60493;-4.12759;0.318289;1.23747
1.57376;-4.11851;0.313431;1.20436
1.55258;-4.10546;0.309964;1.16092
1.53876;-4.09755;0.309609;1.12667
1.52354;-4.07926;0.31016;1.04192
1.51612;-4.06716;0.309935;0.971476
1.51621;-4.04967;0.309576;0.881179
1.51827;-4.04176;0.308705;0.821307
1.5261;-4.0288;0.307408;0.742907
1.53276;-4.02294;0.306935;0.700188
1.54751;-4.01219;0.307089;0.623206
1.5698;-4.00257;0.308421;0.510097
1.59118;-3.99341;0.309904;0.433951
1.62391;-3.9873;0.311076;0.340839
1.64201;-3.98224;0.311768;0.281722
1.65921;-3.98114;0.312215;0.234978
1.70118;-3.9742;0.313265;0.123361
1.73072;-3.9744;0.313757;0.0426311
1.7767;-3.97064;0.315833;-0.0543558
1.7875;-3.97114;0.316525;-0.0825141
1.837;-3.96692;0.318452;-0.190179
1.87573;-3.96712;0.319732;-0.26735
1.90077;-3.96468;0.320088;-0.313864
1.94863;-3.96309;0.337381;-0.363832
1.9704;-3.96133;0.367497;-0.346394
1.9925;-3.96422;0.388951;-0.277499
1.98779;-3.97225;0.399688;-0.187539
1.97834;-3.97999;0.407168;-0.12352
1.9528;-3.99401;0.416775;-0.0292877
1.9386;-4.00307;0.418471;0.0332266
1.90589;-4.01639;0.421175;0.130312
1.88886;-4.02442;0.42073;0.18897
1.85187;-4.03466;0.418116;0.285191
1.83335;-4.04093;0.417148;0.348184
1.81281;-4.04442;0.415575;0.395775
1.77526;-4.052;0.411436;0.501304
1.75467;-4.05379;0.408365;0.547608
1.71733;-4.05885;0.401234;0.655517
1.69931;-4.05888;0.397142;0.698843
1.66111;-4.06151;0.388224;0.8109
1.63572;-4.05959;0.380542;0.889848
1.60973;-4.05226;0.371107;0.969678
1.58332;-4.05043;0.362384;1.04622
1.55682;-4.04327;0.388854;1.07974
1.54188;-4.04441;0.418008;1.07021
1.52364;-4.04618;0.435472;1.03902
1.5085;-4.0643;0.443016;0.971872
1.50333;-4.08253;0.451985;0.91
1.49452;-4.11317;0.457131;0.827078
1.49272;-4.12265;0.458493;0.794892
1.48532;-4.15964;0.46539;0.694052
1.48124;-4.19082;0.468103;0.619407
1.47726;-4.22504;0.466999;0.543345
1.47494;-4.26179;0.465314;0.462539
1.47347;-4.27486;0.464549;0.44992
1.46751;-4.34391;0.457777;0.306742
1.46589;-4.35878;0.456203;0.29117
1.45941;-4.43632;0.446376;0.153836
1.45438;-4.50175;0.482514;0.127875
1.45324;-4.52512;0.508803;0.143704
1.44916;-4.55406;0.518468;0.163489
1.44265;-4.55977;0.534443;0.169808
1.4387;-4.5543;0.547015;0.166748
1.43394;-4.52516;0.567075;0.151126
1.43134;-4.49793;0.576214;0.129582
1.43194;-4.4696;0.582724;0.106329
1.43178;-4.42951;0.589754;0.0728618
1.43556;-4.37477;0.595045;0.0366108
1.43791;-4.33401;0.597731;0.0126186
1.44667;-4.24885;0.602076;-0.0459073
1.45425;-4.18089;0.603228;-0.0887816
1.46177;-4.12541;0.603847;-0.115306
1.47599;-4.02195;0.603749;-0.179658
1.49012;-3.93129;0.601982;-0.229998
1.49888;-3.87462;0.601203;-0.256808
1.51517;-3.778;0.59966;-0.306033
1.53729;-3.6482;0.597424;-0.369335
1.55395;-3.55359;0.595404;-0.416764
1.57603;-3.42645;0.592424;-0.477334
1.58335;-3.38583;0.591295;-0.494766
1.61281;-3.22205;0.588424;-0.569836
1.62508;-3.15587;0.587249;-0.606378
1.63851;-3.08155;0.586217;-0.631614
1.66294;-2.94814;0.58434;-0.698
1.67683;-2.87215;0.583396;-0.727619
1.71017;-2.69196;0.580005;-0.806888
1.72307;-2.6225;0.577815;-0.844881
1.74241;-2.51877;0.574404;-0.893027
1.75684;-2.44121;0.571516;-0.919345
1.78253;-2.30355;0.565929;-0.986167
1.80137;-2.196;0.597225;-1.00743
1.80984;-2.1423;0.627345;-0.994921
1.81926;-2.06386;0.653215;-0.952132
1.81961;-2.03822;0.660103;-0.924433
1.81683;-2.03237;0.668034;-0.89662
1.80701;-2.02088;0.687235;-0.810824
1.79859;-2.01522;0.694847;-0.764662
1.77448;-2.00412;0.710268;-0.660597
1.74796;-1.99432;0.71956;-0.580987
1.72178;-1.98555;0.725469;-0.499559
1.67914;-1.96931;0.733858;-0.401135
1.66548;-1.96394;0.735685;-0.366322
1.62905;-1.94779;0.739873;-0.291273
1.60342;-1.93543;0.742314;-0.244816
1.53198;-1.89685;0.750363;-0.109867
1.51808;-1.88882;0.752739;-0.0989059
1.45402;-1.84849;0.805884;-0.109973
1.42827;-1.83219;0.822652;-0.153478
1.4205;-1.82923;0.83383;-0.188447
1.4066;-1.82973;0.865871;-0.234748
1.39601;-1.83214;0.880445;-0.263053
1.37736;-1.83638;0.89674;-0.296015
1.34411;-1.84282;0.913776;-0.331608
1.32483;-1.84645;0.920275;-0.354511
1.31397;-1.8484;0.923428;-0.360076
1.24915;-1.85938;0.937011;-0.409238
1.20026;-1.8667;0.945514;-0.436194
1.15274;-1.87405;0.953413;-0.464209
1.1122;-1.87975;0.959898;-0.480295
1.03449;-1.88938;0.97078;-0.517032
0.963799;-1.89754;0.98389;-0.529888
0.890355;-1.9034;1.02641;-0.528147
0.864126;-1.90442;1.03833;-0.516749
0.842432;-1.90341;1.04864;-0.477497
0.838978;-1.90008;1.05684;-0.449774
0.844345;-1.88856;1.07237;-0.369965
0.849649;-1.87978;1.0788;-0.336167
0.860059;-1.8667;1.08705;-0.271616
0.875753;-1.84689;1.09869;-0.172441
0.885095;-1.83666;1.10305;-0.133009
0.900957;-1.81449;1.11116;-0.0290294
0.910031;-1.80404;1.11503;0.0125032
0.927648;-1.77614;1.12282;0.13342
0.931557;-1.77038;1.12336;0.16436
0.941795;-1.74581;1.12563;0.273706
0.949369;-1.72843;1.12722;0.354414
0.952059;-1.71553;1.12859;0.397217
0.9568;-1.69195;1.13133;0.504926
0.956345;-1.67283;1.1333;0.585141
0.957488;-1.64773;1.13433;0.675206
0.954797;-1.6361;1.13479;0.73694
0.954232;-1.62414;1.13489;0.783101
0.947287;-1.59938;1.13378;0.892508
0.936883;-1.58095;1.1325;0.965734
0.935165;-1.56855;1.13212;1.01152
0.925588;-1.54435;1.13137;1.11942
0.92132;-1.52408;1.13028;1.19986
0.913351;-1.50585;1.12911;1.27273
0.905477;-1.47913;1.12848;1.36617
0.899159;-1.46698;1.12866;1.42372
0.893061;-1.44659;1.1284;1.5029
0.880727;-1.41992;1.12728;1.59149
0.875316;-1.40623;1.1266;1.65305
0.863623;-1.38646;1.12539;1.72686
0.85405;-1.36471;1.12412;1.80633
0.837152;-1.33503;1.122;1.89543
0.830568;-1.32027;1.12105;1.95689
0.821332;-1.30449;1.11993;2.00587
0.80465;-1.2745;1.11736;2.11068
0.79562;-1.26089;1.11609;2.15933
0.773917;-1.22494;1.1521;2.22388
0.769354;-1.21717;1.16788;2.22351
0.761076;-1.19189;1.18415;2.22781
0.761243;-1.18786;1.18757;2.23361
0.765292;-1.17688;1.20961;2.2699
0.768749;-1.16884;1.22259;2.31265
0.772509;-1.15943;1.23234;2.36457
0.775418;-1.14881;1.24193;2.42435
0.777533;-1.14111;1.24613;2.46158
0.780749;-1.12444;1.25272;2.54971
0.784459;-1.11018;1.2562;2.61847
0.788406;-1.08898;1.25995;2.70511
0.789742;-1.07836;1.26167;2.76533
0.791486;-1.05492;1.26385;2.85573
0.791671;-1.04917;1.26383;2.8854
0.791715;-1.01776;1.26181;3.00283
0.791527;-1.00454;1.25975;3.06534
0.791114;-0.982648;1.25597;3.14096
0.788498;-0.962141;1.25358;-3.06494
0.78658;-0.946336;1.25123;-3.0215
0.782969;-0.91689;1.24715;-2.91559
0.781334;-0.901771;1.24495;-2.87406
0.778193;-0.869764;1.23945;-2.7689
0.776836;-0.846526;1.23541;-2.6924
0.772814;-0.813045;1.22635;-2.59919
0.771424;-0.796715;1.22227;-2.53872
0.767368;-0.771861;1.21514;-2.46169
0.764734;-0.74782;1.20779;-2.38684
0.762272;-0.730905;1.20299;-2.34182
0.759847;-0.705667;1.19649;-2.26843
0.75691;-0.682866;1.19108;-2.19139
0.75401;-0.651141;1.18393;-2.08579
0.75039;-0.619179;1.17199;-1.99449
0.749473;-0.603014;1.16653;-1.93777
0.749094;-0.583981;1.16101;-1.88965
0.748265;-0.553111;1.15157;-1.78546
0.748355;-0.526979;1.14454;-1.70838
0.747343;-0.497452;1.13563;-1.61857
0.747275;-0.47915;1.13083;-1.55954
0.74671;-0.472281;1.12892;-1.54486
0.744596;-0.433187;1.11873;-1.40691
0.743964;-0.426537;1.11657;-1.39178
0.741526;-0.381692;1.12707;-1.26671
0.740303;-0.370608;1.15797;-1.26341
0.73803;-0.355745;1.18189;-1.26218
0.732438;-0.352068;1.18086;-1.25282
0.721071;-0.358112;1.19077;-1.22416
0.71343;-0.365347;1.19867;-1.19397
0.704275;-0.372343;1.20524;-1.16435
0.685206;-0.390246;1.21628;-1.08665
0.673782;-0.399537;1.22209;-1.05232
0.64582;-0.424639;1.23071;-0.962683
0.622459;-0.442238;1.23605;-0.894063
0.586655;-0.472519;1.2439;-0.805122
0.577354;-0.479063;1.24535;-0.775909
0.536745;-0.510733;1.249;-0.671884
0.505237;-0.53167;1.25006;-0.597755
0.480792;-0.550709;1.25167;-0.556593
0.434111;-0.58069;1.26493;-0.476403
0.409549;-0.59883;1.29406;-0.474395
0.37118;-0.625901;1.3223;-0.519949
0.364807;-0.634435;1.32545;-0.55802
0.363923;-0.639106;1.33514;-0.626669
0.36503;-0.641087;1.33781;-0.677848
0.365498;-0.64062;1.33817;-0.692205
0.366663;-0.632144;1.33867;-0.83131
0.365618;-0.617884;1.33596;-0.925666
0.36507;-0.609762;1.33245;-0.990861
0.36181;-0.589943;1.32592;-1.08056
0.359146;-0.579746;1.32195;-1.14335
0.351371;-0.557082;1.31306;-1.23902
0.346583;-0.545326;1.30636;-1.3063
0.335638;-0.520091;1.2924;-1.40271
0.329841;-0.506978;1.28447;-1.4646
0.323467;-0.493443;1.27693;-1.50719
0.305162;-0.458245;1.25498;-1.63136
0.29648;-0.443067;1.24642;-1.69496
0.287493;-0.428184;1.23806;-1.74257
0.267111;-0.395637;1.22053;-1.85757
0.258606;-0.382671;1.21209;-1.90139
0.238316;-0.352564;1.19412;-2.00853
0.217283;-0.321915;1.17683;-2.07929
0.206699;-0.306415;1.1696;-2.11711
0.187177;-0.279444;1.15428;-2.1598
0.177605;-0.266223;1.1475;-2.17827
0.161898;-0.244438;1.13728;-2.19648
0.146306;-0.224247;1.12728;-2.2096
0.137414;-0.212549;1.12236;-2.2156
0.127718;-0.200919;1.11592;-2.22062
0.117153;-0.187364;1.1088;-2.22372
0.111676;-0.181791;1.1046;-2.22498
0.100369;-0.168711;1.0967;-2.22626
0.0944245;-0.163079;1.09209;-2.22636
0.0860864;-0.1539;1.08682;-2.22594
0.0846021;-0.152635;1.08583;-2.2257
0.077451;-0.145059;1.08275;-2.22473
0.0734074;-0.142923;1.08021;-2.22394
0.0685797;-0.138704;1.07786;-2.22296
0.0640748;-0.138271;1.07625;-2.22202
0.0625153;-0.1374;1.07604;-2.22167
0.0581271;-0.13796;1.07455;-2.22047
0.0554192;-0.137694;1.07353;-2.21995
0.0519012;-0.138204;1.07207;-2.21915
0.0467239;-0.137406;1.07055;-2.21827
0.0453932;-0.138481;1.06923;-2.21791
0.04225;-0.137769;1.06663;-2.21707
0.0395068;-0.138634;1.06579;-2.21613
0.0379011;-0.13755;1.06543;-2.21572
0.0352828;-0.139075;1.0659;-2.2154
0.0330961;-0.138849;1.06611;-2.21496
0.0305126;-0.139602;1.06596;-2.21443
0.0299505;-0.139568;1.06604;-2.21429
0.028109;-0.139902;1.06453;-2.21348
0.0275306;-0.139453;1.06398;-2.21326
0.0274826;-0.139685;1.06421;-2.21278
0.0275547;-0.138517;1.066;-2.21233
0.0280259;-0.13888;1.0673;-2.21179
0.0280516;-0.137592;1.06934;-2.21155
0.0282106;-0.138733;1.07126;-2.21099
0.0280626;-0.138483;1.07143;-2.21091
0.0276232;-0.138574;1.07079;-2.21046
0.0262536;-0.137435;1.06975;-2.2102
0.0254126;-0.136819;1.06927;-2.21016
0.0244315;-0.135429;1.06893;-2.20977
0.0244113;-0.134656;1.06914;-2.20967
0.0239332;-0.130866;1.07082;-2.20947
0.023953;-0.130148;1.07195;-2.20916
0.0239039;-0.127409;1.07357;-2.20905
0.0246611;-0.126467;1.07446;-2.20891
0.0249853;-0.125675;1.07507;-2.20883
0.0261346;-0.12233;1.07812;-2.20822
0.0262911;-0.120672;1.07925;-2.20811
0.0279937;-0.117369;1.08077;-2.20799
0.0290984;-0.11455;1.08181;-2.20802
0.0294455;-0.111831;1.08203;-2.20793
0.0314593;-0.109335;1.0825;-2.2079
0.0324109;-0.107154;1.083;-2.20758
0.0329199;-0.104354;1.08352;-2.20755
0.0329641;-0.100876;1.08402;-2.20727
0.0338491;-0.0979535;1.0848;-2.20717
0.0343154;-0.0947976;1.0856;-2.20728
0.0361608;-0.0898045;1.08618;-2.20719
0.0364887;-0.0882662;1.08661;-2.20708
0.0373003;-0.0844381;1.08829;-2.20698
0.037252;-0.0821064;1.08978;-2.20693
0.0377501;-0.0797498;1.09057;-2.2069
0.0379557;-0.0761024;1.09199;-2.20698
0.0390392;-0.0703807;1.09355;-2.20676
0.0391658;-0.0683924;1.09404;-2.20663
0.0397698;-0.0656829;1.09444;-2.20645
0.0405612;-0.0610426;1.09626;-2.20628
0.0409002;-0.0584637;1.09744;-2.20634
0.0406423;-0.056412;1.0987;-2.2063
0.0409404;-0.0538984;1.10008;-2.20615
0.0409006;-0.0533315;1.10019;-2.20615
0.0408599;-0.0508096;1.10006;-2.206
0.0403956;-0.0502605;1.09925;-2.206
0.0397425;-0.0473963;1.09723;-2.20608
0.039179;-0.0474701;1.09589;-2.20613
0.0384937;-0.0446753;1.09469;-2.20603
0.037598;-0.044194;1.09318;-2.20614
0.0375985;-0.0401629;1.09079;-2.20608
0.0374278;-0.0399303;1.08995;-2.20621
0.0374406;-0.0357114;1.0882;-2.20609
0.0370442;-0.0343889;1.08652;-2.20625
0.03703;-0.0287282;1.08326;-2.20602
0.0369791;-0.0282211;1.08256;-2.206
0.0364554;-0.024282;1.08033;-2.20594
0.0355897;-0.0214686;1.07857;-2.20597
0.03521;-0.0186227;1.0779;-2.20588
0.0340622;-0.0156895;1.07647;-2.2058
0.0336336;-0.013784;1.07564;-2.2058
0.0331179;-0.0135357;1.07452;-2.20566
0.0312765;-0.0114421;1.073;-2.20551
0.0301184;-0.0113724;1.07217;-2.20552
0.0269628;-0.00902677;1.07054;-2.20574
0.0258333;-0.00982694;1.07019;-2.20576
0.0234441;-0.00726678;1.07001;-2.20562
0.0214114;-0.00815346;1.06961;-2.20559
0.0203617;-0.0065147;1.06849;-2.20566
0.0190377;-0.00766349;1.06626;-2.20559
0.0178742;-0.00612;1.06498;-2.20573
0.0168791;-0.00691804;1.0641;-2.20558
0.0162189;-0.00477818;1.06334;-2.20554
0.0156956;-0.00493438;1.06205;-2.20556
0.0156989;-0.00814497;1.0614;-2.20584
0.0146084;-0.005804;1.06002;-2.20568
0.013944;-0.00543203;1.05862;-2.20556
0.0134036;-0.00217227;1.05735;-2.20556
0.013224;-0.00146294;1.0563;-2.20562
0.0117428;0.00215515;1.05322;-2.20546
0.0109471;0.00193617;1.05152;-2.20548
0.00883423;0.00699866;1.04883;-2.2054
0.00767284;0.00755739;1.04733;-2.20521
0.00547065;0.0117967;1.04714;-2.20538
0.00463283;0.0119589;1.04706;-2.20537
0.00319691;0.0138467;1.04646;-2.2053
0.00202966;0.0140393;1.04586;-2.20547
0.00145717;0.0158354;1.04513;-2.2055
0.00143075;0.015365;1.04465;-2.20536
0.00201522;0.0167274;1.04406;-2.20541
0.00312878;0.0147162;1.04373;-2.20535
0.00268738;0.0160922;1.04083;-2.20562
0.00297741;0.0138561;1.03995;-2.20561
0.00239839;0.0146106;1.03884;-2.2054
0.00254174;0.0112023;1.03855;-2.20521
0.00223619;0.0125581;1.03825;-2.2052
0.00278184;0.0102532;1.03863;-2.2053
0.00193502;0.00997934;1.03724;-2.20512
0.00195004;0.00887233;1.0371;-2.20511
0.00106199;0.0079247;1.03595;-2.20517
0.000973071;0.00486713;1.03611;-2.20507
0.000364912;0.00612447;1.03621;-2.20503
0.000701962;0.00382822;1.03635;-2.20507
0.000570814;0.00501773;1.03588;-2.20512
0.00101846;0.0029321;1.03505;-2.20497
0.000699606;0.00370008;1.03453;-2.20495
0.000345094;0.00215467;1.034;-2.20515
-0.000118264;0.00310997;1.03404;-2.20519
-0.000159428;0.00284947;1.03417;-2.20516
-0.000422074;0.00320298;1.03478;-2.20496
9.86217e-05;0.000914406;1.03547;-2.20514
-0.000525377;0.00303506;1.03534;-2.20511
-0.000267022;0.00170135;1.03457;-2.20511
-0.000344099;0.00243471;1.03393;-2.2051
0.000413992;-1.77215e-05;1.03309;-2.20527
0.000804257;0.000825671;1.03276;-2.20519
0.00152113;-0.000753923;1.0328;-2.20518
0.00248447;-0.00154311;1.03483;-2.20526
0.0031407;-0.00306921;1.0361;-2.20535
0.00355131;-0.00346755;1.03679;-2.20544
0.00411138;-0.00575157;1.03691;-2.20542
0.00346924;-0.00366589;1.03757;-2.20531
0.00365055;-0.00528043;1.03786;-2.20514
0.00351886;-0.00345927;1.03796;-2.20518
0.0039921;-0.00493817;1.03842;-2.20506
0.00402953;-0.00429504;1.03689;-2.20504
0.00477445;-0.00705154;1.03569;-2.20511
0.00628855;-0.013579;1.03617;-2.20527
0.00686225;-0.0137778;1.03713;-2.20507
0.00820702;-0.0173413;1.03852;-2.20503
0.00992676;-0.0160467;1.03885;-2.20503
0.0111271;-0.0177105;1.03911;-2.205
0.0117488;-0.0163991;1.04003;-2.20527
0.012222;-0.0173836;1.04061;-2.20513
0.0132144;-0.0167189;1.04236;-2.20533
0.0149783;-0.0175936;1.04559;-2.20536
0.0164172;-0.0154487;1.04886;-2.20544
0.0173515;-0.0160976;1.05035;-2.20541
0.018937;-0.0157833;1.05201;-2.20531
0.0217862;-0.0173665;1.05488;-2.20536
0.023189;-0.0167272;1.05727;-2.20527
0.0249687;-0.0189151;1.06024;-2.20526
0.026003;-0.0184525;1.06157;-2.20516
0.0266775;-0.0200973;1.0622;-2.20525
0.0278698;-0.0213274;1.06277;-2.20504
0.028653;-0.0242368;1.06245;-2.20502
0.0291005;-0.0252591;1.06322;-2.20505
0.0292444;-0.0276762;1.06378;-2.20503
0.0295857;-0.0272747;1.065;-2.20511
0.0304125;-0.0301359;1.06705;-2.20533
0.0309563;-0.0312388;1.07191;-2.20534
0.0311809;-0.0335284;1.07386;-2.20542
0.0319722;-0.0338997;1.07631;-2.20538
0.0324321;-0.0355947;1.07684;-2.20536
0.033092;-0.0364884;1.07956;-2.20522
0.0334126;-0.0385801;1.08133;-2.20554
0.033272;-0.0381403;1.08234;-2.20553
0.0329919;-0.0405659;1.08496;-2.20549
0.0330939;-0.0405471;1.08621;-2.20562
0.0332732;-0.0427199;1.08949;-2.2055
0.0348785;-0.0439038;1.09185;-2.20532
0.0361305;-0.0463659;1.09314;-2.20545
0.0365737;-0.0459209;1.09517;-2.20554
0.0366117;-0.046595;1.09568;-2.20541
0.0376945;-0.0475113;1.0995;-2.20546
0.0381078;-0.0493857;1.10084;-2.20531
0.0389899;-0.0498953;1.10336;-2.20519
0.0397576;-0.0529703;1.10471;-2.20505
0.0402278;-0.0526691;1.10619;-2.20505
0.0404896;-0.0550067;1.10843;-2.2051
0.0406969;-0.0552334;1.10938;-2.20522
0.0407426;-0.0578579;1.10946;-2.20522
0.0408765;-0.0574689;1.10979;-2.20528
0.0409197;-0.0584082;1.10971;-2.20527
0.0425441;-0.0581166;1.10966;-2.20524
0.0443242;-0.0601095;1.10878;-2.20527
0.0449179;-0.062475;1.10776;-2.20528
0.0461793;-0.0609186;1.10747;-2.20535
0.046326;-0.0612255;1.10749;-2.20521
0.0464291;-0.0600339;1.10778;-2.20531
0.0462073;-0.0594662;1.10793;-2.20545
0.0463823;-0.0564025;1.10901;-2.20544
0.0461484;-0.0561813;1.10931;-2.20531
0.0463301;-0.054098;1.10978;-2.20556
0.0463372;-0.0536022;1.11043;-2.20531
0.0461006;-0.0518247;1.11239;-2.20526
0.0456068;-0.0524203;1.11311;-2.20529
0.0457666;-0.0518863;1.11331;-2.20518
0.0457167;-0.0529029;1.1131;-2.20522
0.0461754;-0.0532149;1.11058;-2.20515
0.0462786;-0.0535172;1.10971;-2.20516
0.0466044;-0.0543928;1.10665;-2.20526
0.0464463;-0.0559451;1.10512;-2.20543
0.0461035;-0.0553584;1.10428;-2.20543
0.0456198;-0.0566236;1.10269;-2.2054
0.0458842;-0.0564983;1.10194;-2.20536
0.046016;-0.0581505;1.10145;-2.20539
0.0461519;-0.0576926;1.10147;-2.2054
0.0461055;-0.0585549;1.10146;-2.20533
0.0457606;-0.0592544;1.10255;-2.20541
0.0453223;-0.0604459;1.10233;-2.20541
0.0447566;-0.0617042;1.1033;-2.20522
0.0445401;-0.0640302;1.10305;-2.20519
0.0447592;-0.0642878;1.10301;-2.20524
0.0448512;-0.0665935;1.1025;-2.20527
0.0450469;-0.0685694;1.09936;-2.2052
0.0449564;-0.0708956;1.09768;-2.20523
0.0450662;-0.0730877;1.09597;-2.20511
0.0450771;-0.0742294;1.09499;-2.20501
0.0450763;-0.0757974;1.09301;-2.20542
0.0449121;-0.0779796;1.09191;-2.20553
0.0450902;-0.0786528;1.09015;-2.20542
0.0454341;-0.0813864;1.08736;-2.20541
0.0460263;-0.0818114;1.08776;-2.20545
0.0468253;-0.0839595;1.08717;-2.20548
0.0469362;-0.0847173;1.08682;-2.20557
0.0467421;-0.0865585;1.08562;-2.20573
0.0465437;-0.0868471;1.08482;-2.20564
0.0463072;-0.0878188;1.08383;-2.20564
0.0460626;-0.0898072;1.08138;-2.20549
0.0461218;-0.092322;1.07935;-2.20544
0.0451213;-0.0939112;1.07958;-2.20546
0.044795;-0.094634;1.07978;-2.20542
0.0425921;-0.0991733;1.08164;-2.20526
0.0414779;-0.102459;1.08171;