-6.54075;3.81931;0.70462;0.830522;0;-5.83932;4.53193;0.717485;-1.28505
-5.83538;4.52786;0.553411;-1.76907;0.0985676;-5.83932;4.53193;0.717485;-1.28505
-6.39329;3.6983;0.529564;-0.342976;0;-5.83538;4.52786;0.553411;-1.76907
-4.97552;4.01733;0.551958;2.59576;0;-5.83538;4.52786;0.553411;-1.76907
-4.02097;3.71936;0.558306;-1.81773;0.0147152;-4.97552;4.01733;0.551958;2.59576
-3.25826;4.36604;0.549256;2.44876;0.0147152;-4.02097;3.71936;0.558306;-1.81773
-2.37804;3.89149;0.545651;1.48111;0.0147152;-3.25826;4.36604;0.549256;2.44876
-5.97474;5.51737;0.515329;2.64135;0;-5.83538;4.52786;0.553411;-1.76907
-1.61419;4.53674;0.531648;0.0153918;0.0147152;-2.37804;3.89149;0.545651;1.48111
-6.45454;6.39474;0.511886;2.89669;0;-5.97474;5.51737;0.515329;2.64135
-5.49668;6.6007;0.311658;3.08086;0;-6.45454;6.39474;0.511886;2.89669
-1.32752;5.49405;0.494606;-2.69118;0.0147152;-1.61419;4.53674;0.531648;0.0153918
-0.380032;5.81317;0.515465;3.12744;0.0147152;-1.32752;5.49405;0.494606;-2.69118
-6.31912;5.2368;0.509524;2.27096;0.0340005;-5.97474;5.51737;0.515329;2.64135
0.619272;5.77681;0.523806;3.0809;0.0147152;-0.380032;5.81317;0.515465;3.12744
1.57328;6.07658;0.522118;-2.96609;0.0147152;0.619272;5.77681;0.523806;3.0809
2.0249;5.18437;0.523845;-0.226265;0.0147152;1.57328;6.07658;0.522118;-2.96609
2.27883;4.21727;0.508382;2.71759;0.0147152;2.0249;5.18437;0.523845;-0.226265
-4.54304;4.47082;0.621175;0.212093;0;-4.97552;4.01733;0.551958;2.59576
1.7292;5.09564;0.458708;0.199231;0.0147152;2.0249;5.18437;0.523845;-0.226265
-4.85672;3.68637;0.365934;1.30601;0;-4.97552;4.01733;0.551958;2.59576
2.45743;6.54345;0.504341;0.650693;0.0147152;1.57328;6.07658;0.522118;-2.96609
0.100529;6.18774;0.737197;2.38255;0.0147152;-0.380032;5.81317;0.515465;3.12744
0.511588;6.23007;0.749;1.92028;0.0147152;0.100529;6.18774;0.737197;2.38255
-4.68578;3.86433;0.382857;-2.62494;0;-4.85672;3.68637;0.365934;1.30601
-5.5183;3.87812;0.52993;2.95389;0;-4.97552;4.01733;0.551958;2.59576
-3.61319;3.8779;0.535063;2.09952;0.0147152;-4.02097;3.71936;0.558306;-1.81773
1.33052;3.90085;0.484502;-0.908812;0.0147152;2.27883;4.21727;0.508382;2.71759
0.783048;3.22968;0.308689;-2.69815;0.0147152;1.33052;3.90085;0.484502;-0.908812
0.675304;2.23588;0.336008;2.56671;0.0147152;0.783048;3.22968;0.308689;-2.69815
1.28876;1.44616;0.334924;-0.191471;0.0147152;0.675304;2.23588;0.336008;2.56671
2.24209;1.14455;0.348882;2.94899;0.0147152;1.28876;1.44616;0.334924;-0.191471
2.71429;0.263897;0.38735;2.49741;0.0147152;2.24209;1.14455;0.348882;2.94899
3.677;0.534403;0.391936;-0.203573;0.0147152;2.71429;0.263897;0.38735;2.49741
4.49552;-0.039364;0.42065;-1.63536;0.0147155;3.677;0.534403;0.391936;-0.203573
2.36722;-0.67394;0.385682;-1.98651;0.0147178;2.71429;0.263897;0.38735;2.49741
1.64514;-1.36566;0.397192;2.67568;0.0147178;2.36722;-0.67394;0.385682;-1.98651
1.92332;-2.32618;0.399195;0.55429;0.0147178;1.64514;-1.36566;0.397192;2.67568
0.342283;5.69828;0.502058;2.54577;0.0147152;0.619272;5.77681;0.523806;3.0809
-1.91353;6.30214;0.554486;-1.88028;0.0147152;-1.32752;5.49405;0.494606;-2.69118
1.65276;-0.00875582;0.602649;2.9684;0.0147178;2.36722;-0.67394;0.385682;-1.98651
-0.985862;6.48347;0.687921;0.992676;0.018204;-0.380032;5.81317;0.515465;3.12744
0.692709;-1.66839;0.43211;2.41799;0.0147178;1.64514;-1.36566;0.397192;2.67568
0.0826861;-0.876147;0.446942;-2.50441;0.0147188;0.692709;-1.66839;0.43211;2.41799
-0.755238;-1.42176;0.433146;-2.90924;0.0147188;0.0826861;-0.876147;0.446942;-2.50441
-1.50486;-2.08359;0.425895;1.34062;0.0147188;-0.755238;-1.42176;0.433146;-2.90924
-2.34287;-2.6292;0.433219;-1.73618;0.0147202;-1.50486;-2.08359;0.425895;1.34062
-0.332623;-1.70908;0.347138;-1.66202;0.0147203;-0.755238;-1.42176;0.433146;-2.90924
1.01241;4.12004;0.737342;-1.40767;0.0147152;1.33052;3.90085;0.484502;-0.908812
-2.13987;-1.32198;0.5552;-1.47455;0.0147194;-1.50486;-2.08359;0.425895;1.34062
-2.34011;-1.43871;0.736758;-1.88249;0.0147199;-2.13987;-1.32198;0.5552;-1.47455
2.464;2.09411;0.550789;3.02891;0.0147152;2.24209;1.14455;0.348882;2.94899
0.548599;-1.91317;0.628895;3.07526;0.0147178;0.692709;-1.66839;0.43211;2.41799
0.289126;-2.82358;0.721703;2.88735;0.0147183;0.548599;-1.91317;0.628895;3.07526
-0.0452773;-3.73041;0.46515;1.39504;0.0147183;0.289126;-2.82358;0.721703;2.88735
-6.59811;4.20858;0.726706;-2.00117;0.0602372;-6.39329;3.6983;0.529564;-0.342976
-1.36116;5.44658;0.435024;-2.97092;0.0147152;-1.32752;5.49405;0.494606;-2.69118
0.347737;2.73277;0.321379;0.128668;0.0147152;0.675304;2.23588;0.336008;2.56671
2.21639;1.15532;0.554773;-0.115206;0.0147152;2.24209;1.14455;0.348882;2.94899
0.282856;1.69503;0.445171;0.434849;0.0147152;0.675304;2.23588;0.336008;2.56671
-2.21058;-0.344868;0.354566;-0.0395938;0.0147194;-2.13987;-1.32198;0.5552;-1.47455
-0.360124;5.74403;0.301086;-1.52836;0.0147152;-0.380032;5.81317;0.515465;3.12744
-4.76101;4.30415;0.41717;-3.02038;0;-4.54304;4.47082;0.621175;0.212093
3.99099;-0.902572;0.40255;2.98245;0.0147155;4.49552;-0.039364;0.42065;-1.63536
4.5124;-1.75535;0.432818;-1.45877;0.0147195;3.99099;-0.902572;0.40255;2.98245
-2.31012;-0.874235;0.396652;3.12888;0.0147194;-2.13987;-1.32198;0.5552;-1.47455
5.2799;-2.39632;0.441948;-0.707492;0.014752;4.5124;-1.75535;0.432818;-1.45877
0.624543;0.701098;0.395754;0.444442;0.0147152;1.28876;1.44616;0.334924;-0.191471
-3.08888;0.133192;0.347626;1.73614;0.014721;-2.21058;-0.344868;0.354566;-0.0395938
-4.05322;-0.131377;0.340228;-1.2002;0.0147245;-3.08888;0.133192;0.347626;1.73614
-2.30968;4.76847;0.284922;1.72249;0.0161091;-1.61419;4.53674;0.531648;0.0153918
-1.21113;5.94039;0.328001;0.50639;0.0147152;-1.32752;5.49405;0.494606;-2.69118
-1.72286;5.54685;0.612473;-2.9758;0.0147152;-1.36116;5.44658;0.435024;-2.97092
4.26301;-2.12031;0.748391;2.86679;0.0147195;4.5124;-1.75535;0.432818;-1.45877
0.374786;6.14229;0.370985;-0.0316545;0.0147152;0.511588;6.23007;0.749;1.92028
-4.52454;6.6374;0.543131;2.04953;0.242115;-5.49668;6.6007;0.311658;3.08086
