9.98845e-05;6.12227e-05;0.00860062;0
0.00036091;0.000276653;0.0188474;-0.0406312
0.000880856;0.000366991;0.0290852;-0.0423391
0.00137333;0.000482321;0.0355307;-0.0432946
0.00239636;0.000589704;0.0455115;-0.0451906
0.00374928;0.000665088;0.0566985;-0.0465983
0.00522588;0.00071153;0.0661488;-0.0475533
0.00693597;0.000667492;0.0779854;-0.0481097
0.00873492;0.00062255;0.0899013;-0.0488789
0.0108772;0.000759353;0.102443;-0.0501381
0.0131433;0.00109084;0.112309;-0.0512362
0.0153441;0.00160599;0.120337;-0.0523655
0.0186828;0.00233635;0.129141;-0.0536223
0.0212676;0.00283741;0.133881;-0.0543009
0.0230544;0.003135;0.137326;-0.0547725
0.0273131;0.00391195;0.144912;-0.0558423
0.0509706;0.0114465;0.172706;-0.0599227
0.0517368;0.0117087;0.174007;-0.0600214
0.0523897;0.0119569;0.174747;-0.0601596
0.0530072;0.0122255;0.175591;-0.0603551
0.0535669;0.0124708;0.176321;-0.0605088
0.0540606;0.0126837;0.176793;-0.0607149
0.0545824;0.0129305;0.177062;-0.06093
0.0549493;0.0131269;0.177359;-0.0610632
0.0552201;0.0133063;0.177513;-0.0612059
0.0554566;0.0134499;0.1776;-0.0613302
0.0555903;0.0135784;0.177382;-0.0614339
0.0556986;0.0137259;0.177435;-0.0615478
0.0557426;0.0138688;0.177307;-0.0617139
0.0544691;0.0144495;0.172038;-0.0627133
0.0540635;0.0146121;0.17073;-0.0629392
0.0512085;0.0145436;0.16597;-0.0632883
0.0493323;0.0143255;0.164958;-0.0634235
0.0486755;0.0142407;0.164713;-0.0635511
0.0481835;0.0146089;0.161519;-0.0638686
0.0487739;0.0149014;0.160878;-0.0641376
0.0537383;0.0170034;0.157588;-0.0648412
0.0646006;0.021305;0.153818;-0.0654621
0.0670114;0.0223073;0.154397;-0.0655206
0.0738112;0.025953;0.162505;-0.0635269
0.0758225;0.0273752;0.166957;-0.0606766
0.0793579;0.0325981;0.204868;-0.0391965
0;0;0.216095;-0.03344
0;0;0.225464;-0.0151837
0;0;0.146277;-0.00384533
0;0;0.142825;-0.00422778
-0.0715062;-0.0327246;0.15548;-0.0023558
-0.072041;-0.033786;0.26655;0.00313649
-0.0724963;-0.0345783;0.286005;0.00455948
-0.0768381;-0.0390577;0.303694;0.00859384
-0.0779489;-0.0403618;0.313537;0.00892818
-0.0795844;-0.0415771;0.327291;0.00903348
-0.0857278;-0.0465973;0.389882;0.0107275
-0.0874347;-0.0481837;0.408066;0.0108442
-0.0953937;-0.0531119;0.452438;0.0108343
-0.0979416;-0.0546925;0.467576;0.0108348
-0.115778;-0.0664642;0.567304;0.0108148
-0.118519;-0.0684595;0.582523;0.0107711
-0.149256;-0.087213;0.713693;0.0101887
-0.153439;-0.088551;0.728986;0.0101114
-0.158399;-0.0900362;0.748622;0.0101265
-0.170116;-0.0925945;0.800155;0.0102
-0.17254;-0.0926123;0.818479;0.0100613
-0.176556;-0.0890658;0.94032;0.0113634
-0.181035;-0.0874251;1.00485;0.0168603
-0.183365;-0.08734;1.01481;0.021946
-0.18664;-0.0875279;1.02737;0.0250271
-0.206894;-0.0908938;1.11834;0.0771068
-0.216017;-0.0938399;1.16196;0.112441
-0.220425;-0.096082;1.18392;0.144646
-0.225389;-0.0995902;1.21614;0.189891
-0.229706;-0.105903;1.24917;0.244679
-0.230379;-0.109029;1.26208;0.283902
-0.23031;-0.112484;1.28429;0.342052
-0.2276;-0.115213;1.305;0.433312
-0.226533;-0.115804;1.30907;0.443248
-0.224257;-0.116861;1.31541;0.483925
-0.222712;-0.117429;1.32097;0.533256
-0.219362;-0.11845;1.32757;0.585647
-0.218259;-0.117038;1.33108;0.638186
-0.21641;-0.116328;1.33355;0.668111
-0.214096;-0.113106;1.33781;0.765985
-0.213226;-0.112893;1.33867;0.786823
-0.218423;-0.108655;1.33899;0.869748
-0.222428;-0.105714;1.3404;0.922053
-0.224763;-0.104032;1.3408;0.943095
-0.233209;-0.0980543;1.34327;1.02401
-0.236838;-0.0958872;1.34388;1.04424
-0.244754;-0.0906477;1.34783;1.10431
-0.251868;-0.0864572;1.35044;1.14277
-0.254437;-0.0848367;1.35205;1.15294
-0.271879;-0.0725831;1.35976;1.27562
-0.28085;-0.0677485;1.36127;1.32892
-0.289265;-0.0635757;1.3637;1.38014
-0.294316;-0.0609765;1.36468;1.41097
-0.306597;-0.0542081;1.36548;1.48357
-0.317017;-0.0487913;1.36599;1.5368
-0.326039;-0.0441839;1.36716;1.58239
-0.332346;-0.0411251;1.36835;1.61247
-0.342196;-0.0373902;1.36878;1.65292
-0.347959;-0.0350787;1.37023;1.68343
-0.347924;-0.0341336;1.37597;1.75695
-0.357902;-0.0312256;1.37998;1.80661
-0.360905;-0.030325;1.3824;1.83848
-0.364462;-0.0295413;1.38415;1.86621
-0.391719;-0.0245446;1.39125;1.96385
-0.410533;-0.0232303;1.39917;2.03621
-0.423882;-0.0228261;1.40506;2.08754
-0.431628;-0.022671;1.40856;2.11641
-0.438883;-0.023507;1.41343;2.168
-0.450115;-0.0255387;1.41626;2.23938
-0.457708;-0.0278523;1.41936;2.28759
-0.461083;-0.028778;1.42044;2.30775
-0.464553;-0.0323776;1.42314;2.36836
-0.46666;-0.0371366;1.42407;2.46078
-0.469307;-0.0386254;1.42397;2.49076
-0.466398;-0.0407777;1.42365;2.54177
-0.463356;-0.0413923;1.42374;2.55931
-0.461543;-0.0465539;1.42367;2.61845
-0.45896;-0.0477561;1.42399;2.63842
-0.452756;-0.054962;1.42678;2.70964
-0.450768;-0.056732;1.42769;2.71978
-0.437994;-0.0686622;1.43347;2.81996
-0.430898;-0.0715906;1.43552;2.86131
-0.420307;-0.0810446;1.44084;2.94073
-0.415096;-0.0826306;1.44233;2.95875
-0.401511;-0.0926316;1.44676;3.04225
-0.396999;-0.0938591;1.44783;3.06068
-0.389214;-0.100944;1.44989;3.11032
-0.377018;-0.105277;1.45196;-3.12384
-0.364652;-0.113312;1.45402;-3.04539
-0.356854;-0.117481;1.45522;-2.99314
-0.354443;-0.119006;1.45566;-2.97492
-0.341816;-0.124257;1.45848;-2.89466
-0.328964;-0.128243;1.45963;-2.82585
-0.3272;-0.129718;1.45967;-2.81598
-0.321209;-0.133589;1.46071;-2.76381
-0.314058;-0.134555;1.46149;-2.72537
-0.305299;-0.138987;1.46355;-2.66215
-0.297927;-0.139412;1.4648;-2.62339
-0.288226;-0.14184;1.46656;-2.56419
-0.285044;-0.141792;1.46703;-2.54675
-0.269973;-0.143356;1.47067;-2.46604
-0.266745;-0.143212;1.47142;-2.44624
-0.26329;-0.142785;1.47211;-2.42628
-0.247954;-0.145292;1.47488;-2.32833
-0.23611;-0.147974;1.47853;-2.24754
-0.233355;-0.147667;1.47942;-2.22786
-0.22601;-0.150254;1.48294;-2.16661
-0.221729;-0.150097;1.48387;-2.12884
-0.213571;-0.14755;1.48464;-2.07932
-0.205947;-0.149098;1.48499;-1.99653
-0.203545;-0.148561;1.48512;-1.97594
-0.196068;-0.151973;1.4845;-1.91832
-0.191011;-0.152278;1.48408;-1.8785
-0.186286;-0.155415;1.48396;-1.82827
-0.182217;-0.161085;1.48281;-1.76606
-0.178508;-0.162269;1.48259;-1.71937
-0.173953;-0.161242;1.48237;-1.66931
-0.17215;-0.162585;1.48262;-1.59709
-0.17136;-0.162198;1.48261;-1.57886
-0.170496;-0.161584;1.48277;-1.56893
-0.169571;-0.161802;1.48361;-1.51868
-0.166771;-0.160886;1.48805;-1.41464
-0.165251;-0.159758;1.4905;-1.36565
-0.165424;-0.159914;1.49611;-1.31834
-0.164048;-0.157819;1.50066;-1.24866
-0.162938;-0.156715;1.50158;-1.21871
-0.160626;-0.154017;1.50247;-1.1476
-0.160126;-0.153508;1.5027;-1.11681
-0.159684;-0.152982;1.50279;-1.09686
-0.158451;-0.151524;1.50287;-1.06712
-0.15773;-0.151633;1.50296;-1.02712
-0.153927;-0.149219;1.50438;-0.927137
-0.153385;-0.1488;1.50455;-0.917015
-0.149282;-0.14468;1.50622;-0.812468
-0.148442;-0.143794;1.50643;-0.794642
-0.146578;-0.141737;1.50632;-0.765271
-0.142494;-0.138013;1.50584;-0.665252
-0.142648;-0.136486;1.50673;-0.61465
-0.142524;-0.135773;1.50705;-0.594415
-0.14225;-0.132555;1.51032;-0.491309
-0.142071;-0.131932;1.51075;-0.473451
-0.14205;-0.12974;1.51064;-0.412666
-0.141865;-0.12905;1.51043;-0.395041
-0.141529;-0.125022;1.50964;-0.315632
-0.140901;-0.122246;1.5097;-0.263116
-0.141582;-0.120847;1.50968;-0.224307
-0.141116;-0.117718;1.51012;-0.16515
-0.140746;-0.116194;1.48326;-0.101197
-0.1341;-0.114803;1.46566;-0.0802237
-0.120583;-0.113245;1.45591;-0.0585647
-0.0583099;-0.109047;1.42188;-0.0220715
-0.0471456;-0.108556;1.41628;-0.0198402
-0.0118723;-0.107123;1.40026;-0.0114813
0.0229191;-0.106558;1.38476;-0.00661276
0.0555006;-0.105737;1.37201;-0.0034997
0.106105;-0.104524;1.3529;-0.0013476
0.1156;-0.10425;1.34984;-0.0012201
0.143284;-0.103645;1.34195;-0.0014375
0.151563;-0.103383;1.34276;-0.000641974
0.190971;-0.102346;1.35299;-0.0125711
0.195196;-0.103228;1.35154;-0.0316342
0.196446;-0.10401;1.35145;-0.0488288
0.200353;-0.108179;1.34788;-0.144352
0.202411;-0.110596;1.34252;-0.222359
0.207164;-0.114727;1.33331;-0.343641
0.210188;-0.117;1.32868;-0.397596
0.214326;-0.119809;1.32271;-0.457808
0.220634;-0.124597;1.31322;-0.550826
0.223155;-0.126214;1.30995;-0.590212
0.243377;-0.136648;1.28881;-0.793602
0.254719;-0.141862;1.27842;-0.892869
0.259919;-0.144025;1.27411;-0.934379
0.282878;-0.152789;1.25668;-1.10346
0.300127;-0.158509;1.24394;-1.20384
0.319229;-0.164129;1.23031;-1.30875
0.331688;-0.167792;1.22181;-1.37586
0.360149;-0.176358;1.20705;-1.5132
0.384596;-0.182455;1.19335;-1.61435
0.392735;-0.184136;1.18881;-1.65039
0.400753;-0.185803;1.18427;-1.6705
0.454199;-0.195077;1.15563;-1.88385
0.493548;-0.200918;1.13747;-2.02415
0.503937;-0.202476;1.13341;-2.06573
0.523787;-0.205415;1.12528;-2.12734
0.579596;-0.214069;1.10577;-2.29333
0.609849;-0.218806;1.09431;-2.39764
0.622504;-0.221234;1.09067;-2.43971
0.637535;-0.224064;1.08579;-2.4817
0.722499;-0.239643;1.0539;-2.70237
0.734092;-0.24173;1.04877;-2.74267
0.74516;-0.243657;1.0436;-2.7837
0.834121;-0.261636;1.01184;-2.97469
0.848682;-0.265386;1.00813;-3.00227
0.922668;-0.283891;0.988115;-3.08651
0.968862;-0.297122;0.977111;-3.11947
0.974711;-0.298577;0.97534;-3.12286
0.986276;-0.30284;0.973862;-3.1294
1.02975;-0.317545;0.964944;3.13911
1.05002;-0.327089;0.960159;3.13523
1.05726;-0.330401;0.957997;3.13442
1.0819;-0.341764;0.94981;3.1313
1.11742;-0.3599;0.94815;3.12555
1.1363;-0.370464;0.946081;3.13178
1.14558;-0.376258;0.941173;-3.13775
1.18117;-0.406445;0.932357;-3.07971
1.19694;-0.422061;0.926708;-3.04666
1.244;-0.473033;0.910435;-2.95314
1.2657;-0.498429;0.901443;-2.90688
1.28018;-0.514999;0.897321;-2.87132
1.29808;-0.535865;0.89178;-2.84072
1.31225;-0.552769;0.887095;-2.82376
1.39314;-0.654468;0.856867;-2.66152
1.41011;-0.676626;0.850154;-2.643
1.52361;-0.83076;0.806467;-2.45296
1.56118;-0.883523;0.791759;-2.37602
1.66781;-1.03644;0.753395;-2.21947
1.68782;-1.06556;0.745741;-2.17953
1.80096;-1.23236;0.704364;-2.02093
1.82216;-1.26384;0.696478;-1.98223
1.84308;-1.29501;0.688643;-1.96679
1.91736;-1.40763;0.663749;-1.87534
2.00078;-1.53731;0.63687;-1.77395
2.09767;-1.69688;0.607;-1.70125
2.11396;-1.7249;0.60189;-1.68705
2.16493;-1.81431;0.58697;-1.66211
2.25151;-1.97151;0.564258;-1.63368
2.32158;-2.10463;0.547146;-1.62087
2.33188;-2.12483;0.544843;-1.61944
2.34994;-2.16086;0.540231;-1.61765
2.38349;-2.229;0.536803;-1.61583
2.39021;-2.24281;0.540358;-1.61578
2.39599;-2.25479;0.544138;-1.61539
2.40192;-2.26727;0.547348;-1.61309
2.41443;-2.31521;0.539391;-1.55592
2.41327;-2.32205;0.540212;-1.53622
2.36919;-2.36989;0.535057;-1.40522
2.35977;-2.3783;0.533341;-1.39568
2.29713;-2.42736;0.525224;-1.30087
2.23522;-2.4681;0.519843;-1.25672
2.22145;-2.47818;0.518964;-1.24483
2.15852;-2.51408;0.514515;-1.21265
2.14363;-2.5215;0.513553;-1.20976
2.1299;-2.52992;0.513229;-1.20253
2.01775;-2.58422;0.507873;-1.17806
2.00188;-2.59068;0.50703;-1.17575
1.98931;-2.59522;0.506323;-1.17423
1.93254;-2.61741;0.503729;-1.16957
1.91883;-2.62123;0.502912;-1.16907
1.90831;-2.62429;0.502362;-1.16877
1.87186;-2.63748;0.513346;-1.1672
1.8658;-2.63942;0.517377;-1.16887
1.85899;-2.65271;0.531636;-1.17677
1.88657;-2.69266;0.568502;-1.19614
1.93963;-2.7694;0.614517;-1.22444
1.9494;-2.78494;0.622065;-1.23117
1.99337;-2.85931;0.650968;-1.24969
2.00398;-2.87806;0.65701;-1.25207
2.01446;-2.89681;0.662998;-1.25667
2.08026;-3.01504;0.697694;-1.27161
2.12367;-3.09472;0.715794;-1.27811
2.13042;-3.10725;0.718366;-1.27864
2.1391;-3.12329;0.721776;-1.27995
2.203;-3.24494;0.75032;-1.28579
2.20971;-3.25818;0.753808;-1.28638
2.22196;-3.28222;0.760606;-1.28714
2.22756;-3.29309;0.763853;-1.28746
2.25888;-3.35141;0.774897;-1.28668
2.27053;-3.37344;0.785358;-1.28715
2.27241;-3.37713;0.788592;-1.28787
2.27591;-3.38406;0.795698;-1.29259
2.27906;-3.3903;0.801867;-1.29784
2.28091;-3.39386;0.805504;-1.30198
2.30197;-3.43302;0.828267;-1.32267
2.33152;-3.48384;0.846019;-1.34176
2.357;-3.52769;0.856154;-1.35229
2.40356;-3.60855;0.872437;-1.36556
2.41245;-3.62453;0.87569;-1.36805
2.44733;-3.68642;0.887445;-1.37385
2.45539;-3.70096;0.890154;-1.37554
2.47811;-3.74179;0.897785;-1.3789
2.51252;-3.80294;0.907368;-1.38229
2.51839;-3.81329;0.909085;-1.3828
2.53038;-3.83432;0.912407;-1.38354
2.56633;-3.89306;0.923517;-1.38554
2.57063;-3.90096;0.924502;-1.38521
2.57448;-3.90803;0.924972;-1.38526
2.58651;-3.92843;0.922564;-1.39236
2.60942;-3.9508;0.921335;-1.42794
2.61512;-3.95544;0.921038;-1.43649
2.62822;-3.96552;0.919937;-1.45195
2.66422;-3.99772;0.918053;-1.48897
2.67689;-4.00829;0.91703;-1.49434
2.68492;-4.01489;0.916289;-1.5055
2.78167;-4.10065;0.908034;-1.58549
2.79714;-4.11481;0.906551;-1.59285
2.94748;-4.25152;0.893967;-1.69217
2.97347;-4.27479;0.891579;-1.69754
3.06195;-4.35524;0.885424;-1.73771
3.10805;-4.39614;0.881624;-1.75074
3.13128;-4.4164;0.879861;-1.75843
3.20599;-4.4849;0.872964;-1.77422
3.2286;-4.50485;0.870978;-1.7802
3.42851;-4.67625;0.856279;-1.80604
3.44787;-4.69261;0.855421;-1.80712
3.52344;-4.7541;0.851291;-1.81294
3.54089;-4.76912;0.850962;-1.81394
3.58906;-4.80889;0.849896;-1.81629
3.64897;-4.85933;0.845575;-1.81775
3.66161;-4.87018;0.846192;-1.8172
3.69233;-4.89596;0.851903;-1.81563
3.71499;-4.92049;0.84509;-1.80017
3.71839;-4.9254;0.84023;-1.78744
3.68428;-4.96053;0.776421;-1.61413
3.67569;-4.96537;0.766653;-1.59303
3.64135;-4.98075;0.732788;-1.52003
3.63224;-4.98431;0.724511;-1.48363
3.59272;-5.00453;0.685799;-1.39557
3.49952;-5.05041;0.603223;-1.21481
3.46604;-5.06753;0.58237;-1.16452
3.44895;-5.07631;0.573015;-1.13255
3.41175;-5.10121;0.552541;-1.09036
3.27273;-5.23634;0.488287;-0.908226
3.25989;-5.25467;0.483614;-0.888156
3.20796;-5.35027;0.461973;-0.822867
3.20026;-5.36719;0.458099;-0.815464
3.15252;-5.4932;0.433759;-0.766778
3.14441;-5.51682;0.430137;-0.761921
3.11965;-5.59374;0.420111;-0.745231
3.09709;-5.66511;0.411773;-0.732543
3.0922;-5.6805;0.409944;-0.728536
3.06889;-5.76735;0.402171;-0.717688
3.06265;-5.79006;0.40016;-0.716563
3.0242;-5.93827;0.381136;-0.707695
3.02083;-5.95154;0.379134;-0.707191
3.01758;-5.96398;0.377307;-0.706705
3.00592;-6.01069;0.381512;-0.707543
3.00411;-6.01904;0.384748;-0.708096
3.00284;-6.04163;0.392853;-0.711235
3.00411;-6.04403;0.394167;-0.710466
3.00763;-6.05244;0.398181;-0.708043
3.01981;-6.07104;0.408846;-0.697892
3.02323;-6.07822;0.41071;-0.694354
3.05468;-6.15235;0.427131;-0.674558
3.0662;-6.18476;0.433162;-0.666536
3.08426;-6.23929;0.443075;-0.657445
3.08873;-6.25313;0.445669;-0.655786
3.12172;-6.36364;0.463264;-0.639628
3.12852;-6.38712;0.466226;-0.637398
3.14371;-6.44268;0.472239;-0.631479
3.17657;-6.57571;0.483239;-0.624198
3.18427;-6.60951;0.485938;-0.622767
3.21915;-6.77349;0.500121;-0.615567
3.23957;-6.87109;0.508865;-0.612154
3.26439;-6.98643;0.519248;-0.608554
3.26911;-7.00716;0.520915;-0.608246
3.28649;-7.08658;0.526721;-0.606707
3.29053;-7.10487;0.528635;-0.606582
3.30747;-7.18706;0.536849;-0.606386
3.31078;-7.20177;0.53887;-0.606817
3.32734;-7.26952;0.554194;-0.624239
3.32906;-7.27544;0.556972;-0.630714
3.3309;-7.28235;0.560632;-0.638764
3.33832;-7.30842;0.573012;-0.662813
3.34091;-7.31829;0.577383;-0.673257
3.34945;-7.35676;0.59324;-0.711937
3.35196;-7.36865;0.597594;-0.718382
3.36125;-7.42682;0.610061;-0.762555
3.37418;-7.50776;0.623168;-0.800078
3.37659;-7.52335;0.625493;-0.807265
3.38587;-7.57022;0.632642;-0.820149
3.38914;-7.58884;0.63496;-0.823736
3.39994;-7.64588;0.642879;-0.832404
3.4055;-7.67541;0.647593;-0.836661
3.4189;-7.75947;0.664668;-0.842858
3.42024;-7.76938;0.666809;-0.8436
3.42569;-7.79762;0.673714;-0.844831
3.42959;-7.8238;0.679553;-0.845741
3.43657;-7.85448;0.69247;-0.852964
3.43763;-7.8576;0.695671;-0.860477
3.44304;-7.86459;0.707235;-0.893475
3.44969;-7.87049;0.719774;-0.943208
3.45324;-7.87287;0.723321;-0.960797
3.48979;-7.90192;0.749476;-1.06719
3.50189;-7.91148;0.755743;-1.08664
3.50614;-7.91458;0.757843;-1.08987
3.52677;-7.92868;0.769156;-1.11089
3.52962;-7.93031;0.770794;-1.11216
3.54282;-7.93847;0.777498;-1.12041
3.54658;-7.94042;0.779224;-1.12213
3.55622;-7.9458;0.78324;-1.12547
3.55849;-7.94717;0.784103;-1.12593
3.57031;-7.95362;0.789011;-1.12866
3.57219;-7.95446;0.790949;-1.12839
3.58868;-7.96301;0.801424;-1.14309
3.59558;-7.96596;0.80278;-1.15588
3.61786;-7.9729;0.809007;-1.18149
3.62639;-7.97537;0.810232;-1.19381
3.68742;-7.99011;0.813683;-1.25431
3.70597;-7.99419;0.81362;-1.27052
3.73444;-8.00032;0.813103;-1.29466
3.77452;-8.00867;0.814133;-1.32325
3.88637;-8.03061;0.8124;-1.40667
3.93511;-8.03957;0.811135;-1.43559
4.13713;-8.07313;0.805967;-1.5314
4.1667;-8.07758;0.805036;-1.53723
4.34963;-8.1014;0.802691;-1.58025
4.40556;-8.10847;0.800473;-1.59092
4.43295;-8.11195;0.799387;-1.5934
4.51636;-8.12223;0.795724;-1.60335
4.56568;-8.12819;0.793999;-1.60934
4.58963;-8.13104;0.793044;-1.61056
4.76505;-8.1521;0.781629;-1.62025
4.8595;-8.16433;0.797612;-1.6157
4.86898;-8.16632;0.798405;-1.61402
4.89498;-8.18047;0.794151;-1.59332
4.89731;-8.18564;0.7931;-1.58534
4.90226;-8.21423;0.788959;-1.55704
4.90278;-8.2236;0.787081;-1.54584
4.90249;-8.26127;0.779006;-1.51539
4.90299;-8.27451;0.776657;-1.50339
4.90325;-8.29242;0.773582;-1.49721
4.90398;-8.37834;0.757026;-1.43137
4.90891;-8.49414;0.734949;-1.36715
4.9103;-8.51881;0.731005;-1.35183
4.91783;-8.65812;0.710898;-1.30342
4.91911;-8.68521;0.707359;-1.29353
4.9243;-8.8499;0.689314;-1.26328
4.9249;-8.87512;0.686301;-1.26079
4.92595;-8.95254;0.677377;-1.25226
4.92645;-8.99727;0.673307;-1.24646
4.92664;-9.01881;0.671699;-1.24566
4.92673;-9.10302;0.664685;-1.23939
4.92641;-9.192;0.656454;-1.23515
4.92438;-9.2649;0.660197;-1.23461
4.92405;-9.30279;0.678993;-1.24056
4.92474;-9.30884;0.682017;-1.2459
4.94043;-9.32145;0.699714;-1.28626
4.94641;-9.32189;0.703715;-1.30096
4.97075;-9.32213;0.714426;-1.33456
5.03746;-9.32719;0.73131;-1.39459
5.05328;-9.32889;0.734334;-1.41116
5.12689;-9.33898;0.743966;-1.45393
5.14454;-9.3419;0.746099;-1.45917
5.23967;-9.3577;0.756241;-1.49636
5.26164;-9.36147;0.758795;-1.49949
5.32997;-9.37192;0.765198;-1.51724
5.41326;-9.38529;0.771707;-1.52963
5.4282;-9.38766;0.772857;-1.53205
5.45839;-9.39358;0.775656;-1.53465
5.47276;-9.39622;0.776948;-1.53629
5.50344;-9.40144;0.779597;-1.53797
5.57012;-9.41398;0.785466;-1.54162
5.61124;-9.4227;0.790876;-1.54128
5.64069;-9.43615;0.801588;-1.54348
5.6629;-9.45738;0.816531;-1.55896
5.67068;-9.46511;0.820958;-1.56469
5.70063;-9.49478;0.836366;-1.58253
5.74566;-9.53671;0.851589;-1.60337
5.75787;-9.5477;0.854489;-1.6081
5.77054;-9.55896;0.857099;-1.61074
5.81404;-9.59755;0.867045;-1.62002
5.82771;-9.6095;0.87014;-1.62352
5.89434;-9.6679;0.881647;-1.63435
5.90698;-9.67927;0.883425;-1.63674
5.9581;-9.72494;0.890663;-1.64296
6.01498;-9.77508;0.898441;-1.64714
6.07182;-9.82596;0.905266;-1.64993
6.08014;-9.83378;0.906281;-1.65034
6.08802;-9.84108;0.907252;-1.65044
6.10441;-9.85574;0.909317;-1.65085
6.10946;-9.86014;0.910016;-1.65088
6.14979;-9.90903;0.895603;-1.64194
6.15128;-9.91473;0.891147;-1.63956
6.15205;-9.95465;0.861111;-1.6294
6.14837;-9.99078;0.83868;-1.62189
6.14676;-10.0038;0.830653;-1.61852
6.13592;-10.0894;0.793414;-1.60639
6.13336;-10.1078;0.787468;-1.60388
6.12514;-10.1654;0.770862;-1.59824
6.12154;-10.189;0.763854;-1.59647
6.10346;-10.302;0.735115;-1.58959
6.10062;-10.3186;0.7311;-1.58903
6.08887;-10.3835;0.716119;-1.5862
6.07698;-10.4442;0.700366;-1.58437
6.07412;-10.4578;0.696698;-1.5842
6.05644;-10.53;0.677141;-1.58229
6.0535;-10.5399;0.674956;-1.58194
6.0479;-10.558;0.670722;-1.58174
6.03892;-10.5849;0.679736;-1.58247
6.03681;-10.5917;0.685175;-1.5842
6.03409;-10.6026;0.691523;-1.59172
6.03376;-10.6116;0.692838;-1.61286
6.05567;-10.6518;0.700344;-1.76055
6.0772;-10.6962;0.70239;-1.87395
6.08201;-10.7051;0.702523;-1.88714
6.11088;-10.7628;0.703783;-1.99303
6.11884;-10.7776;0.703781;-2.01485
6.15487;-10.8412;0.703003;-2.07534
6.16373;-10.8557;0.702649;-2.09314
6.20251;-10.9157;0.701801;-2.13525
6.21146;-10.9295;0.701672;-2.14017
6.25846;-10.9965;0.701963;-2.17238
6.26696;-11.0091;0.70225;-2.17427
6.34047;-11.1095;0.704123;-2.19501
6.34774;-11.1185;0.704161;-2.19627
6.3679;-11.1453;0.706121;-2.19813
6.37575;-11.155;0.709082;-2.19673
6.39356;-11.1787;0.721394;-2.18245
6.39596;-11.1821;0.723619;-2.17392
6.39858;-11.1829;0.73012;-2.13241
6.39656;-11.1713;0.738885;-2.07685
6.39506;-11.1643;0.74118;-2.05044
6.37319;-11.0384;0.761851;-1.80653
6.36239;-10.9559;0.766242;-1.71814
6.35913;-10.9274;0.767553;-1.69496
6.35123;-10.8582;0.771879;-1.65018
6.34168;-10.7589;0.77828;-1.6064
6.3395;-10.7361;0.779964;-1.60171
6.33208;-10.6424;0.786101;-1.57566
6.3303;-10.621;0.787647;-1.57047
6.32732;-10.5796;0.790571;-1.56398
6.32605;-10.5596;0.791701;-1.56078
6.31363;-10.3608;0.801938;-1.54665
6.313;-10.3478;0.804819;-1.54825
6.31254;-10.3362;0.806242;-1.54926
6.30779;-10.3115;0.785646;-1.57172
6.30611;-10.3168;0.782572;-1.57376
6.29538;-10.3536;0.764177;-1.58974
6.29009;-10.3682;0.75849;-1.59408
6.28537;-10.3814;0.753441;-1.597
6.28019;-10.3959;0.747802;-1.60184
6.23711;-10.5116;0.71772;-1.62327
6.22875;-10.5336;0.712972;-1.62733
6.17243;-10.6791;0.684933;-1.6417
6.16325;-10.703;0.681049;-1.64245
6.11722;-10.8221;0.663564;-1.64702
6.10895;-10.8437;0.660603;-1.64733
6.08333;-10.9097;0.65264;-1.64819
6.06671;-10.9525;0.64775;-1.64861
6.05442;-10.9844;0.64371;-1.64895
6.02774;-11.0556;0.635554;-1.6494
6.02197;-11.0712;0.633669;-1.64934
5.98804;-11.1776;0.658392;-1.64405
5.987;-11.1821;0.658368;-1.64156
5.98639;-11.1858;0.657604;-1.6376
5.98104;-11.1951;0.661508;-1.60685
5.96184;-11.2164;0.667739;-1.56453
5.95603;-11.2223;0.668431;-1.55253
5.94213;-11.2365;0.669931;-1.53443
5.91654;-11.2627;0.671105;-1.50267
5.90664;-11.2726;0.671291;-1.49145
5.89682;-11.2816;0.671605;-1.47773
5.78677;-11.3848;0.672081;-1.39314
5.69599;-11.4725;0.670897;-1.33899
5.67726;-11.4907;0.670609;-1.32722
5.61278;-11.5542;0.668121;-1.30281
5.5731;-11.5924;0.665522;-1.29121
5.50678;-11.6569;0.662637;-1.2756
5.48657;-11.6765;0.662244;-1.27024
5.40479;-11.7557;0.662479;-1.25537
5.38608;-11.7737;0.662489;-1.25328
5.31114;-11.8444;0.664363;-1.2444
5.29446;-11.8602;0.664828;-1.24244
5.15931;-11.9875;0.670822;-1.23384
5.14683;-11.9991;0.671404;-1.23366
5.09291;-12.0507;0.675028;-1.23557
5.08653;-12.0577;0.672023;-1.23519
5.07713;-12.0695;0.659746;-1.23328
5.07666;-12.0819;0.626734;-1.21812
5.08232;-12.0889;0.597373;-1.19681
5.08393;-12.0921;0.587405;-1.18809
5.08537;-12.0958;0.576781;-1.18308
5.08594;-12.1517;0.481621;-1.11544
5.08448;-12.1609;0.472577;-1.11086
5.0808;-12.1883;0.445638;-1.0953
5.07549;-12.2186;0.41871;-1.08246
5.07367;-12.2278;0.411026;-1.07852
5.064;-12.2731;0.374307;-1.06747
5.06213;-12.2813;0.36808;-1.06555
5.05278;-12.3281;0.334657;-1.05934
5.04977;-12.3426;0.324236;-1.05838
5.04835;-12.3488;0.319696;-1.0578
5.04533;-12.3607;0.310764;-1.05739
5.03754;-12.3998;0.321171;-1.05312
5.0371;-12.4029;0.328524;-1.05123
5.03598;-12.4066;0.36288;-1.03068
5.03658;-12.4045;0.374301;-1.0221
5.03704;-12.3839;0.43069;-0.990436
5.03625;-12.349;0.486729;-0.949293
5.03531;-12.3348;0.50683;-0.935763
5.0321;-12.2911;0.562086;-0.899154
5.03123;-12.2798;0.574524;-0.893554
5.03129;-12.1146;0.722485;-0.782143
5.03485;-12.0969;0.736745;-0.767648
5.04692;-12.0619;0.764554;-0.742824
5.0858;-11.9928;0.820824;-0.678748
5.0984;-11.9776;0.833809;-0.662044
5.18234;-11.9065;0.89737;-0.585741
5.20225;-11.8946;0.909699;-0.566239
5.35433;-11.8294;0.98541;-0.468961
5.40243;-11.8151;1.00508;-0.440452
5.43797;-11.8058;1.01914;-0.421099
5.46705;-11.7988;1.03003;-0.411492
5.59115;-11.7753;1.0722;-0.344295
5.73198;-11.7573;1.11313;-0.279723
5.95933;-11.7409;1.16203;-0.21295
5.98576;-11.7399;1.16753;-0.209237
6.09527;-11.7372;1.18952;-0.190703
6.12713;-11.7369;1.19566;-0.184678
6.19755;-11.7369;1.20838;-0.178398
6.22791;-11.7371;1.21363;-0.174267
6.50979;-11.7454;1.26299;-0.158869
6.53083;-11.7463;1.26721;-0.158346
6.60919;-11.7504;1.28327;-0.157556
6.62617;-11.7513;1.28683;-0.157625
6.6996;-11.7559;1.28766;-0.162674
6.70804;-11.7571;1.28685;-0.165732
6.72315;-11.7621;1.28726;-0.192568
6.72364;-11.7646;1.28716;-0.207791
6.71457;-11.7763;1.28525;-0.256002
6.67955;-11.8024;1.28244;-0.347951
6.66779;-11.8104;1.28142;-0.362872
6.51332;-11.9208;1.26998;-0.621516
6.49791;-11.9322;1.26887;-0.658656
6.47126;-11.9521;1.26693;-0.696929
6.44953;-11.9687;1.26529;-0.716044
6.3306;-12.0644;1.25512;-0.894842
6.24952;-12.1315;1.24931;-1.00247
6.12889;-12.2392;1.24006;-1.16797
6.10377;-12.262;1.23822;-1.20818
6.02476;-12.3369;1.23228;-1.30546
6.00021;-12.3607;1.23066;-1.32582
5.81841;-12.5419;1.21936;-1.575
5.70951;-12.654;1.21421;-1.72269
5.68371;-12.681;1.21319;-1.74367
5.5788;-12.7919;1.20944;-1.88672
5.54595;-12.8273;1.20882;-1.92813
5.41252;-12.9727;1.20503;-2.09173
5.37936;-13.0094;1.20318;-2.12942
4.92236;-13.5668;1.1857;-2.37375
4.8991;-13.5977;1.18462;-2.3783
4.85468;-13.658;1.18244;-2.38351
4.83353;-13.6872;1.18143;-2.38664
4.80778;-13.7229;1.18015;-2.38826
4.78706;-13.7505;1.17952;-2.3905
4.76711;-13.7775;1.17889;-2.39266
4.7479;-13.8038;1.1783;-2.39362
4.72941;-13.8294;1.17774;-2.39542
4.65571;-13.9303;1.17606;-2.39887
4.59651;-14.0125;1.18225;-2.37934
4.55638;-14.0657;1.17465;-2.33566
4.54701;-14.079;1.16723;-2.31041
4.5392;-14.0907;1.15815;-2.28798
4.52057;-14.1177;1.12608;-2.21946
4.51858;-14.1275;1.08429;-2.14125
4.55258;-14.1038;0.963907;-1.98296
4.56122;-14.0972;0.944755;-1.95559
4.57127;-14.0898;0.925109;-1.94211
4.66415;-14.0274;0.781863;-1.8048
4.67791;-14.0191;0.764299;-1.77866
4.83959;-13.9296;0.57324;-1.62302
4.86524;-13.9174;0.548534;-1.61088
4.89088;-13.9052;0.524222;-1.58994
5.04277;-13.8458;0.405147;-1.51284
5.07338;-13.8358;0.383758;-1.49676
5.13705;-13.8184;0.342529;-1.47442
5.30575;-13.7926;0.235039;-1.41748
5.33642;-13.7918;0.215225;-1.41023
5.43199;-13.8005;0.154013;-1.38251
5.64595;-13.9048;-0.0121118;-1.31512
5.72732;-14.0099;-0.0958645;-1.2844
5.73966;-14.0329;-0.111107;-1.28185
5.75115;-14.0568;-0.126051;-1.27561
5.76429;-14.088;-0.144329;-1.26878
5.80872;-14.2916;-0.235126;-1.24621
5.8116;-14.3214;-0.246191;-1.24355
5.81411;-14.3511;-0.256867;-1.24104
5.82069;-14.529;-0.314755;-1.23006
5.82038;-14.5556;-0.322812;-1.22947
5.81856;-14.6832;-0.361228;-1.22346
5.81825;-14.7052;-0.368034;-1.22295
5.81606;-14.792;-0.398219;-1.22047
5.81572;-14.8106;-0.404292;-1.22001
5.81544;-14.8285;-0.410032;-1.21981
5.80759;-14.9578;-0.435353;-1.21918
5.80648;-14.9691;-0.427309;-1.2192
5.80549;-14.9789;-0.419609;-1.2198
5.80286;-15.0085;-0.415204;-1.24384
5.80361;-15.01;-0.415412;-1.2564
5.8256;-15.0187;-0.384502;-1.3533
5.83147;-15.0217;-0.380345;-1.36306
5.83653;-15.0256;-0.376876;-1.38549
5.85908;-15.044;-0.364895;-1.43812
5.87004;-15.0535;-0.36059;-1.45573
5.9381;-15.1142;-0.341534;-1.5353
5.94764;-15.1229;-0.339089;-1.54667
5.96758;-15.1404;-0.334233;-1.55919
6.05316;-15.2095;-0.31901;-1.59863
6.06267;-15.217;-0.317583;-1.60031
6.07142;-15.2247;-0.316479;-1.60334
6.10799;-15.2546;-0.312314;-1.61084
6.11625;-15.2611;-0.311217;-1.61164
6.156;-15.2922;-0.306476;-1.61649
6.18068;-15.3124;-0.307767;-1.61355
6.18854;-15.3212;-0.306401;-1.60264
6.18252;-15.3427;-0.293754;-1.5546
6.17709;-15.3495;-0.290679;-1.53921
6.14946;-15.3803;-0.279485;-1.48746
6.14071;-15.3899;-0.276662;-1.46976
6.10777;-15.4265;-0.265833;-1.42232
6.09337;-15.4426;-0.260708;-1.40374
6.028;-15.5183;-0.237716;-1.30716
6.00951;-15.54;-0.231886;-1.28487
5.87463;-15.7062;-0.190282;-1.12088
5.85153;-15.7358;-0.182514;-1.09509
5.74744;-15.8685;-0.156051;-0.997765
5.72704;-15.8951;-0.151728;-0.976208
5.70622;-15.9221;-0.147714;-0.966157
5.61461;-16.0379;-0.132833;-0.907111
5.59345;-16.0647;-0.129611;-0.894428
5.48869;-16.1941;-0.111522;-0.856731
5.44501;-16.2475;-0.104236;-0.845943
5.37296;-16.3357;-0.0917738;-0.827609
5.33635;-16.3801;-0.0854727;-0.821966
5.25855;-16.4724;-0.072976;-0.81166
5.24551;-16.488;-0.0710964;-0.811013
5.18495;-16.5628;-0.0635068;-0.806305
5.15686;-16.5984;-0.0628036;-0.806258
5.13356;-16.6352;-0.0599976;-0.826834
5.13512;-16.6512;-0.0519499;-0.849069
5.13734;-16.6569;-0.0492428;-0.859168
5.14073;-16.6629;-0.0464154;-0.864708
5.19989;-16.7379;-0.0190716;-0.958551
5.20986;-16.7499;-0.0158985;-0.966093
5.26838;-16.8198;-0.0075536;-1.02504
5.30685;-16.8607;-0.00155172;-1.04655
5.31992;-16.874;0.000835854;-1.0494
5.36244;-16.916;0.00801136;-1.0648
5.37584;-16.9282;0.0102385;-1.06936
5.44247;-16.9879;0.021189;-1.08293
5.45548;-16.9989;0.0228838;-1.08533
5.46806;-17.0095;0.0247711;-1.0873
5.51763;-17.0507;0.0317419;-1.09247
5.54172;-17.0682;0.0351684;-1.09518
5.6273;-17.131;0.0503691;-1.09726
5.63732;-17.1388;0.0510935;-1.09608
5.65614;-17.1544;0.0440811;-1.09675
5.65971;-17.1585;0.0397476;-1.09757
5.66274;-17.1695;0.0210904;-1.10886
5.66211;-17.1853;-0.00638837;-1.1514
5.65998;-17.1983;-0.0245647;-1.17598
5.66077;-17.205;-0.0332419;-1.19377
5.67845;-17.3509;-0.145042;-1.36979
5.68125;-17.3647;-0.152421;-1.38088
5.68387;-17.3784;-0.159722;-1.38596
5.69837;-17.4493;-0.194281;-1.41926
5.70207;-17.4654;-0.201953;-1.42188
5.70976;-17.5025;-0.218796;-1.43252
5.71318;-17.5145;-0.224122;-1.43611
5.72135;-17.5487;-0.239198;-1.44208
5.72396;-17.5621;-0.245612;-1.44391
5.73556;-17.6112;-0.269455;-1.4489
5.73752;-17.6222;-0.274551;-1.44971
5.74987;-17.678;-0.266654;-1.45063
5.75136;-17.6833;-0.261146;-1.45164
5.75958;-17.6962;-0.253029;-1.47328
5.76296;-17.6979;-0.250595;-1.48579
5.79043;-17.7086;-0.242361;-1.54484
5.80105;-17.7129;-0.241061;-1.56132
5.8209;-17.7215;-0.239446;-1.58978
5.88792;-17.7534;-0.238521;-1.67098
5.90411;-17.7616;-0.238446;-1.69177
5.96251;-17.7921;-0.238354;-1.74834
6.09811;-17.8661;-0.24134;-1.86477
6.12263;-17.8797;-0.242123;-1.88388
6.2842;-17.9698;-0.247408;-1.96435
6.3105;-17.9843;-0.248084;-1.97018
6.36828;-18.0161;-0.249591;-1.99076
6.41869;-18.0429;-0.250921;-2.00408
6.49626;-18.0834;-0.253376;-2.0202
6.51864;-18.0952;-0.253919;-2.02481
6.66375;-18.169;-0.257214;-2.04287
6.73077;-18.2016;-0.258621;-2.04851
6.79206;-18.2294;-0.255895;-2.05121
6.8068;-18.2364;-0.252694;-2.05099
6.84237;-18.2564;-0.235938;-2.04413
6.84483;-18.2599;-0.231351;-2.04356
6.85427;-18.2783;-0.207604;-2.04043
6.85504;-18.2838;-0.20121;-2.03955
6.85562;-18.2899;-0.194709;-2.03904
6.85995;-18.3041;-0.180302;-2.03747
6.87562;-18.3617;-0.134836;-2.03146
6.88664;-18.397;-0.117747;-2.0274
6.89992;-18.4369;-0.0980119;-2.02412
6.90402;-18.4494;-0.0916291;-2.02368
6.92783;-18.5263;-0.0564495;-2.02063
6.9313;-18.5381;-0.0514974;-2.02037
6.94924;-18.5952;-0.0269288;-2.01944
6.95236;-18.6053;-0.0228228;-2.01913
6.95822;-18.6253;-0.0149359;-2.01878
6.97009;-18.6617;0.00273927;-2.01851
6.97239;-18.6699;0.00627365;-2.01824
6.98854;-18.7256;0.0173893;-2.01806
6.99067;-18.731;0.0157758;-2.01818
6.9955;-18.7403;0.0150667;-2.01875
6.99752;-18.7429;0.0150419;-2.01894
7.01218;-18.753;0.0131837;-2.02082
7.06888;-18.7916;0.010763;-2.02219
7.07986;-18.7994;0.0102618;-2.02206
7.09164;-18.8073;0.0102437;-2.02179
7.11789;-18.8257;0.0098468;-2.02107
7.18458;-18.8748;0.00832373;-2.01896
7.28414;-18.9514;0.00320405;-2.01528
7.39462;-19.0376;-0.00164655;-2.01097
7.41563;-19.0543;-0.00231093;-2.01074
7.52076;-19.138;-0.00470633;-2.00969
7.53961;-19.1532;-0.00513518;-2.00965
7.59366;-19.1958;-0.00554369;-2.00963
7.66363;-19.2516;-0.00497406;-2.01
7.67921;-19.2636;-0.00457166;-2.00999
7.75283;-19.3221;-0.00335415;-2.01027
7.77744;-19.3422;-0.00270044;-2.01034
7.81351;-19.3722;-0.00259598;-2.01029
7.86005;-19.4121;0.00455952;-2.00973
7.8665;-19.418;0.00538628;-2.00915
7.88262;-19.4397;-0.00825475;-1.99362
7.8821;-19.4433;-0.0120047;-1.99151
7.8788;-19.4507;-0.0199395;-1.98194
7.8753;-19.4564;-0.026147;-1.97951
7.85931;-19.4823;-0.0514728;-1.95826
7.83675;-19.5263;-0.0856743;-1.93271
7.8309;-19.5395;-0.0948073;-1.92859
7.77202;-19.7115;-0.19245;-1.85905
7.76612;-19.7327;-0.203634;-1.84938
7.75863;-19.7606;-0.217841;-1.83977
7.72814;-19.8844;-0.277874;-1.80145
7.72204;-19.9105;-0.289792;-1.7917
7.69072;-20.0519;-0.35497;-1.75116
7.68276;-20.0892;-0.371677;-1.74213
7.67634;-20.12;-0.384462;-1.73728
7.66986;-20.1515;-0.396574;-1.72799
7.64214;-20.2884;-0.442776;-1.70109
7.58351;-20.5718;-0.529552;-1.67249
7.56522;-20.6546;-0.553988;-1.66738
7.5578;-20.6875;-0.563613;-1.66578
7.53579;-20.786;-0.591638;-1.66117
7.52925;-20.8152;-0.599208;-1.66076
7.50548;-20.9205;-0.625708;-1.65814
7.50083;-20.9398;-0.630539;-1.65802
7.49117;-20.9805;-0.640601;-1.65736
7.47639;-21.0432;-0.628444;-1.65722
7.47298;-21.0587;-0.61927;-1.65593
7.45598;-21.1143;-0.579229;-1.61226
7.45175;-21.1179;-0.568735;-1.59927
7.44359;-21.1244;-0.55305;-1.57886
7.40603;-21.1446;-0.500171;-1.5019
7.33779;-21.178;-0.442082;-1.42405
7.32562;-21.1838;-0.434079;-1.41812
7.31001;-21.1909;-0.424159;-1.40711
7.29731;-21.1965;-0.416305;-1.39605
7.27161;-21.2074;-0.401011;-1.38319
7.14335;-21.258;-0.332321;-1.34507
7.13225;-21.2617;-0.326785;-1.34405
7.08624;-21.2775;-0.305557;-1.33837
7.07621;-21.2807;-0.300962;-1.33732
7.01871;-21.299;-0.274902;-1.33479
7.01071;-21.3014;-0.271108;-1.3347
6.99357;-21.3067;-0.264698;-1.33396
6.98652;-21.3091;-0.264435;-1.33375
6.9599;-21.3307;-0.25874;-1.35718
6.95886;-21.3417;-0.25525;-1.37156
6.96188;-21.3898;-0.244669;-1.43777
6.96325;-21.4022;-0.241984;-1.44508
6.96667;-21.4518;-0.232907;-1.49383
6.9678;-21.4695;-0.230099;-1.51486
6.97427;-21.5765;-0.221084;-1.5903
6.97564;-21.5987;-0.219788;-1.60517
6.98282;-21.6942;-0.214795;-1.64542
6.98449;-21.7166;-0.214171;-1.64977
6.98849;-21.7599;-0.212902;-1.66576
6.9908;-21.7807;-0.212141;-1.66832
6.99961;-21.8705;-0.209671;-1.68584
7.00637;-21.9236;-0.208379;-1.69348
7.01614;-22.0033;-0.205427;-1.70124
7.01898;-22.0207;-0.204599;-1.70264
7.03274;-22.1101;-0.200334;-1.70605
7.0345;-22.1203;-0.199938;-1.70554
7.035;-22.1596;-0.196772;-1.69913
7.03449;-22.1633;-0.195173;-1.69885
7.03227;-22.1709;-0.19121;-1.69983
7.02799;-22.1845;-0.181201;-1.70757
7.02713;-22.1889;-0.17728;-1.70998
7.02395;-22.2707;-0.136531;-1.76179
7.0244;-22.2864;-0.132306;-1.76871
7.02614;-22.3133;-0.126141;-1.77786
7.02744;-22.3273;-0.123014;-1.78324
7.03121;-22.3871;-0.109566;-1.79877
7.03746;-22.4716;-0.0922516;-1.8116
7.03875;-22.4841;-0.0896636;-1.81241
7.0402;-22.4961;-0.0869601;-1.81408
7.04324;-22.5573;-0.0735481;-1.81845
7.04447;-22.5676;-0.0711686;-1.81911
7.04712;-22.6537;-0.0561911;-1.82181
7.04762;-22.6615;-0.0560962;-1.8218
7.04896;-22.6774;-0.059784;-1.82144
7.04558;-22.6988;-0.0545268;-1.82158
7.04498;-22.7024;-0.0494245;-1.82214
7.03886;-22.7263;-0.0244992;-1.83408
7.03828;-22.732;-0.0173785;-1.83651
7.03632;-22.7478;0.00142019;-1.84553
7.03542;-22.7561;0.0109214;-1.84802
7.03487;-22.8251;0.0739905;-1.87414
7.03528;-22.8387;0.0822452;-1.87929
7.03873;-22.9019;0.114132;-1.891
7.04399;-22.983;0.151892;-1.90079
7.04424;-22.9983;0.158112;-1.90279
7.04972;-23.0725;0.186919;-1.90824
7.05098;-23.1145;0.201535;-1.91036
7.05413;-23.1492;0.213681;-1.91179
7.05465;-23.1712;0.220724;-1.91245
7.05529;-23.1814;0.224147;-1.91269
7.06308;-23.2606;0.224455;-1.91274
7.06289;-23.2665;0.220184;-1.90976
7.05976;-23.2846;0.20452;-1.88882
7.05787;-23.2885;0.199875;-1.8773
7.04757;-23.3027;0.182728;-1.83994
7.04333;-23.3084;0.176589;-1.82169
7.0116;-23.35;0.141052;-1.73483
6.9854;-23.3877;0.116722;-1.67304
6.97581;-23.4013;0.108651;-1.64493
6.95572;-23.4311;0.0921724;-1.60913
6.94522;-23.4472;0.0837669;-1.58299
6.84165;-23.6172;0.00670859;-1.40096
6.82737;-23.6404;-0.0025012;-1.36898
6.73263;-23.7984;-0.0624297;-1.22878
6.71659;-23.8256;-0.0723296;-1.21465
6.6844;-23.88;-0.0906538;-1.16236
6.63105;-23.9697;-0.116469;-1.10817
6.54479;-24.1113;-0.154833;-1.04798
6.52877;-24.1369;-0.161766;-1.03784
6.43324;-24.2848;-0.200151;-0.996772
6.41888;-24.3063;-0.20527;-0.99388
6.36259;-24.3932;-0.225947;-0.978865
6.35025;-24.412;-0.230515;-0.975834
6.30208;-24.4876;-0.250051;-0.969252
6.29169;-24.504;-0.254495;-0.967555
6.25376;-24.5646;-0.266865;-0.964741
6.22048;-24.6249;-0.251205;-0.965256
6.2177;-24.6341;-0.253397;-0.96623
6.21392;-24.6512;-0.259267;-0.966986
6.21286;-24.6696;-0.261526;-0.965939
6.21387;-24.6793;-0.25987;-0.964815
6.21839;-24.7599;-0.258037;-0.956078
6.21805;-24.7731;-0.258157;-0.955415
6.21686;-24.833;-0.260462;-0.955396
6.21637;-24.8532;-0.26135;-0.955331
6.21302;-24.9352;-0.262869;-0.954174
6.21224;-24.9552;-0.262982;-0.953727
6.20768;-25.0486;-0.264242;-0.952067
6.20569;-25.0754;-0.264546;-0.951542
6.20434;-25.0882;-0.264673;-0.951138
6.20401;-25.152;-0.265324;-0.950683
6.20517;-25.1973;-0.265992;-0.950657
6.20704;-25.2423;-0.265977;-0.951292
6.20814;-25.2521;-0.266072;-0.951417
6.20919;-25.2647;-0.266709;-0.954237
6.22149;-25.2883;-0.271492;-1.00087
6.23374;-25.2985;-0.274734;-1.05142
6.23989;-25.3024;-0.275777;-1.06065
6.25423;-25.3113;-0.278542;-1.11176
6.27734;-25.3253;-0.282955;-1.19136
6.28934;-25.3326;-0.284883;-1.20474
6.39793;-25.4047;-0.301235;-1.48277
6.41552;-25.417;-0.303876;-1.52612
6.4642;-25.4502;-0.309491;-1.61225
6.52955;-25.4958;-0.316722;-1.70751
6.54699;-25.5075;-0.318549;-1.71835
6.64859;-25.5743;-0.33037;-1.79865
6.66799;-25.5863;-0.332473;-1.80935
6.69656;-25.6041;-0.335593;-1.82303
6.71363;-25.6146;-0.337306;-1.83126
6.76846;-25.6464;-0.341299;-1.84941
6.78014;-25.6532;-0.34235;-1.85138
6.87634;-25.7051;-0.353716;-1.86671
6.8868;-25.7102;-0.355346;-1.86741
6.91088;-25.7233;-0.353932;-1.86637
6.92915;-25.7432;-0.354738;-1.87034
6.9303;-25.7476;-0.354583;-1.87223
6.93622;-25.7604;-0.353716;-1.88232
6.94758;-25.7866;-0.351598;-1.89916
6.97712;-25.8581;-0.349419;-1.93716
6.98985;-25.8925;-0.349171;-1.94675
6.9968;-25.9081;-0.349159;-1.95301
7.02288;-25.9747;-0.348225;-1.96828
7.02884;-25.9919;-0.34767;-1.97234
7.05819;-26.0625;-0.346436;-1.98497
7.09096;-26.1458;-0.344589;-1.9939
7.0966;-26.1608;-0.344061;-1.99573
7.11325;-26.2041;-0.343177;-1.99854
7.12607;-26.2352;-0.343257;-1.99956
7.13092;-26.2483;-0.343196;-2.00026
7.13532;-26.2608;-0.343075;-2.00056
7.15409;-26.3102;-0.341973;-2.0018
7.16817;-26.3526;-0.341511;-2.00235
7.17988;-26.3931;-0.34554;-2.00296
7.18273;-26.3996;-0.348051;-2.00394
7.19938;-26.4327;-0.369568;-2.02529
7.20341;-26.4392;-0.373913;-2.03195
7.2195;-26.468;-0.392278;-2.06174
7.22953;-26.4866;-0.401699;-2.07469
7.23484;-26.4972;-0.406757;-2.08527
7.24618;-26.521;-0.417039;-2.09849
7.29873;-26.6246;-0.449696;-2.13706
7.32129;-26.6693;-0.462029;-2.14752
7.3284;-26.684;-0.465902;-2.14943
7.36485;-26.7581;-0.485336;-2.16235
7.37254;-26.7746;-0.489325;-2.16343
7.40492;-26.8383;-0.500913;-2.16986
7.40893;-26.8465;-0.502326;-2.17033
7.41559;-26.8596;-0.504737;-2.17115
7.43292;-26.8886;-0.510477;-2.17269
7.43795;-26.8976;-0.512123;-2.1731
7.4771;-26.9616;-0.513472;-2.18051
7.48032;-26.9658;-0.515077;-2.18259
7.49449;-26.9826;-0.521629;-2.20749
7.49993;-26.9869;-0.523129;-2.21743
7.52587;-27.0095;-0.530921;-2.25424
7.56618;-27.0456;-0.540871;-2.29974
7.61751;-27.0947;-0.549391;-2.34569
7.63097;-27.1077;-0.551182;-2.35003
7.64793;-27.1244;-0.553462;-2.36022
7.78858;-27.2587;-0.569206;-2.41059
7.80144;-27.2704;-0.570861;-2.41233
7.82577;-27.2928;-0.574005;-2.41696
7.83722;-27.3035;-0.575477;-2.41789
7.90268;-27.3625;-0.581402;-2.42456
7.91374;-27.3729;-0.582339;-2.42538
7.9221;-27.3809;-0.583091;-2.42596
7.94584;-27.4031;-0.584367;-2.42706
7.9536;-27.41;-0.584403;-2.42716
7.9695;-27.4244;-0.584379;-2.4277
7.98777;-27.4406;-0.582103;-2.42834
8.0072;-27.4565;-0.576924;-2.39951
8.01688;-27.4525;-0.572123;-2.32095
8.01991;-27.4336;-0.570343;-2.22283
8.01972;-27.4005;-0.568931;-2.1013
8.01965;-27.3935;-0.568199;-2.08312
8.01716;-27.3456;-0.563762;-1.95468
8.01692;-27.3329;-0.562662;-1.91543
8.01406;-27.2709;-0.55781;-1.79525
8.01247;-27.2336;-0.555249;-1.70961
8.00792;-27.0726;-0.548209;-1.4485
8.00739;-27.0508;-0.547458;-1.40714
8.0066;-26.9591;-0.545128;-1.28422
8.00667;-26.9291;-0.544687;-1.24312
8.00818;-26.8036;-0.542636;-1.07658
8.00895;-26.771;-0.54224;-1.03116
8.01053;-26.6917;-0.54128;-0.93429
8.01167;-26.6645;-0.540772;-0.894397
8.01492;-26.5758;-0.538646;-0.794077
8.01581;-26.5484;-0.537916;-0.773812
8.03009;-26.286;-0.533372;-0.469073
8.03287;-26.2499;-0.532782;-0.433775
8.04507;-26.1101;-0.528917;-0.321059
8.04862;-26.077;-0.527881;-0.300348
8.06042;-25.9773;-0.525455;-0.247021
8.07456;-25.8822;-0.52358;-0.217205
8.08992;-25.8038;-0.520555;-0.198897
8.09346;-25.7861;-0.519678;-0.194918
8.11247;-25.6977;-0.516591;-0.186237
8.12458;-25.6437;-0.514455;-0.183464
8.1335;-25.6083;-0.51206;-0.182491
8.13842;-25.5865;-0.510742;-0.179918
8.15071;-25.5617;-0.500816;-0.186255
8.15757;-25.5613;-0.484549;-0.214029
8.16496;-25.5821;-0.456552;-0.27227
8.16606;-25.5937;-0.446034;-0.296807
8.17109;-25.6287;-0.416837;-0.366883
8.17199;-25.6988;-0.372861;-0.484247
8.17241;-25.7382;-0.351122;-0.532474
8.1696;-25.8604;-0.284382;-0.679771
8.16787;-25.9128;-0.256535;-0.75175
8.16444;-25.9756;-0.224317;-0.810081
8.16475;-26.0036;-0.209635;-0.849476
8.15805;-26.1649;-0.128764;-1.01111
8.15848;-26.197;-0.114198;-1.05048
8.15361;-26.3724;-0.0510583;-1.18314
8.15463;-26.4056;-0.0403801;-1.20824
8.15494;-26.5756;0.0111772;-1.27975
8.15425;-26.6065;0.0199756;-1.29187
8.15227;-26.6662;0.0368203;-1.30673
8.15409;-26.6936;0.0453987;-1.31497
8.15727;-26.828;0.0869262;-1.3378
8.16479;-26.901;0.108644;-1.34529
8.16769;-26.9625;0.126033;-1.35025
8.1787;-27.0539;0.154977;-1.35459
8.17932;-27.0696;0.158182;-1.35544
8.18724;-27.1134;0.153053;-1.35566
8.1877;-27.1223;0.150936;-1.35136
8.18632;-27.1323;0.152823;-1.34658
8.18789;-27.1285;0.174956;-1.34801
8.18583;-27.1154;0.198316;-1.40287
8.13248;-27.0931;0.246003;-1.67539
8.11977;-27.0903;0.252256;-1.70045
8.10567;-27.0877;0.257704;-1.73327
8.03814;-27.0739;0.278568;-1.87444
8.01726;-27.0716;0.283543;-1.9019
7.95785;-27.0633;0.300132;-1.97714
7.94183;-27.062;0.303705;-1.98337
7.90778;-27.0596;0.311739;-2.00992
7.8319;-27.0575;0.329037;-2.04421
7.81913;-27.0567;0.331983;-2.05031
7.80616;-27.0562;0.334772;-2.05223
7.70369;-27.0568;0.354469;-2.06845
7.69204;-27.0573;0.356518;-2.0688
7.63635;-27.0584;0.364045;-2.07109
7.62697;-27.0588;0.363215;-2.07075
7.60457;-27.0603;0.349157;-2.06353
7.60361;-27.0618;0.343362;-2.06129
7.61336;-27.0736;0.322564;-2.04948
7.61766;-27.0787;0.316366;-2.04333
7.64259;-27.1185;0.276599;-2.01139
7.6492;-27.1326;0.264856;-2.00164
7.69118;-27.29;0.164993;-1.92238
7.6949;-27.312;0.152194;-1.91223
7.70479;-27.4151;0.0940619;-1.8837
7.70578;-27.4415;0.0796344;-1.87403
7.70714;-27.533;0.032184;-1.84941
7.70648;-27.5624;0.0169253;-1.83939
7.70221;-27.6545;-0.0296934;-1.81478
7.70015;-27.6865;-0.0453821;-1.80991
7.68666;-27.8279;-0.113063;-1.7757
7.6532;-28.0904;-0.214373;-1.72545
7.6297;-28.2451;-0.263313;-1.70944
7.61811;-28.315;-0.283978;-1.70105
7.59932;-28.4227;-0.314739;-1.69397
7.5695;-28.579;-0.359128;-1.68587
7.56397;-28.606;-0.366448;-1.68461
7.54792;-28.6812;-0.386441;-1.68163
7.52801;-28.7758;-0.412921;-1.67925
7.52384;-28.7964;-0.419037;-1.67877
7.51878;-28.8208;-0.426265;-1.67814
7.49355;-28.9529;-0.426391;-1.67165
7.49104;-28.9647;-0.419953;-1.66875
7.48856;-28.9751;-0.416247;-1.66704
7.47267;-29.0077;-0.401466;-1.63645
7.46812;-29.0116;-0.395094;-1.63103
7.44036;-29.0224;-0.368121;-1.5797
7.43169;-29.027;-0.363916;-1.56318
7.40854;-29.0373;-0.355916;-1.53951
7.35562;-29.0579;-0.335154;-1.47456
7.32537;-29.0697;-0.325432;-1.44766
7.16724;-29.1288;-0.277292;-1.31863
7.13866;-29.1396;-0.270818;-1.29741
7.09151;-29.1576;-0.259641;-1.26834
6.86835;-29.247;-0.210342;-1.12177
6.80116;-29.2752;-0.197856;-1.09067
6.77047;-29.2885;-0.193438;-1.07467
6.7079;-29.3157;-0.184982;-1.05104
6.60466;-29.3598;-0.172108;-1.01916
6.57304;-29.3734;-0.169166;-1.00774
6.3269;-29.4758;-0.144395;-0.966609
6.29958;-29.4867;-0.141387;-0.963004
6.19544;-29.527;-0.130014;-0.954732
6.16482;-29.5384;-0.126561;-0.952831
6.14135;-29.5471;-0.123921;-0.951206
6.02851;-29.5897;-0.110931;-0.946893
6.00923;-29.5969;-0.108495;-0.946191
5.97312;-29.6103;-0.10374;-0.945613
5.91765;-29.6314;-0.103471;-0.944091
5.88071;-29.6467;-0.11381;-0.950307
5.85565;-29.6655;-0.132478;-0.973841
5.85396;-29.6994;-0.16899;-1.01959
5.86399;-29.7529;-0.212937;-1.08292
5.86688;-29.7696;-0.225442;-1.10095
5.87722;-29.8317;-0.262096;-1.16114
5.8798;-29.8487;-0.269763;-1.16849
5.89464;-29.9394;-0.309607;-1.21925
5.89741;-29.9562;-0.316775;-1.22248
5.9065;-30.0052;-0.336941;-1.23882
5.91639;-30.0553;-0.357447;-1.25045
5.91944;-30.07;-0.363474;-1.25415
5.93262;-30.1282;-0.387094;-1.2637
5.93548;-30.1408;-0.392425;-1.26467
5.95547;-30.2208;-0.422956;-1.27201
5.95807;-30.2304;-0.426294;-1.27244
5.96909;-30.2663;-0.438408;-1.27367
5.98082;-30.3024;-0.42131;-1.27622
5.98191;-30.307;-0.422829;-1.28054
5.98325;-30.3125;-0.425901;-1.2922
5.98441;-30.3161;-0.427538;-1.30235
5.99124;-30.3288;-0.431454;-1.35801
6.00821;-30.3515;-0.440426;-1.41798
6.05434;-30.4078;-0.457772;-1.53732
6.06424;-30.4197;-0.460426;-1.5566
6.10857;-30.4691;-0.471291;-1.6111
6.11971;-30.4813;-0.473586;-1.61617
6.17786;-30.5406;-0.484878;-1.66039
6.18887;-30.5514;-0.486826;-1.66411
6.25597;-30.6138;-0.497332;-1.68991
6.2687;-30.6253;-0.499157;-1.69324
6.27645;-30.632;-0.500411;-1.69643
6.28654;-30.6408;-0.501941;-1.69763
6.3374;-30.6854;-0.509517;-1.70474
6.3544;-30.6998;-0.512004;-1.70624
6.37011;-30.7132;-0.513744;-1.70707
6.39823;-30.7356;-0.50782;-1.70027
6.40317;-30.7527;-0.488059;-1.65885
6.40005;-30.7556;-0.48408;-1.64983
6.36019;-30.7956;-0.44284;-1.58415
6.32759;-30.8387;-0.413121;-1.53611
6.30036;-30.8807;-0.387544;-1.49728
6.29103;-30.8958;-0.379071;-1.4814
6.23624;-30.9938;-0.33061;-1.41674
6.22522;-31.0145;-0.321067;-1.40054
6.17555;-31.1136;-0.277595;-1.35234
6.16332;-31.1393;-0.2664;-1.33615
6.11123;-31.2545;-0.222489;-1.27944
6.09856;-31.2833;-0.213678;-1.2741
6.07294;-31.3414;-0.198054;-1.25036
6.06005;-31.3705;-0.190587;-1.24649
5.98014;-31.5485;-0.143757;-1.20947
5.96483;-31.5818;-0.135004;-1.20462
5.91782;-31.6827;-0.109576;-1.18902
5.90651;-31.7063;-0.103708;-1.18727
5.86153;-31.8006;-0.080936;-1.17838
5.82173;-31.8836;-0.061704;-1.17271
5.77205;-31.9858;-0.0390761;-1.16885
5.76509;-32.0001;-0.0396563;-1.16916
5.75177;-32.029;-0.0488875;-1.17083
5.74833;-32.0369;-0.0516357;-1.17272
5.74093;-32.0592;-0.0501434;-1.19537
5.74289;-32.0641;-0.0450573;-1.23187
5.83947;-32.0346;-0.00679168;-1.45406
5.85545;-32.0299;-0.000941104;-1.48818
5.87222;-32.0244;0.00488022;-1.52341
5.97322;-31.9961;0.0400787;-1.67023
5.99458;-31.9906;0.0469758;-1.70688
6.03863;-31.979;0.0586233;-1.75485
6.13647;-31.9566;0.0783889;-1.85302
6.16021;-31.9509;0.0832434;-1.86172
6.18376;-31.9454;0.0881166;-1.88168
6.42499;-31.8815;0.130119;-1.98152
6.4475;-31.8743;0.133678;-1.98588
6.47735;-31.865;0.13851;-1.99169
6.57131;-31.8334;0.153465;-2.00343
6.58753;-31.8282;0.156377;-2.00485
6.6466;-31.8067;0.167017;-2.00785
6.65929;-31.8024;0.16896;-2.00864
6.66887;-31.799;0.168636;-2.00964
6.69359;-31.7884;0.160969;-2.00856
6.69713;-31.7873;0.15935;-2.00826
6.71026;-31.8176;0.149882;-1.99926
6.7121;-31.8263;0.148196;-1.99833
6.72392;-31.8796;0.141629;-1.98864
6.72792;-31.8956;0.1402;-1.9858
6.7502;-31.9653;0.135321;-1.97673
6.79428;-32.0811;0.128208;-1.96639
6.8253;-32.1536;0.124152;-1.96039
6.86708;-32.2371;0.120184;-1.95466
6.88069;-32.2641;0.119004;-1.95324
6.89464;-32.2918;0.11775;-1.95114
7.02837;-32.5357;0.107802;-1.93637
7.04564;-32.567;0.10644;-1.93378
7.08039;-32.6287;0.103272;-1.92993
7.1699;-32.7804;0.0957578;-1.92231
7.26841;-32.9473;0.0887137;-1.92078
7.27923;-32.965;0.088037;-1.92067
7.29711;-32.994;0.0868006;-1.92062
7.31077;-33.0165;0.085685;-1.92076
7.32387;-33.0385;0.0846846;-1.92071
7.37619;-33.1251;0.0813335;-1.92126
7.45312;-33.2476;0.0757173;-1.92068
7.46224;-33.2616;0.0763445;-1.92014
7.49671;-33.3136;0.0618648;-1.91361
7.50015;-33.319;0.0552243;-1.91109
7.50456;-33.3331;0.0236481;-1.88976
7.50414;-33.336;0.0159215;-1.88417
7.50276;-33.3389;0.00765359;-1.881
7.48498;-33.3678;-0.0562397;-1.84693
7.46966;-33.3946;-0.0916804;-1.82776
7.46544;-33.4033;-0.100947;-1.82056
7.41552;-33.4937;-0.179319;-1.78451
7.40937;-33.5034;-0.187191;-1.78167
7.40302;-33.513;-0.194714;-1.7806
7.3632;-33.5715;-0.238365;-1.771
7.35781;-33.5796;-0.244275;-1.76987
7.33354;-33.6125;-0.266488;-1.76674
7.32767;-33.6198;-0.271265;-1.76639
7.31801;-33.634;-0.279874;-1.76523
7.30296;-33.6537;-0.291057;-1.76428
7.29791;-33.6599;-0.294563;-1.76415
7.2764;-33.6897;-0.300657;-1.76411
7.26688;-33.7063;-0.284288;-1.76009
7.26382;-33.7132;-0.287209;-1.74954
7.25216;-33.7295;-0.288777;-1.67927
7.24796;-33.7327;-0.289989;-1.66961
7.20547;-33.7651;-0.306608;-1.55839
7.17358;-33.7875;-0.316942;-1.49563
7.14682;-33.805;-0.325203;-1.43973
7.12787;-33.8171;-0.330831;-1.42884
7.1128;-33.8268;-0.335553;-1.39852
7.03789;-33.8735;-0.35737;-1.29893
6.95439;-33.9233;-0.379071;-1.21075
6.87661;-33.9685;-0.395925;-1.14759
6.77694;-34.0257;-0.414801;-1.0758
6.74465;-34.0436;-0.420173;-1.05791
6.61897;-34.1104;-0.43944;-1.01047
6.5945;-34.123;-0.443137;-1.00165
6.51788;-34.161;-0.454257;-0.984024
6.4952;-34.1721;-0.457406;-0.981121
6.42947;-34.2033;-0.465764;-0.96982
6.36336;-34.2331;-0.474407;-0.96224
6.25209;-34.2798;-0.488762;-0.954824
6.18868;-34.3043;-0.497511;-0.95294
6.13374;-34.3239;-0.48469;-0.957875
6.12225;-34.3292;-0.481224;-0.973404
6.1207;-34.3383;-0.476848;-1.00437
6.12244;-34.3413;-0.474935;-1.01171
6.13079;-34.352;-0.467095;-1.04223
6.13555;-34.3581;-0.463369;-1.05126
6.17033;-34.4166;-0.438922;-1.16222
6.17583;-34.4294;-0.434709;-1.19076
6.1972;-34.4935;-0.421393;-1.2755
6.22008;-34.5808;-0.409707;-1.33899
6.23876;-34.6494;-0.40225;-1.37697
6.24909;-34.6869;-0.398179;-1.38871
6.26347;-34.7339;-0.392558;-1.40405
6.27761;-34.7821;-0.38711;-1.41452
6.28209;-34.7958;-0.385198;-1.41781
6.29412;-34.8354;-0.379824;-1.42379
6.29772;-34.848;-0.378218;-1.42451
6.32811;-34.9458;-0.367034;-1.43198
6.33103;-34.9536;-0.366449;-1.43127
6.33775;-34.973;-0.372794;-1.42527
6.33852;-34.9774;-0.376802;-1.41991
6.3393;-34.9862;-0.390952;-1.40055
6.32867;-35.0085;-0.43087;-1.34636
6.32217;-35.0223;-0.449706;-1.32842
6.30774;-35.0561;-0.488901;-1.27868
6.30386;-35.0663;-0.499464;-1.27252
6.29944;-35.0778;-0.510282;-1.25561
6.25401;-35.206;-0.611436;-1.15455
6.2463;-35.2296;-0.628743;-1.13855
6.22666;-35.2906;-0.673358;-1.09832
6.2192;-35.3133;-0.688813;-1.08163
6.19429;-35.3902;-0.739252;-1.0397
6.18626;-35.4152;-0.754726;-1.03129
6.11968;-35.6254;-0.855356;-0.947741
6.11248;-35.6477;-0.863972;-0.938334
6.08228;-35.7412;-0.900371;-0.918954
6.07319;-35.7691;-0.910871;-0.915476
5.99435;-36.0054;-0.987434;-0.882449
5.98479;-36.0336;-0.996422;-0.879925
5.97;-36.0769;-1.00986;-0.876831
5.96267;-36.0978;-1.016;-0.87515
5.92159;-36.2148;-1.04859;-0.869812
5.91556;-36.2315;-1.05302;-0.869255
5.88728;-36.3092;-1.04904;-0.868346
5.88426;-36.3173;-1.045;-0.868145
5.87729;-36.3378;-1.04078;-0.868622
5.87244;-36.3607;-1.04973;-0.874405
5.87285;-36.3861;-1.05164;-0.880498
5.87275;-36.3906;-1.05314;-0.881038
5.87232;-36.426;-1.06086;-0.888011
5.87152;-36.4367;-1.06303;-0.889887
5.85876;-36.557;-1.09332;-0.907251
5.85662;-36.5754;-1.09685;-0.910128
5.85054;-36.6216;-1.10558;-0.914635
5.84815;-36.6384;-1.10872;-0.917749
5.82585;-36.7945;-1.13822;-0.932529
5.81735;-36.8515;-1.14828;-0.937299
5.80435;-36.9474;-1.16304;-0.945478
5.77898;-37.1326;-1.1853;-0.954895
5.77487;-37.161;-1.18845;-0.955793
5.76077;-37.2681;-1.19879;-0.957229
5.75647;-37.2997;-1.20159;-0.957457
5.74649;-37.3716;-1.20851;-0.957485
5.7438;-37.394;-1.21037;-0.95755
5.73461;-37.4627;-1.21675;-0.957503
5.71674;-37.5741;-1.22754;-0.957054
5.71376;-37.5898;-1.22903;-0.957013
5.7078;-37.6195;-1.2285;-0.957647
5.69703;-37.6873;-1.21203;-0.933032
5.69715;-37.6909;-1.21332;-0.921
5.70068;-37.6855;-1.21673;-0.85497
5.71163;-37.6549;-1.22465;-0.745821
5.71439;-37.6463;-1.22702;-0.713143
5.72475;-37.6159;-1.23489;-0.625009
5.72873;-37.6044;-1.2377;-0.610284
5.73392;-37.5887;-1.2415;-0.573411
5.77035;-37.4775;-1.27184;-0.346156
5.78882;-37.4229;-1.28855;-0.245293
5.81726;-37.3393;-1.31446;-0.117688
5.82464;-37.3183;-1.32113;-0.0801875
5.86476;-37.2042;-1.35834;0.0859359
5.87314;-37.1812;-1.36488;0.130967
5.91818;-37.0594;-1.40004;0.292762
5.95879;-36.9571;-1.42896;0.439875
5.96833;-36.9332;-1.4364;0.480801
5.97785;-36.9094;-1.44405;0.497244
5.98766;-36.8846;-1.45151;0.538388
6.02952;-36.7797;-1.48482;0.682478
6.12675;-36.5563;-1.54867;0.937626
6.13774;-36.5333;-1.55482;0.946655
6.16948;-36.469;-1.57239;0.99302
6.18275;-36.4432;-1.57947;1.00744
6.25356;-36.3109;-1.6148;1.06131
6.2624;-36.2944;-1.61842;1.06336
6.27087;-36.2786;-1.6219;1.06797
6.31101;-36.2028;-1.63902;1.07955
6.31942;-36.1869;-1.64268;1.08119
6.34994;-36.1301;-1.65604;1.08455
6.3554;-36.1203;-1.65783;1.08479
6.37068;-36.0929;-1.64689;1.08705
6.38037;-36.0758;-1.63944;1.09255
6.38332;-36.0721;-1.64088;1.10008
6.377;-36.09;-1.64791;1.14251
6.37371;-36.0988;-1.64937;1.14893
6.36589;-36.1213;-1.65386;1.17721
6.36176;-36.1335;-1.65644;1.18492
6.32569;-36.2381;-1.67294;1.26857
6.29285;-36.3314;-1.68367;1.31616
6.28456;-36.3538;-1.68632;1.32685
6.24979;-36.4481;-1.69513;1.35094
6.21128;-36.5456;-1.70235;1.36872
6.20246;-36.5681;-1.70411;1.37276
6.15745;-36.6785;-1.71385;1.38201
6.14939;-36.6984;-1.71533;1.3834
6.1233;-36.758;-1.72044;1.38631
6.10791;-36.7918;-1.7234;1.38733
6.10066;-36.8081;-1.72467;1.38789
6.04796;-36.9137;-1.72568;1.38825
6.03846;-36.9348;-1.72156;1.39579
6.02698;-36.9573;-1.72305;1.42624
6.02521;-36.9598;-1.71838;1.53611
6.02565;-36.9595;-1.71715;1.56439
6.02976;-36.9608;-1.71227;1.69189
6.03392;-36.9641;-1.71051;1.76275
6.03652;-36.9662;-1.70994;1.78086
6.03798;-36.9676;-1.70971;1.818
6.05056;-36.9816;-1.70764;1.97541
6.06125;-36.9975;-1.7069;2.11473
6.07573;-37.0242;-1.70343;2.26702
6.07868;-37.0304;-1.70219;2.30239
6.09409;-37.0699;-1.69691;2.46487
6.09724;-37.0787;-1.69617;2.50333
6.11091;-37.1201;-1.69032;2.64015
6.1139;-37.1306;-1.68855;2.65997
6.12814;-37.18;-1.68082;2.79645
6.13047;-37.1923;-1.67898;2.83815
6.13966;-37.2318;-1.67333;2.94844
6.16258;-37.3375;-1.66013;-3.10824
6.16623;-37.357;-1.65835;-3.06879
6.17485;-37.4049;-1.65423;-2.96811
6.17835;-37.4212;-1.65244;-2.92672
6.1877;-37.4757;-1.64823;-2.82636
6.19024;-37.4929;-1.64663;-2.80648
6.21182;-37.6385;-1.62691;-2.50904
6.21799;-37.6796;-1.62175;-2.44596
6.2226;-37.7169;-1.61712;-2.3827
6.22841;-37.7539;-1.61274;-2.30373
6.24027;-37.8541;-1.60303;-2.15306
6.24278;-37.873;-1.60104;-2.11676
6.25312;-37.9738;-1.59459;-1.99364
6.2552;-37.9922;-1.59359;-1.97281
6.26332;-38.1183;-1.58666;-1.89063
6.26395;-38.1384;-1.58577;-1.88199
6.26615;-38.1975;-1.58274;-1.86128
6.26769;-38.2271;-1.58078;-1.85576
6.26773;-38.2404;-1.58;-1.85322
6.26803;-38.2529;-1.57913;-1.85193
6.27236;-38.3412;-1.57178;-1.84708
6.27448;-38.3823;-1.57639;-1.84588
6.27517;-38.3901;-1.57979;-1.84386
6.27454;-38.4119;-1.58278;-1.84007
6.27497;-38.4159;-1.5817;-1.84033
6.28086;-38.4276;-1.57763;-1.8457
6.28387;-38.4325;-1.57656;-1.8496
6.3017;-38.4479;-1.57021;-1.86151
6.33804;-38.4736;-1.55977;-1.87828
6.34973;-38.4809;-1.55703;-1.88474
6.48252;-38.5567;-1.52162;-1.93294
6.50769;-38.571;-1.51537;-1.94121
6.5503;-38.5956;-1.50484;-1.95361
6.70521;-38.6743;-1.46862;-1.99601
6.73086;-38.6886;-1.46401;-2.00331
6.84328;-38.7495;-1.44849;-2.02469
6.87042;-38.7632;-1.44523;-2.02717
6.92095;-38.7927;-1.43823;-2.03596
7.04885;-38.8623;-1.42114;-2.04912
7.07184;-38.8755;-1.41889;-2.05153
7.12225;-38.9027;-1.41376;-2.05448
7.26985;-38.982;-1.39717;-2.06279
7.28813;-38.9908;-1.39465;-2.06331
7.37807;-39.0366;-1.38241;-2.06684
7.39352;-39.0433;-1.38027;-2.06703
7.46869;-39.0798;-1.37515;-2.06891
7.48049;-39.0848;-1.37663;-2.06843
7.50605;-39.1023;-1.38148;-2.05791
7.51205;-39.1085;-1.38232;-2.05198
7.51806;-39.1255;-1.38307;-2.03137
7.51838;-39.1417;-1.38348;-2.016
7.50813;-39.1986;-1.38598;-1.95739
7.49423;-39.2625;-1.38727;-1.91033
7.4783;-39.3425;-1.39241;-1.85649
7.47419;-39.3622;-1.39374;-1.84373
7.45163;-39.4705;-1.39808;-1.80655
7.4471;-39.4902;-1.39882;-1.80045
7.42866;-39.5681;-1.40056;-1.78669
7.4229;-39.5908;-1.40059;-1.78306
7.3959;-39.6969;-1.39906;-1.77218
7.39185;-39.7119;-1.39867;-1.77088
7.38788;-39.7261;-1.39821;-1.77028
7.35674;-39.8344;-1.39531;-1.76628
7.35321;-39.8454;-1.395;-1.76612
7.34892;-39.8581;-1.39436;-1.7663
7.33731;-39.9037;-1.39055;-1.78073
7.33768;-39.9067;-1.38927;-1.78848
7.34457;-39.9204;-1.3834;-1.81625
7.36262;-39.9401;-1.37181;-1.86065
7.36997;-39.9486;-1.36699;-1.87781
7.38319;-39.965;-1.35893;-1.90746
7.44398;-40.0474;-1.32909;-2.01896
7.45596;-40.0646;-1.32503;-2.03509
7.54004;-40.1835;-1.30085;-2.09947
7.57926;-40.2363;-1.29221;-2.11768
7.58842;-40.2483;-1.29014;-2.1197
7.60014;-40.2633;-1.28766;-2.12356
7.60953;-40.275;-1.28578;-2.12695
7.64388;-40.3165;-1.27997;-2.13465
7.65416;-40.3283;-1.27841;-2.13651
7.67742;-40.354;-1.27511;-2.14008
7.71702;-40.3983;-1.26924;-2.14407
7.72724;-40.4097;-1.26929;-2.14406
7.74454;-40.4313;-1.27719;-2.1367
7.74642;-40.4355;-1.27922;-2.13579
7.74713;-40.4387;-1.28095;-2.13494
7.74855;-40.4564;-1.28981;-2.13699
7.74896;-40.4629;-1.29252;-2.13771
7.74861;-40.4873;-1.30229;-2.14307
7.74909;-40.5099;-1.31107;-2.14803
7.74923;-40.5619;-1.32961;-2.15596
7.75558;-40.7308;-1.36999;-2.16776
7.75601;-40.7469;-1.37347;-2.16909
7.75909;-40.8128;-1.38575;-2.17252
7.7597;-40.8276;-1.38838;-2.17347
7.76209;-40.8874;-1.39949;-2.17597
7.76273;-40.9008;-1.40184;-2.17624
7.76321;-40.9139;-1.40391;-2.17682
7.76493;-40.9781;-1.41352;-2.17815
7.76501;-40.9894;-1.41527;-2.17833
7.7649;-41.0237;-1.42049;-2.17883
7.76669;-41.0758;-1.40999;-2.17868
7.76878;-41.0868;-1.41309;-2.17904
7.77659;-41.1133;-1.42011;-2.18677
7.77857;-41.1198;-1.42052;-2.18767
7.7829;-41.1367;-1.42314;-2.1927
7.79678;-41.2019;-1.43918;-2.20606
7.79907;-41.2162;-1.44257;-2.20726
7.8028;-41.2351;-1.44696;-2.21032
7.80936;-41.2683;-1.45476;-2.21423
7.84216;-41.4788;-1.49937;-2.23513
7.84628;-41.5054;-1.50495;-2.23777
7.85461;-41.561;-1.51601;-2.24145
7.8753;-41.7157;-1.54345;-2.24684
7.87929;-41.7452;-1.54862;-2.24731
7.89476;-41.8676;-1.56897;-2.25142
7.89916;-41.8955;-1.57314;-2.25268
7.9105;-41.9753;-1.58435;-2.25548
7.91376;-42.0005;-1.58794