9.99041e-05;6.14554e-05;0.00737693;0
0.000360583;0.000278282;0.0167344;-0.035034
0.000880741;0.00037164;0.0278371;-0.038006
0.00137299;0.000489389;0.0349215;-0.0397843
0.00239546;0.000600228;0.045619;-0.0427587
0.00374912;0.000679691;0.0573998;-0.0448616
0.00522225;0.00072863;0.0669455;-0.0462572
0.00751234;0.000676905;0.083828;-0.0474202
0.00873317;0.000642033;0.0924935;-0.0479511
0.0115738;0.000861639;0.109408;-0.0496779
0.0129648;0.00107752;0.115706;-0.0504762
0.0153445;0.00162404;0.124425;-0.0516969
0.0176606;0.00214086;0.130842;-0.0526839
0.0195342;0.00252723;0.134116;-0.0532967
0.0230426;0.00314874;0.139949;-0.0543118
0.0482858;0.0104325;0.168136;-0.0591882
0.0491933;0.0107635;0.169379;-0.0592687
0.0500486;0.0110971;0.170633;-0.0593983
0.0510328;0.0114748;0.172321;-0.0596113
0.0517751;0.0117318;0.173379;-0.0596604
0.0524507;0.0119853;0.174073;-0.0598424
0.0530881;0.0122588;0.174824;-0.0600301
0.0536244;0.0124989;0.175274;-0.0601668
0.054141;0.0127173;0.175626;-0.0603517
0.0546867;0.01297;0.175894;-0.0605578
0.0550325;0.0131616;0.176318;-0.0607243
0.0553247;0.0133463;0.176598;-0.0608499
0.0555353;0.0134839;0.176656;-0.0609828
0.0558471;0.0139092;0.176556;-0.0613718
0.0552397;0.0143564;0.174045;-0.0620823
0.0532437;0.0147166;0.168405;-0.0626722
0.0520066;0.014667;0.166272;-0.0628618
0.0515394;0.0146187;0.165658;-0.0629997
0.0498784;0.0147895;0.162606;-0.0632861
0.050585;0.0151041;0.161481;-0.0634794
0.0550129;0.0168245;0.158504;-0.0640079
0.0633831;0.0199461;0.154879;-0.0647989
0.0658408;0.0208903;0.154078;-0.0650715
0.0785419;0.0271958;0.161904;-0.0624529
0.0805717;0.0287277;0.166714;-0.0590713
0.0835442;0.0339121;0.206546;-0.0374439
0.078986;0.0324932;0.230772;-0.028638
0;0;0.264256;-0.018178
0;0;0.254756;-0.00707646
0;0;0.192476;-0.00171821
-0.103268;-0.0483433;0.141351;0.00384376
-0.10168;-0.0481663;0.135868;0.00364617
-0.101694;-0.0477174;0.249382;0.00587471
-0.103087;-0.0479554;0.271278;0.00637968
-0.107341;-0.049994;0.324833;0.00882116
-0.107831;-0.0506085;0.338817;0.00908953
-0.110987;-0.054214;0.403513;0.0104104
-0.112603;-0.0558286;0.424195;0.0108258
-0.113779;-0.0571117;0.439863;0.0111399
-0.124245;-0.0657049;0.559708;0.0119927
-0.141044;-0.0771166;0.733867;0.0214471
-0.157958;-0.0866863;0.812976;0.0501708
-0.163146;-0.0891686;0.835442;0.0623126
-0.182929;-0.098739;0.917841;0.105423
-0.201915;-0.104793;0.9744;0.162681
-0.212669;-0.108147;1.00942;0.209237
-0.22147;-0.110954;1.04014;0.254628
-0.224107;-0.111893;1.05152;0.274112
-0.229526;-0.112656;1.0676;0.30374
-0.234122;-0.112977;1.08269;0.335952
-0.242524;-0.110975;1.12436;0.425855
-0.245255;-0.108734;1.14438;0.476054
-0.246781;-0.107097;1.15493;0.505811
-0.247368;-0.106127;1.16138;0.527964
-0.245441;-0.102219;1.19395;0.636693
-0.242333;-0.10139;1.20619;0.688308
-0.239682;-0.100449;1.218;0.759583
-0.238204;-0.10054;1.2212;0.779818
-0.237434;-0.0997915;1.22411;0.79008
-0.233115;-0.0930774;1.24066;0.881817
-0.232044;-0.0876547;1.25034;0.933516
-0.22815;-0.0820982;1.26315;0.994947
-0.227556;-0.0735351;1.27512;1.06528
-0.226562;-0.0674116;1.28441;1.11586
-0.227234;-0.0640773;1.28805;1.13623
-0.227153;-0.0527683;1.30259;1.21876
-0.228434;-0.0494949;1.30597;1.23971
-0.228817;-0.04725;1.30885;1.25224
-0.228229;-0.0419756;1.31697;1.30313
-0.236049;-0.0347111;1.32404;1.35296
-0.242221;-0.0283096;1.33377;1.42082
-0.249693;-0.0220172;1.34358;1.49192
-0.262985;-0.0150623;1.35378;1.55379
-0.267776;-0.0122191;1.36166;1.60414
-0.272371;-0.0106565;1.36518;1.62398
-0.280818;-0.00770536;1.37557;1.67557
-0.293035;-0.00391631;1.39145;1.77479
-0.293102;-0.00385533;1.39355;1.79525
-0.293876;-0.00380888;1.39562;1.80554
-0.302323;-0.00308078;1.40063;1.84589
-0.311683;-0.00375099;1.40989;1.92461
-0.317173;-0.00443211;1.41472;1.99648
-0.322453;-0.00466871;1.41706;2.02483
-0.335796;-0.00640891;1.42443;2.12667
-0.340112;-0.00681106;1.42599;2.14711
-0.344483;-0.00917213;1.43108;2.21003
-0.348779;-0.0101303;1.43286;2.22782
-0.354712;-0.0142604;1.43969;2.29566
-0.350074;-0.0197248;1.44645;2.37532
-0.352751;-0.021367;1.44806;2.3957
-0.352759;-0.0262405;1.45311;2.45857
-0.361184;-0.0310698;1.45824;2.49636
-0.363821;-0.0365099;1.46405;2.54607
-0.374181;-0.0473481;1.47559;2.6452
-0.374372;-0.04898;1.47686;2.65547
-0.380558;-0.0540454;1.4791;2.69614
-0.38138;-0.0603487;1.48197;2.74717
-0.387583;-0.067676;1.48495;2.80001
-0.389272;-0.0781647;1.48775;2.87789
-0.386718;-0.0849094;1.48857;2.94926
-0.386038;-0.0863207;1.48892;2.95956
-0.386666;-0.0880435;1.48936;2.97984
-0.379237;-0.0915978;1.49015;3.05089
-0.369831;-0.0970988;1.49136;3.12916
-0.364976;-0.0974507;1.49136;-3.13484
-0.355567;-0.102901;1.49491;-3.07648
-0.346754;-0.104253;1.49684;-3.03675
-0.336978;-0.109063;1.49934;-2.97408
-0.325166;-0.110582;1.50061;-2.92402
-0.311844;-0.114063;1.50292;-2.85732
-0.301393;-0.116259;1.50407;-2.80837
-0.290708;-0.118552;1.5053;-2.7583
-0.285149;-0.118544;1.50583;-2.73825
-0.271967;-0.122119;1.50837;-2.67511
-0.262607;-0.122152;1.5093;-2.63653
-0.248713;-0.124818;1.51131;-2.55735
-0.240892;-0.125281;1.51284;-2.50933
-0.238709;-0.125863;1.51346;-2.48718
-0.231467;-0.124963;1.51408;-2.43893
-0.225071;-0.126822;1.5151;-2.38845
-0.214915;-0.127044;1.51513;-2.32803
-0.211918;-0.128929;1.51576;-2.28832
-0.205398;-0.128905;1.51646;-2.23878
-0.19234;-0.130946;1.51846;-2.1373
-0.18966;-0.130832;1.51883;-2.12709
-0.186129;-0.13143;1.51955;-2.08638
-0.17695;-0.129112;1.52028;-2.0245
-0.1701;-0.128618;1.52152;-1.97716
-0.161247;-0.126694;1.52202;-1.9063
-0.157934;-0.126761;1.52209;-1.87831
-0.150954;-0.125648;1.52276;-1.80581
-0.145755;-0.12458;1.52372;-1.75719
-0.144006;-0.12366;1.524;-1.73536
-0.138292;-0.122979;1.52638;-1.67801
-0.136839;-0.122432;1.52665;-1.65855
-0.130665;-0.122602;1.52639;-1.5765
-0.129503;-0.122491;1.52613;-1.55826
-0.126992;-0.121939;1.5254;-1.52562
-0.120075;-0.123162;1.5242;-1.45692
-0.115042;-0.122771;1.52439;-1.40763
-0.106821;-0.121967;1.52442;-1.32659
-0.10436;-0.122823;1.52318;-1.28837
-0.0998905;-0.121042;1.52059;-1.22725
-0.0984013;-0.121174;1.51962;-1.17661
-0.0967039;-0.119163;1.51969;-1.12866
-0.0953449;-0.118406;1.52086;-1.07877
-0.0937835;-0.115531;1.52166;-1.02836
-0.0932217;-0.114293;1.52172;-1.00606
-0.0914666;-0.110939;1.52253;-0.936969
-0.090639;-0.109143;1.52372;-0.884786
-0.0898945;-0.107342;1.52722;-0.827253
-0.0892319;-0.105029;1.52946;-0.776234
-0.0876794;-0.103496;1.53233;-0.726365
-0.0854659;-0.100686;1.53582;-0.637993
-0.0851343;-0.100326;1.53622;-0.625817
-0.0835768;-0.0987002;1.53656;-0.560077
-0.0822541;-0.0980953;1.53711;-0.510909
-0.0817747;-0.0975878;1.53708;-0.488891
-0.0803429;-0.0965528;1.53739;-0.429839
-0.0797334;-0.0954984;1.53678;-0.388873
-0.0789387;-0.0940727;1.53604;-0.335957
-0.0773753;-0.0908953;1.53485;-0.275969
-0.0767751;-0.0903732;1.535;-0.238106
-0.0755809;-0.0876124;1.53385;-0.157201
-0.0751545;-0.0863649;1.51198;-0.111338
-0.0578422;-0.084187;1.47799;-0.0628101
-0.0498408;-0.0836836;1.4733;-0.0562264
-0.0169965;-0.0817418;1.45632;-0.0341791
-0.0074815;-0.081351;1.44898;-0.0281532
0.0494352;-0.0786515;1.41277;-0.0107814
0.105431;-0.0758869;1.38471;-0.00238974
0.12621;-0.0752559;1.37506;-0.00103865
0.136291;-0.0751377;1.3705;-0.000642797
0.187106;-0.0739136;1.35163;-0.000272808
0.223902;-0.0728534;1.34983;0.00146673
0.2314;-0.0724884;1.35404;0.00240427
0.253281;-0.0725308;1.36071;-0.00454189
0.257583;-0.0724772;1.35973;-0.0126225
0.266761;-0.0723907;1.35965;-0.0785102
0.269646;-0.0708864;1.35783;-0.13909
0.273841;-0.0668628;1.35055;-0.248862
0.276294;-0.0639849;1.34594;-0.305443
0.277619;-0.0623819;1.34342;-0.338796
0.287629;-0.0518126;1.32975;-0.491632
0.299216;-0.0406752;1.31719;-0.625173
0.306237;-0.0346355;1.31111;-0.689217
0.318628;-0.024841;1.30085;-0.787909
0.324141;-0.0204605;1.29615;-0.829799
0.339985;-0.0103208;1.28541;-0.9349
0.372504;0.00955894;1.26636;-1.10262
0.39465;0.0228294;1.25474;-1.20934
0.410972;0.0334856;1.2451;-1.2669
0.445568;0.053374;1.22723;-1.41046
0.463922;0.0655002;1.21653;-1.47749
0.503136;0.0867217;1.19577;-1.62002
0.535012;0.10496;1.17919;-1.72724
0.566763;0.1219;1.16436;-1.82237
0.57661;0.127753;1.15936;-1.85722
0.606361;0.147452;1.14256;-1.95595
0.658182;0.176255;1.11662;-2.12058
0.679869;0.18981;1.1042;-2.18407
0.7045;0.200705;1.0933;-2.26772
0.749646;0.225457;1.07337;-2.36137
0.810604;0.249982;1.05455;-2.45698
0.832825;0.259062;1.04784;-2.47779
0.868186;0.273008;1.03675;-2.50446
0.885252;0.282005;1.03041;-2.51556
0.897516;0.285281;1.02764;-2.52159
0.953453;0.306031;1.01467;-2.53842
0.983367;0.314043;1.00986;-2.542
1.00684;0.320446;1.00663;-2.54392
1.03234;0.324765;1.00503;-2.54437
1.04258;0.328372;1.0043;-2.54434
1.07281;0.327855;1.01186;-2.54827
1.08181;0.327307;1.0117;-2.54436
1.11187;0.310067;0.999673;-2.509
1.11789;0.302446;0.995766;-2.49007
1.13802;0.27386;0.986686;-2.4372
1.16537;0.204691;0.967457;-2.32194
1.17935;0.1636;0.958111;-2.27794
1.19783;0.0797275;0.939786;-2.15671
1.20856;0.0244584;0.92896;-2.10752
1.22116;-0.082663;0.907134;-1.97894
1.22874;-0.150251;0.894248;-1.92218
1.23304;-0.242766;0.875505;-1.82677
1.24082;-0.391172;0.844882;-1.69445
1.24078;-0.426334;0.837133;-1.65674
1.2425;-0.499998;0.821403;-1.59993
1.24509;-0.586218;0.803656;-1.5434
1.24662;-0.793182;0.760287;-1.37044
1.24453;-0.955328;0.726986;-1.25569
1.24596;-0.99897;0.71897;-1.21815
1.24319;-1.22367;0.676285;-1.07108
1.24388;-1.2691;0.667811;-1.03378
1.24039;-1.45826;0.634552;-0.91811
1.23402;-1.68007;0.602691;-0.823292
1.23063;-1.7324;0.595542;-0.805242
1.22599;-1.81586;0.583963;-0.78144
1.22404;-1.85723;0.578152;-0.767699
1.22147;-1.89703;0.572593;-0.760239
1.1842;-2.24627;0.528369;-0.700774
1.18109;-2.27401;0.525801;-0.697571
1.16851;-2.3537;0.51806;-0.691608
1.16399;-2.3752;0.515803;-0.690586
1.14718;-2.48055;0.505921;-0.685524
1.13555;-2.55238;0.520092;-0.690713
1.13421;-2.56349;0.521666;-0.697794
1.13381;-2.57028;0.522129;-0.702854
1.13413;-2.57521;0.522334;-0.714292
1.13718;-2.57984;0.522563;-0.738229
1.18004;-2.58769;0.530719;-0.851871
1.22421;-2.58897;0.531262;-0.955946
1.26505;-2.58524;0.531705;-1.04257
1.31709;-2.58077;0.531525;-1.13976
1.3958;-2.57224;0.530208;-1.27072
1.41595;-2.56999;0.529568;-1.28954
1.52809;-2.55452;0.524527;-1.43126
1.57158;-2.54705;0.522986;-1.46798
1.59808;-2.54146;0.5219;-1.48608
1.61364;-2.53778;0.52115;-1.49707
1.66284;-2.52842;0.519428;-1.52713
1.70368;-2.51815;0.518047;-1.547
1.9289;-2.45484;0.515076;-1.60592
1.94355;-2.44956;0.514969;-1.60805
2.02933;-2.41992;0.516094;-1.6149
2.04016;-2.41494;0.516046;-1.61523
2.05609;-2.40994;0.517561;-1.61606
2.0868;-2.39857;0.523917;-1.61661
2.10116;-2.39343;0.526464;-1.61544
2.10951;-2.3931;0.527383;-1.61482
2.12895;-2.39841;0.529307;-1.61298
2.16142;-2.43852;0.534793;-1.60725
2.204;-2.51536;0.53864;-1.59802
2.21359;-2.53495;0.538402;-1.59555
2.24053;-2.58642;0.537963;-1.5897
2.24962;-2.60447;0.537787;-1.58848
2.28496;-2.67853;0.537067;-1.58359
2.30488;-2.72043;0.536875;-1.58261
2.31301;-2.73854;0.536737;-1.58221
2.32795;-2.77367;0.536321;-1.58168
2.40095;-2.9458;0.53644;-1.58084
2.40604;-2.95974;0.536548;-1.58075
2.41067;-2.97306;0.536667;-1.58063
2.42627;-3.01713;0.538478;-1.58081
2.44059;-3.06378;0.540118;-1.58083
2.44531;-3.07776;0.54031;-1.58086
2.45876;-3.12239;0.547317;-1.5821
2.46172;-3.13091;0.548229;-1.58292
2.46389;-3.13641;0.548931;-1.58342
2.47404;-3.15305;0.554573;-1.59118
2.47889;-3.15917;0.557489;-1.59443
2.53801;-3.22756;0.582757;-1.62269
2.57961;-3.27639;0.59351;-1.63106
2.59088;-3.28961;0.595768;-1.63328
2.64092;-3.34926;0.605029;-1.64011
2.6644;-3.37747;0.609059;-1.64263
2.70071;-3.42154;0.614209;-1.64648
2.71158;-3.43529;0.615616;-1.64769
2.7323;-3.46106;0.618295;-1.64934
2.74459;-3.47606;0.619789;-1.65018
2.80152;-3.54358;0.625796;-1.65349
2.85382;-3.60654;0.632192;-1.65537
2.8807;-3.6401;0.634248;-1.65577
2.8866;-3.64744;0.635018;-1.65538
2.90447;-3.66899;0.639416;-1.65061
2.90643;-3.67152;0.640442;-1.64769
2.90714;-3.68569;0.644539;-1.61282
2.89704;-3.69771;0.648054;-1.57296
2.88983;-3.70313;0.649766;-1.55304
2.8829;-3.70788;0.65115;-1.54274
2.82348;-3.75835;0.659018;-1.42543
2.78428;-3.79468;0.661708;-1.36636
2.68781;-3.87656;0.663092;-1.27893
2.6715;-3.88902;0.663347;-1.26603
2.59124;-3.95463;0.666806;-1.22693
2.5804;-3.96245;0.66707;-1.2197
2.52285;-4.0086;0.670775;-1.20166
2.5098;-4.01793;0.671323;-1.19968
2.49694;-4.02673;0.671862;-1.19619
2.44287;-4.06969;0.674437;-1.18747
2.43439;-4.07569;0.674863;-1.18668
2.33948;-4.14681;0.685961;-1.18131
2.33231;-4.15247;0.687655;-1.18213
2.3263;-4.15731;0.688142;-1.18264
2.31567;-4.18568;0.675528;-1.16332
2.31754;-4.19054;0.672488;-1.15867
2.32862;-4.22267;0.656163;-1.11398
2.33331;-4.23465;0.650046;-1.09864
2.34089;-4.25352;0.641145;-1.07656
2.36706;-4.32738;0.613499;-1.01129
2.37262;-4.34366;0.608568;-0.999036
2.38611;-4.38277;0.599132;-0.979621
2.4283;-4.51076;0.571316;-0.930491
2.43502;-4.53177;0.566996;-0.925089
2.45961;-4.61481;0.54859;-0.909501
2.46404;-4.63026;0.545014;-0.906711
2.48727;-4.70866;0.52936;-0.899631
2.4914;-4.7222;0.526768;-0.898522
2.49901;-4.74716;0.521492;-0.897124
2.51621;-4.8102;0.508007;-0.895095
2.519;-4.82;0.507011;-0.894876
2.53199;-4.87376;0.519746;-0.89143
2.53388;-4.88114;0.519504;-0.889789
2.53907;-4.90806;0.521105;-0.880151
2.54021;-4.91503;0.52239;-0.875222
2.5455;-4.94302;0.526618;-0.86314
2.56057;-5.0228;0.532843;-0.835428
2.57052;-5.07639;0.535168;-0.82415
2.57868;-5.11796;0.535419;-0.818664
2.58127;-5.13187;0.535539;-0.815408
2.61074;-5.30177;0.538917;-0.798591
2.61395;-5.31872;0.539196;-0.797064
2.62272;-5.36897;0.540438;-0.794329
2.62495;-5.38298;0.540822;-0.793864
2.63692;-5.45264;0.543884;-0.790887
2.63859;-5.46403;0.544367;-0.790633
2.65015;-5.52106;0.549747;-0.789647
2.65181;-5.53014;0.550845;-0.789583
2.65351;-5.53902;0.551862;-0.789502
2.65565;-5.54835;0.552321;-0.789837
2.66218;-5.57714;0.555202;-0.792865
2.66331;-5.58175;0.557348;-0.795443
2.67242;-5.63045;0.588612;-0.830855
2.67317;-5.64075;0.594392;-0.838347
2.67358;-5.64986;0.599051;-0.841899
2.67369;-5.69466;0.618579;-0.868808
2.67703;-5.79109;0.645298;-0.901002
2.67925;-5.81411;0.649928;-0.901495
2.68104;-5.83342;0.653391;-0.900988
2.69387;-5.94836;0.669265;-0.872004
2.69755;-5.97267;0.672071;-0.865612
2.74581;-6.2364;0.695872;-0.759432
2.75228;-6.26709;0.697704;-0.747614
2.78014;-6.39224;0.704259;-0.711569
2.78677;-6.42304;0.705876;-0.707289
2.79321;-6.45347;0.707355;-0.699388
2.82992;-6.63662;0.717779;-0.669319
2.83694;-6.67244;0.719918;-0.665605
2.84712;-6.72664;0.722724;-0.660367
2.85176;-6.75233;0.723911;-0.657057
2.87199;-6.85617;0.729394;-0.650477
2.88108;-6.90079;0.731968;-0.646877
2.91234;-7.04547;0.738204;-0.641297
2.91478;-7.05745;0.739052;-0.641563
2.93552;-7.14533;0.735499;-0.64829
2.93715;-7.15121;0.730987;-0.649456
2.93894;-7.16138;0.715619;-0.650994
2.9387;-7.16349;0.710007;-0.650213
2.94074;-7.17761;0.692728;-0.645195
2.94021;-7.20162;0.661629;-0.635471
2.94045;-7.20934;0.653784;-0.634392
2.93833;-7.29465;0.597944;-0.621624
2.93749;-7.306;0.59183;-0.620935
2.93638;-7.33147;0.57909;-0.618275
2.93602;-7.34253;0.573752;-0.617802
2.93247;-7.39701;0.549377;-0.613859
2.93233;-7.40722;0.545522;-0.613548
2.92952;-7.44388;0.529249;-0.611984
2.92961;-7.46373;0.522389;-0.611539
2.92928;-7.47181;0.519427;-0.611458
2.92533;-7.51691;0.505393;-0.610748
2.92433;-7.52315;0.503353;-0.610741
2.92099;-7.5619;0.531206;-0.615692
2.92456;-7.57203;0.531526;-0.622139
2.93749;-7.60265;0.537715;-0.656443
2.94138;-7.61115;0.539473;-0.662578
2.95461;-7.64436;0.542091;-0.689612
2.97746;-7.70318;0.545041;-0.734397
2.98313;-7.71945;0.545628;-0.747952
2.9888;-7.73651;0.546001;-0.754414
2.99477;-7.75428;0.546498;-0.766879
3.05577;-7.93014;0.552833;-0.826134
3.06349;-7.95278;0.55357;-0.830089
3.08797;-8.02121;0.557961;-0.838495
3.10061;-8.05662;0.560324;-0.842518
3.11665;-8.10097;0.561999;-0.845456
3.12203;-8.11516;0.562428;-0.845926
3.14476;-8.18049;0.562166;-0.848532
3.14814;-8.19124;0.561934;-0.848817
3.15956;-8.22199;0.561872;-0.849504
3.16692;-8.24229;0.565187;-0.850045
3.17817;-8.26991;0.579632;-0.856582
3.21576;-8.28862;0.617318;-0.971346
3.22168;-8.2883;0.621277;-0.986187
3.27963;-8.28378;0.6518;-1.11345
3.29366;-8.28204;0.658048;-1.12949
3.30858;-8.28002;0.663804;-1.16104
3.37924;-8.27087;0.686277;-1.25703
3.42045;-8.26413;0.69584;-1.28962
3.43914;-8.26091;0.70067;-1.3085
3.47645;-8.25369;0.709905;-1.33318
3.55448;-8.23584;0.727274;-1.37646
3.66353;-8.20629;0.751464;-1.41077
3.72731;-8.18658;0.765208;-1.42158
3.74171;-8.18172;0.767745;-1.42415
3.80298;-8.16304;0.778487;-1.4305
3.81563;-8.15879;0.780469;-1.43094
3.86727;-8.14165;0.787709;-1.43383
3.88794;-8.13406;0.790353;-1.43478
3.90889;-8.12733;0.793758;-1.43554
3.95792;-8.13686;0.782016;-1.43812
3.96748;-8.14721;0.776855;-1.43998
4.01811;-8.19369;0.756675;-1.44582
4.03216;-8.20508;0.752294;-1.44701
4.0698;-8.23551;0.739008;-1.45061
4.08371;-8.24658;0.733728;-1.45122
4.15129;-8.29832;0.70909;-1.45696
4.16914;-8.31154;0.702648;-1.45878
4.21218;-8.34283;0.687643;-1.46172
4.25445;-8.37248;0.674734;-1.46409
4.27654;-8.3878;0.66804;-1.46591
4.48219;-8.52424;0.613017;-1.47479
4.5091;-8.54144;0.607036;-1.47524
4.6498;-8.63145;0.579772;-1.47731
4.67553;-8.64775;0.575075;-1.47811
4.80553;-8.73105;0.548971;-1.48111
4.82821;-8.74534;0.544577;-1.48171
4.90049;-8.79082;0.533388;-1.48327
4.94092;-8.81609;0.526968;-1.48403
5.01995;-8.86541;0.514478;-1.48536
5.03677;-8.87581;0.511913;-1.48572
5.16314;-8.95512;0.513564;-1.48651
5.17254;-8.96177;0.520124;-1.48673
5.19375;-8.97766;0.532951;-1.48538
5.2076;-8.99445;0.542738;-1.48683
5.20964;-8.99801;0.546074;-1.48845
5.22512;-9.02117;0.561984;-1.49869
5.2309;-9.02847;0.56552;-1.50146
5.23616;-9.03472;0.56843;-1.5028
5.24208;-9.04138;0.571453;-1.5059
5.29176;-9.09119;0.59194;-1.5203
5.37185;-9.16319;0.614746;-1.53347
5.38744;-9.17656;0.618392;-1.53624
5.46073;-9.23918;0.633474;-1.5448
5.56678;-9.32865;0.649765;-1.55548
5.5887;-9.34715;0.652422;-1.55611
5.60535;-9.36113;0.654346;-1.55694
5.67875;-9.42202;0.662219;-1.55855
5.72471;-9.46033;0.667246;-1.5597
5.77499;-9.50172;0.67232;-1.56119
5.90646;-9.61061;0.685723;-1.56553
6.00221;-9.6883;0.696589;-1.56812
6.02419;-9.70579;0.698907;-1.56872
6.09155;-9.75931;0.706517;-1.56993
6.18359;-9.832;0.716251;-1.57088
6.19997;-9.84491;0.718425;-1.57018
6.22176;-9.86222;0.721063;-1.56986
6.25164;-9.88746;0.72659;-1.56282
6.25506;-9.89134;0.727944;-1.55825
6.2523;-9.89651;0.730711;-1.53838
6.24669;-9.8957;0.73134;-1.53044
6.19193;-9.87734;0.735723;-1.48285
6.17483;-9.87061;0.73649;-1.47166
6.11046;-9.84454;0.739117;-1.43721
6.0024;-9.79915;0.741841;-1.38143
5.97983;-9.78963;0.742364;-1.37497
5.87251;-9.74374;0.743899;-1.33073
5.81932;-9.72144;0.744545;-1.31352
5.79133;-9.70957;0.744695;-1.30473
5.69562;-9.66821;0.744306;-1.28278
5.66645;-9.65569;0.744375;-1.27503
5.39063;-9.53063;0.745088;-1.2416
5.28784;-9.48198;0.745562;-1.23699
5.26375;-9.47061;0.745788;-1.2361
5.168;-9.4251;0.747391;-1.23396
5.14735;-9.41529;0.748108;-1.23377
5.06508;-9.37572;0.749865;-1.23314
5.04809;-9.36739;0.751188;-1.2329
5.01568;-9.35134;0.756837;-1.23123
4.99739;-9.34223;0.761674;-1.23106
4.94075;-9.31351;0.744202;-1.19747
4.93951;-9.31221;0.739038;-1.1823
4.94958;-9.29956;0.6844;-1.06566
4.9497;-9.29498;0.67395;-1.04405
4.94239;-9.27377;0.643127;-0.969892
4.93915;-9.26718;0.636573;-0.960439
4.91996;-9.23502;0.609426;-0.905664
4.91082;-9.2189;0.59791;-0.887984
4.90587;-9.21074;0.59239;-0.877907
4.89944;-9.20047;0.585784;-0.869032
4.87196;-9.16027;0.561028;-0.844093
4.86644;-9.15156;0.556086;-0.839799
4.82913;-9.09416;0.525777;-0.823128
4.82566;-9.08871;0.522869;-0.822543
4.82215;-9.08341;0.519943;-0.82171
4.81239;-9.06279;0.522842;-0.822828
4.81026;-9.05905;0.531015;-0.823974
4.8095;-9.05736;0.572024;-0.839939
4.81046;-9.06276;0.582877;-0.843268
4.80799;-9.09278;0.616981;-0.850936
4.80564;-9.10302;0.624824;-0.852947
4.77938;-9.18178;0.669528;-0.860491
4.75889;-9.23397;0.695949;-0.862916
4.75065;-9.25212;0.704188;-0.863682
4.68558;-9.38643;0.755543;-0.866787
4.67627;-9.40369;0.760438;-0.867121
4.60966;-9.52695;0.7919;-0.870723
4.56961;-9.59791;0.808887;-0.871653
4.55694;-9.62091;0.814529;-0.87177
4.50241;-9.71499;0.835566;-0.87181
4.49058;-9.73596;0.840383;-0.871722
4.47871;-9.75652;0.845011;-0.871735
4.40853;-9.87451;0.871417;-0.871178
4.38559;-9.91265;0.880295;-0.870903
4.32882;-10.0062;0.902691;-0.870383
4.32036;-10.0194;0.905736;-0.870341
4.29246;-10.0654;0.909349;-0.871343
4.28596;-10.0762;0.906518;-0.872549
4.27771;-10.0941;0.895575;-0.879171
4.27756;-10.0966;0.892663;-0.881061
4.2812;-10.1041;0.878007;-0.887635
4.28659;-10.1086;0.866816;-0.892538
4.31876;-10.1677;0.796459;-0.918729
4.32168;-10.1789;0.788983;-0.921367
4.33859;-10.2459;0.756503;-0.936888
4.34112;-10.2596;0.75072;-0.937832
4.34961;-10.299;0.73424;-0.942537
4.35215;-10.3118;0.728962;-0.943848
4.36187;-10.3644;0.708614;-0.94704
4.36439;-10.3761;0.704219;-0.94736
4.37257;-10.4232;0.685132;-0.949055
4.37508;-10.433;0.681204;-0.949331
4.39128;-10.5132;0.65203;-0.950416
4.3964;-10.5372;0.663629;-0.950245
4.39901;-10.5484;0.679829;-0.948787
4.39924;-10.55;0.679902;-0.950272
4.40252;-10.5521;0.674374;-0.956903
4.41776;-10.5559;0.651937;-1.00058
4.42223;-10.5582;0.646695;-1.01224
4.44118;-10.5703;0.627979;-1.04329
4.45063;-10.578;0.618927;-1.0574
4.45889;-10.5853;0.61156;-1.06468
4.55014;-10.6612;0.568308;-1.14287
4.56228;-10.6705;0.563501;-1.14727
4.62449;-10.7205;0.537432;-1.17192
4.63649;-10.7291;0.532793;-1.1744
4.6838;-10.7661;0.514319;-1.18538
4.72756;-10.7982;0.497708;-1.19195
4.73672;-10.8057;0.494042;-1.19249
4.74578;-10.8129;0.490388;-1.19368
4.75526;-10.8195;0.486695;-1.1947
4.76429;-10.8261;0.483209;-1.1952
4.84547;-10.8876;0.477903;-1.20126
4.85011;-10.8902;0.478152;-1.20252
4.86765;-10.9006;0.475858;-1.23805
4.87148;-10.9023;0.476647;-1.24484
4.88568;-10.9111;0.478047;-1.28677
4.90491;-10.9221;0.476426;-1.33876
4.91276;-10.9272;0.475366;-1.36148
4.92357;-10.9349;0.473783;-1.38562
4.95405;-10.9571;0.470443;-1.44389
5.07472;-11.046;0.463797;-1.55918
5.08763;-11.0557;0.462776;-1.56401
5.12601;-11.083;0.460994;-1.58403
5.19206;-11.1305;0.458677;-1.60711
5.20058;-11.1364;0.458282;-1.60847
5.24553;-11.1695;0.455951;-1.61754
5.25757;-11.178;0.455628;-1.61896
5.28446;-11.1984;0.454933;-1.62191
5.32142;-11.227;0.454437;-1.62454
5.32926;-11.2334;0.456031;-1.62467
5.33999;-11.2422;0.459391;-1.62611
5.36467;-11.2558;0.464055;-1.67148
5.36798;-11.2564;0.464491;-1.67879
5.39063;-11.2616;0.465554;-1.74212
5.39748;-11.2627;0.466192;-1.76387
5.43991;-11.2734;0.466946;-1.83512
5.49327;-11.2875;0.466032;-1.91468
5.51272;-11.2933;0.465177;-1.93364
5.52489;-11.297;0.464663;-1.94063
5.5416;-11.3022;0.464022;-1.95685
5.67581;-11.3393;0.457812;-2.02697
5.70923;-11.3486;0.456177;-2.03886
5.76471;-11.3628;0.453759;-2.05078
5.82944;-11.3785;0.451311;-2.06053
5.84011;-11.3809;0.450953;-2.0613
5.8821;-11.3913;0.450146;-2.06411
5.89183;-11.3928;0.450224;-2.06447
5.90745;-11.3957;0.451258;-2.06519
5.91501;-11.3973;0.452901;-2.06568
5.93883;-11.405;0.466682;-2.05852
5.94136;-11.4118;0.478072;-2.04651
5.90072;-11.463;0.525443;-1.99169
5.89292;-11.4732;0.531118;-1.98673
5.85306;-11.5469;0.567234;-1.93691
5.84394;-11.5633;0.575734;-1.93083
5.81889;-11.6203;0.603324;-1.89711
5.78224;-11.7143;0.642001;-1.85016
5.76552;-11.7642;0.660651;-1.82932
5.75772;-11.7909;0.670277;-1.81532
5.74677;-11.8249;0.682708;-1.80138
5.66938;-12.0669;0.744628;-1.73182
5.63367;-12.1929;0.770954;-1.71155
5.6234;-12.2205;0.776914;-1.70878
5.58972;-12.3262;0.798415;-1.69742
5.58137;-12.3576;0.804484;-1.69511
5.54945;-12.4483;0.82219;-1.68941
5.49896;-12.6089;0.85255;-1.68276
5.47572;-12.6688;0.866637;-1.68155
5.47159;-12.6827;0.86862;-1.68134
5.4674;-12.6988;0.869057;-1.68109
5.46325;-12.7099;0.868998;-1.68116
5.45841;-12.719;0.869393;-1.68126
5.44674;-12.746;0.885494;-1.68318
5.44783;-12.7531;0.895867;-1.68358
5.45101;-12.7574;0.901204;-1.68301
5.46602;-12.7846;0.927439;-1.67837
5.47307;-12.7949;0.93426;-1.67677
5.50355;-12.849;0.957473;-1.66809
5.5113;-12.8613;0.961003;-1.66609
5.51879;-12.8739;0.964598;-1.66513
5.5376;-12.9119;0.975017;-1.6616
5.5622;-12.9539;0.984073;-1.65958
5.61164;-13.0384;0.999545;-1.65854
5.63335;-13.0702;1.00485;-1.65839
5.64069;-13.0823;1.00676;-1.6586
5.65323;-13.1011;1.00987;-1.65857
5.67159;-13.1292;1.01435;-1.65876
5.70546;-13.1869;1.01967;-1.65815
5.70826;-13.1922;1.01676;-1.65733
5.71079;-13.197;1.01213;-1.65516
5.71298;-13.2012;1.00661;-1.65374
5.71052;-13.2101;0.986193;-1.64309
5.7051;-13.2249;0.933613;-1.60974
5.70594;-13.2568;0.841656;-1.55329
5.70736;-13.2637;0.824079;-1.54657
5.71658;-13.2894;0.776874;-1.51311
5.71799;-13.2981;0.764276;-1.50103
5.74359;-13.38;0.66174;-1.44794
5.74699;-13.3895;0.65097;-1.44321
5.76176;-13.4371;0.596531;-1.42947
5.76472;-13.4458;0.58697;-1.42705
5.76797;-13.4544;0.577668;-1.42506
5.78796;-13.5172;0.514116;-1.41823
5.79009;-13.5255;0.506094;-1.41776
5.79212;-13.5319;0.500001;-1.4175
5.80236;-13.5626;0.504601;-1.41802
5.80574;-13.575;0.527148;-1.42326
5.8068;-13.5785;0.527493;-1.42451
5.80601;-13.582;0.521374;-1.4272
5.8034;-13.5925;0.504306;-1.43714
5.80283;-13.5962;0.501146;-1.44185
5.79887;-13.6281;0.487489;-1.4682
5.79946;-13.6395;0.483591;-1.47607
5.81467;-13.7683;0.453124;-1.52274
5.81766;-13.785;0.450714;-1.52504
5.83138;-13.8565;0.441815;-1.53768
5.8341;-13.8728;0.440175;-1.54042
5.85334;-13.9695;0.432642;-1.54999
5.85635;-13.9839;0.431776;-1.55049
5.85951;-13.9979;0.430918;-1.55179
5.86888;-14.0375;0.428378;-1.55421
5.87244;-14.0529;0.427268;-1.55481
5.89799;-14.1508;0.420189;-1.55804
5.89997;-14.1572;0.42006;-1.55806
5.90498;-14.1753;0.42191;-1.55678
5.90705;-14.1821;0.423473;-1.55616
5.91232;-14.198;0.426309;-1.54102
5.9111;-14.2009;0.427622;-1.50581
5.90202;-14.2051;0.431983;-1.42613
5.89866;-14.2078;0.433621;-1.40975
5.87406;-14.238;0.445119;-1.26977
5.84876;-14.2808;0.451982;-1.16809
5.81795;-14.3405;0.455832;-1.08086
5.80824;-14.3591;0.457193;-1.06289
5.79385;-14.3858;0.459335;-1.03653
5.74128;-14.4761;0.465555;-0.976901
5.70187;-14.5418;0.468156;-0.951028
5.69503;-14.5531;0.468456;-0.946811
5.68666;-14.5667;0.469007;-0.943145
5.67391;-14.5877;0.470593;-0.938573
5.66783;-14.5978;0.471512;-0.936233
5.63328;-14.6536;0.476127;-0.929187
5.61542;-14.6832;0.471379;-0.932367
5.60962;-14.7;0.456328;-0.957482
5.60861;-14.7028;0.450559;-0.969058
5.60065;-14.7121;0.431688;-1.0241
5.597;-14.7139;0.426256;-1.04696
5.57286;-14.7217;0.39866;-1.1358
5.56469;-14.7236;0.391526;-1.14951
5.52296;-14.7306;0.359848;-1.25172
5.50778;-14.7329;0.348791;-1.28237
5.43066;-14.743;0.297662;-1.41113
5.34746;-14.7547;0.249226;-1.52844
5.19373;-14.7785;0.16487;-1.70246
5.08369;-14.7983;0.110644;-1.8044
5.02471;-14.8091;0.0818292;-1.87377
4.96372;-14.8207;0.0526761;-1.92624
4.79394;-14.8539;-0.022847;-2.06754
4.76048;-14.861;-0.0377904;-2.10338
4.71795;-14.8698;-0.0561863;-2.13904
4.68342;-14.8769;-0.0709347;-2.15682
4.42042;-14.9338;-0.168468;-2.35027
4.38322;-14.9425;-0.180228;-2.37685
4.34618;-14.9513;-0.191843;-2.3856
4.04631;-15.0348;-0.275752;-2.47961
3.98354;-15.0543;-0.291678;-2.48919
3.95359;-15.0637;-0.299151;-2.49394
3.89546;-15.0822;-0.313167;-2.50047
3.86041;-15.0935;-0.321238;-2.50378
3.72776;-15.1364;-0.351381;-2.51263
3.70445;-15.144;-0.356512;-2.51354
3.51914;-15.206;-0.36019;-2.51598
3.50529;-15.2112;-0.352906;-2.51247
3.48469;-15.2254;-0.329555;-2.47503
3.48662;-15.2275;-0.320603;-2.45887
3.49207;-15.2298;-0.307841;-2.43991
3.50707;-15.233;-0.286288;-2.40643
3.51719;-15.2342;-0.276525;-2.38214
3.5592;-15.24;-0.243314;-2.31341
3.59293;-15.2439;-0.219852;-2.2682
3.70274;-15.2573;-0.153934;-2.13898
3.83275;-15.2768;-0.0872662;-1.98615
3.92835;-15.2936;-0.0401702;-1.8999
4.13054;-15.3329;0.0506632;-1.72386
4.16457;-15.3398;0.0627071;-1.70881
4.30095;-15.3696;0.108586;-1.62485
4.33355;-15.3777;0.120143;-1.60534
4.43793;-15.4045;0.154987;-1.5659
4.46885;-15.413;0.164854;-1.55956
4.5904;-15.4503;0.203222;-1.52482
4.61751;-15.4588;0.211273;-1.51886
4.81713;-15.5293;0.262669;-1.49398
4.85958;-15.5449;0.273651;-1.49138
4.87985;-15.5521;0.278875;-1.49007
4.95917;-15.5813;0.30005;-1.48741
5.04129;-15.6123;0.290182;-1.49102
5.06995;-15.626;0.275973;-1.48696
5.08015;-15.6397;0.268574;-1.44813
5.07833;-15.6429;0.266058;-1.43776
5.0749;-15.6462;0.263208;-1.42081
5.06862;-15.6508;0.259359;-1.3988
5.01893;-15.7001;0.244661;-1.24101
5.0116;-15.7096;0.242226;-1.21083
4.96896;-15.7796;0.225135;-1.02972
4.96258;-15.7924;0.222173;-0.991939
4.95111;-15.8194;0.216602;-0.936116
4.92213;-15.9127;0.198533;-0.789019
4.91729;-15.9319;0.195469;-0.767836
4.89805;-16.0084;0.185665;-0.705237
4.89375;-16.0264;0.183587;-0.694345
4.89032;-16.0405;0.182185;-0.689543
4.86505;-16.1485;0.174085;-0.649373
4.86267;-16.1603;0.173022;-0.647931
4.86045;-16.1715;0.171869;-0.645448
4.85182;-16.2165;0.167658;-0.639817
4.84673;-16.2443;0.164888;-0.637594
4.84179;-16.2724;0.164739;-0.636427
4.83939;-16.2867;0.167872;-0.635954
4.83819;-16.2939;0.170056;-0.636168
4.82826;-16.3231;0.176101;-0.646959
4.82175;-16.334;0.179524;-0.652876
4.80629;-16.3567;0.186008;-0.664804
4.78452;-16.3856;0.191182;-0.680175
4.71244;-16.4789;0.199305;-0.718605
4.7009;-16.494;0.200334;-0.721927
4.65396;-16.5554;0.204733;-0.737836
4.63935;-16.5751;0.206052;-0.741006
4.59494;-16.6338;0.209427;-0.749029
4.58384;-16.6491;0.210367;-0.751199
4.53098;-16.7198;0.21407;-0.757034
4.52131;-16.7331;0.214701;-0.758052
4.46115;-16.8138;0.218237;-0.762307
4.44739;-16.8326;0.219095;-0.762879
4.42706;-16.8599;0.221168;-0.76359
4.42117;-16.8677;0.221719;-0.763907
4.41055;-16.8816;0.222861;-0.763411
4.39847;-16.8986;0.220577;-0.76323
4.39641;-16.9027;0.218047;-0.764323
4.39854;-16.9146;0.202698;-0.769321
4.40516;-16.92;0.194549;-0.773797
4.42727;-16.9484;0.168746;-0.787852
4.47796;-17.0294;0.122864;-0.820886
4.48635;-17.0436;0.117436;-0.823038
4.52943;-17.1188;0.092706;-0.841234
4.53851;-17.1337;0.0878685;-0.842528
4.57291;-17.1927;0.0679655;-0.849689
4.58379;-17.21;0.0621113;-0.851085
4.60855;-17.2515;0.0499518;-0.8538
4.6166;-17.2647;0.0461804;-0.854248
4.62458;-17.2774;0.0424848;-0.854963
4.67264;-17.3524;0.0219901;-0.857568
4.69588;-17.387;0.0147342;-0.858212
4.72972;-17.4347;0.0217999;-0.857783
4.74787;-17.4596;0.026459;-0.865796
4.75034;-17.4632;0.0220252;-0.872498
4.76153;-17.4746;0.00273462;-0.930104
4.76436;-17.476;-0.00141948;-0.949889
4.78386;-17.4859;-0.0302886;-1.01946
4.79038;-17.489;-0.0392241;-1.04254
4.79768;-17.4923;-0.0487133;-1.07003
4.84915;-17.517;-0.0898163;-1.17365
4.88546;-17.5342;-0.110449;-1.22614
4.95161;-17.5625;-0.146786;-1.28303
5.01495;-17.587;-0.176903;-1.31924
5.02641;-17.5911;-0.182184;-1.32215
5.07405;-17.6077;-0.201505;-1.33716
5.08451;-17.6111;-0.205715;-1.34055
5.10709;-17.6185;-0.214239;-1.34434
5.13497;-17.6274;-0.224808;-1.34848
5.14368;-17.6301;-0.228274;-1.34989
5.18554;-17.6421;-0.244573;-1.35291
5.21237;-17.6491;-0.240218;-1.35328
5.21703;-17.6505;-0.234638;-1.35336
5.23662;-17.6602;-0.20648;-1.39676
5.24003;-17.6627;-0.199639;-1.4111
5.26566;-17.6766;-0.167237;-1.4936
5.28221;-17.6849;-0.154337;-1.52865
5.29375;-17.691;-0.145273;-1.55554
5.30414;-17.6963;-0.138018;-1.57783
5.38843;-17.7376;-0.0895332;-1.69392
5.45521;-17.7733;-0.0538904;-1.72885
5.54985;-17.8378;-0.00255849;-1.72573
5.57282;-17.8569;0.0098293;-1.72202
5.66765;-17.9519;0.0601298;-1.66834
5.68106;-17.9676;0.0675527;-1.66093
5.74903;-18.0576;0.104898;-1.60763
5.76963;-18.0882;0.115174;-1.59141
5.80128;-18.1397;0.130247;-1.56671
5.84534;-18.2224;0.150092;-1.5257
5.93514;-18.4509;0.192353;-1.42743
5.9644;-18.5569;0.20907;-1.38659
5.97026;-18.5822;0.212734;-1.37878
5.99122;-18.6903;0.229443;-1.34493
5.99651;-18.7244;0.233691;-1.33512
6.00918;-18.8262;0.24556;-1.31223
6.01309;-18.8673;0.250406;-1.3047
6.02506;-19.0913;0.273477;-1.2741
6.02561;-19.1195;0.276099;-1.27079
6.02498;-19.2319;0.285871;-1.26106
6.0243;-19.2565;0.287982;-1.26
6.01219;-19.4527;0.303828;-1.25042
6.00951;-19.4753;0.306471;-1.25103
6.00805;-19.4881;0.307719;-1.25247
6.00145;-19.5525;0.298639;-1.26459
6.00046;-19.5592;0.292938;-1.27433
6.0069;-19.573;0.252257;-1.33572
6.00904;-19.574;0.245743;-1.3554
6.01874;-19.5766;0.223297;-1.3865
6.02454;-19.578;0.211819;-1.40857
6.06269;-19.5927;0.145659;-1.5037
6.07253;-19.5973;0.13391;-1.52515
6.17289;-19.6459;0.0423704;-1.63902
6.181;-19.6495;0.0357777;-1.64288
6.23533;-19.6718;-0.00482572;-1.6733
6.28916;-19.6918;-0.0410893;-1.68981
6.29836;-19.6952;-0.0471043;-1.69285
6.31898;-19.7026;-0.059635;-1.6962
6.34483;-19.7115;-0.0747758;-1.70046
6.35441;-19.7146;-0.0801942;-1.70182
6.36201;-19.7171;-0.084536;-1.70247
6.41223;-19.7348;-0.0816464;-1.70295
6.42081;-19.7487;-0.0966422;-1.68866
6.42043;-19.7535;-0.100614;-1.68391
6.41443;-19.7739;-0.111655;-1.67067
6.41208;-19.7822;-0.115802;-1.66776
6.4001;-19.8289;-0.139549;-1.64502
6.39633;-19.8421;-0.146073;-1.63867
6.39277;-19.8564;-0.153104;-1.63499
6.38197;-19.9102;-0.1789;-1.61511
6.36307;-20.0095;-0.223403;-1.57873
6.34203;-20.1379;-0.270194;-1.54676
6.33865;-20.1647;-0.277898;-1.54033
6.32148;-20.2782;-0.308742;-1.5246
6.30302;-20.4062;-0.341705;-1.51054
6.29835;-20.436;-0.349501;-1.50942
6.28529;-20.5259;-0.371566;-1.5032
6.28138;-20.5465;-0.376593;-1.50175
6.27714;-20.5716;-0.382749;-1.50097
6.27174;-20.6101;-0.392303;-1.49901
6.25689;-20.6982;-0.412726;-1.49616
6.25028;-20.7732;-0.428847;-1.49455
6.24761;-20.7858;-0.428992;-1.49458
6.24192;-20.8258;-0.407664;-1.49789
6.23672;-20.8503;-0.387528;-1.51653
6.23754;-20.8519;-0.382222;-1.51854
6.24153;-20.8645;-0.35135;-1.53851
6.24377;-20.8677;-0.345198;-1.54514
6.2495;-20.8791;-0.327225;-1.55516
6.25223;-20.8854;-0.31895;-1.56297
6.27304;-20.9232;-0.278149;-1.58504
6.32912;-21.0318;-0.189029;-1.63764
6.33782;-21.0486;-0.177198;-1.64157
6.34728;-21.0666;-0.164718;-1.64932
6.42352;-21.2217;-0.0828304;-1.69117
6.43478;-21.2447;-0.0737908;-1.69362
6.47698;-21.3343;-0.0378197;-1.70707
6.48838;-21.3569;-0.0295139;-1.71039
6.51189;-21.4059;-0.011992;-1.7143
6.52175;-21.4269;-0.00460342;-1.71678
6.54214;-21.4681;0.00904381;-1.72013
6.59203;-21.5689;0.0387815;-1.72612
6.66644;-21.7187;0.0812234;-1.73165
6.6722;-21.7328;0.0851213;-1.73207
6.67814;-21.7465;0.0889049;-1.73237
6.70285;-21.7981;0.0847361;-1.73151
6.70569;-21.8075;0.0821932;-1.73176
6.70964;-21.8236;0.0805649;-1.73226
6.71156;-21.8379;0.0820552;-1.73757
6.71141;-21.8647;0.0816702;-1.767
6.71245;-21.8712;0.082266;-1.77135
6.72752;-21.9711;0.0885517;-1.84407
6.73092;-21.9854;0.0883576;-1.85064
6.73894;-22.0154;0.088267;-1.86025
6.74167;-22.03;0.0882543;-1.86595
6.75324;-22.0781;0.088226;-1.87808
6.78555;-22.1897;0.0872352;-1.89741
6.78892;-22.2017;0.0861546;-1.89893
6.80911;-22.2602;0.0822717;-1.90388
6.81325;-22.2729;0.0816276;-1.90463
6.8306;-22.3189;0.0797531;-1.90666
6.84165;-22.3508;0.078765;-1.90724
6.84701;-22.3639;0.0778156;-1.90712
6.85229;-22.3834;0.0825214;-1.9001
6.85318;-22.3915;0.0892353;-1.89351
6.84981;-22.4129;0.103788;-1.86995
6.84853;-22.4198;0.10823;-1.86143
6.8435;-22.4462;0.124307;-1.83742
6.83453;-22.4986;0.15339;-1.80298
6.8257;-22.5477;0.174814;-1.77276
6.81682;-22.5999;0.190623;-1.74713
6.80383;-22.6769;0.214368;-1.72104
6.80093;-22.6936;0.220096;-1.71567
6.78574;-22.7789;0.245534;-1.70013
6.78047;-22.8089;0.253925;-1.69597
6.77221;-22.8555;0.265941;-1.69123
6.76491;-22.8955;0.275715;-1.68771
6.75611;-22.9444;0.286809;-1.68465
6.75464;-22.956;0.289213;-1.68418
6.74717;-23.0112;0.299476;-1.68252
6.74393;-23.0411;0.299588;-1.68247
6.74324;-23.07;0.289145;-1.67893
6.7448;-23.0818;0.283605;-1.6723
6.74705;-23.0967;0.27481;-1.65435
6.74796;-23.1238;0.257631;-1.61529
6.74685;-23.1404;0.248822;-1.59269
6.74263;-23.1747;0.233166;-1.55465
6.74024;-23.1873;0.227659;-1.53954
6.72531;-23.2617;0.19745;-1.46868
6.71467;-23.3026;0.182527;-1.44112
6.69589;-23.384;0.152324;-1.37501
6.66893;-23.485;0.120017;-1.30714
6.6543;-23.5369;0.103982;-1.27741
6.62745;-23.6268;0.0767911;-1.22751
6.60078;-23.7152;0.0527882;-1.18138
6.56877;-23.8159;0.0285223;-1.14465
6.54936;-23.8787;0.0148604;-1.12779
6.52848;-23.9409;0.00240012;-1.10909
6.51487;-23.9792;-0.00469412;-1.10493
6.4531;-24.1595;-0.037108;-1.07378
6.42749;-24.2385;-0.0513786;-1.06357
6.3916;-24.3386;-0.0691449;-1.05474
6.36785;-24.4075;-0.0814476;-1.05046
6.34726;-24.4647;-0.0909692;-1.04765
6.33585;-24.5002;-0.0967519;-1.04648
6.3134;-24.5625;-0.102631;-1.04586
6.30166;-24.6037;-0.0990714;-1.04586
6.29881;-24.6138;-0.100534;-1.04662
6.29848;-24.6496;-0.119587;-1.05255
6.29986;-24.6567;-0.12487;-1.05493
6.32073;-24.7185;-0.168904;-1.07062
6.32756;-24.7422;-0.183965;-1.07599
6.34004;-24.7885;-0.210726;-1.08597
6.34988;-24.8371;-0.232509;-1.09599
6.35424;-24.8543;-0.239334;-1.09923
6.37136;-24.9436;-0.271227;-1.10836
6.37543;-24.9604;-0.276262;-1.10985
6.37975;-24.9807;-0.282357;-1.1106
6.3941;-25.0559;-0.30469;-1.11467
6.40019;-25.0869;-0.314069;-1.11565
6.41297;-25.1514;-0.334314;-1.11746
6.42049;-25.1927;-0.34842;-1.11849
6.42841;-25.2224;-0.358769;-1.119
6.43041;-25.2361;-0.363283;-1.11916
6.44297;-25.2721;-0.351041;-1.13033
6.44647;-25.2816;-0.342612;-1.14425
6.45536;-25.294;-0.325705;-1.18248
6.46518;-25.3008;-0.312669;-1.21637
6.48157;-25.3079;-0.286113;-1.27879
6.51437;-25.316;-0.248247;-1.38846
6.54552;-25.3189;-0.209758;-1.47724
6.58096;-25.3201;-0.170322;-1.57143
6.6375;-25.3188;-0.11067;-1.706
6.65216;-25.318;-0.0962494;-1.72492
6.73228;-25.3112;-0.0348185;-1.86695
6.7638;-25.3076;-0.0145627;-1.90084
6.79662;-25.3018;0.00736584;-1.93095
6.82904;-25.2966;0.0273511;-1.95896
6.90172;-25.2797;0.0725921;-1.99752
6.94323;-25.269;0.0975489;-2.01162
6.97387;-25.26;0.11719;-2.02105
7.00973;-25.2507;0.137763;-2.02693
7.04017;-25.2413;0.156699;-2.03082
7.05902;-25.2362;0.167858;-2.0322
7.0889;-25.2254;0.177908;-2.03396
7.10548;-25.2216;0.172198;-2.03491
7.1159;-25.2211;0.168686;-2.03714
7.11977;-25.2222;0.167847;-2.03806
7.14435;-25.245;0.165978;-2.04846
7.15714;-25.2712;0.159402;-2.05549
7.17883;-25.3426;0.144693;-2.06731
7.19333;-25.3964;0.134261;-2.07437
7.20834;-25.4636;0.123856;-2.07858
7.22365;-25.5291;0.116462;-2.08215
7.23256;-25.5783;0.111046;-2.08433
7.24893;-25.6422;0.103191;-2.0879
7.2665;-25.7275;0.0933632;-2.09151
7.27119;-25.7468;0.0910791;-2.09231
7.28915;-25.84;0.0799055;-2.09497
7.29826;-25.8882;0.0742459;-2.09597
7.30496;-25.9318;0.0686656;-2.09661
7.31402;-25.9749;0.0619224;-2.09695
7.31955;-26.0103;0.0566615;-2.09706
7.32495;-26.0355;0.0543126;-2.09703
7.32764;-26.0549;0.0564245;-2.09752
7.33779;-26.0929;0.0578049;-2.09782
7.3444;-26.1093;0.055629;-2.0989
7.34807;-26.1156;0.0554427;-2.09976
7.36358;-26.1568;0.0519737;-2.1027
7.37446;-26.1943;0.0466872;-2.1033
7.37935;-26.2219;0.0436047;-2.10304
7.39769;-26.3113;0.0358435;-2.0994
7.40063;-26.334;0.0342637;-2.09895
7.41419;-26.4094;0.0315216;-2.09794
7.41836;-26.4451;0.030475;-2.09802
7.42781;-26.5015;0.0293017;-2.09834
7.43388;-26.563;0.0284536;-2.09875
7.4346;-26.5803;0.0281261;-2.09886
7.43734;-26.6076;0.0276133;-2.09895
7.43935;-26.6209;0.0273621;-2.09896
7.45044;-26.7146;0.0239746;-2.09951
7.45357;-26.7419;0.0240887;-2.09955
7.45575;-26.7501;0.0238752;-2.09743
7.46204;-26.7825;0.0167857;-2.06111
7.46255;-26.7962;0.0126355;-2.03283
7.45172;-26.8227;0.00283515;-1.95323
7.44199;-26.8423;-0.00502555;-1.91083
7.43563;-26.8518;-0.00905476;-1.88084
7.41931;-26.8723;-0.0177727;-1.83301
7.41164;-26.8837;-0.0219926;-1.80156
7.29833;-27.0155;-0.0747745;-1.54463
7.24927;-27.0658;-0.0958572;-1.45276
7.23285;-27.0836;-0.103361;-1.41521
7.13154;-27.1839;-0.139341;-1.28308
7.06306;-27.2494;-0.158808;-1.22324
7.01769;-27.2889;-0.170127;-1.19246
6.92467;-27.3693;-0.192379;-1.14199
6.90249;-27.3868;-0.197112;-1.13067
6.88035;-27.4038;-0.201653;-1.12556
6.75534;-27.5029;-0.225754;-1.08958
6.71922;-27.5318;-0.232115;-1.08069
6.63028;-27.5973;-0.247551;-1.0701
6.56821;-27.6424;-0.259134;-1.06515
6.54174;-27.6613;-0.263628;-1.06405
6.52998;-27.6708;-0.265485;-1.06349
6.48296;-27.7047;-0.263751;-1.06142
6.45752;-27.731;-0.255295;-1.06155
6.45085;-27.7422;-0.249818;-1.06199
6.44866;-27.7606;-0.235979;-1.06413
6.44416;-27.7896;-0.214195;-1.07031
6.43919;-27.819;-0.198544;-1.07722
6.42899;-27.8545;-0.180267;-1.08496
6.4258;-27.8682;-0.174326;-1.08855
6.39875;-27.9458;-0.14913;-1.10193
6.39395;-27.9617;-0.144267;-1.1046
6.36829;-28.0271;-0.125892;-1.11037
6.35153;-28.0769;-0.114457;-1.11333
6.34586;-28.0912;-0.111029;-1.11416
6.32923;-28.1322;-0.101279;-1.11582
6.30023;-28.2072;-0.0819076;-1.11761
6.29355;-28.2282;-0.0767895;-1.11802
6.2784;-28.2675;-0.0661861;-1.11879
6.27599;-28.2765;-0.0638027;-1.11903
6.26138;-28.3218;-0.0637327;-1.11734
6.25934;-28.3356;-0.064189;-1.11355
6.25757;-28.3535;-0.0622304;-1.10125
6.25775;-28.3778;-0.0603629;-1.08392
6.2565;-28.3865;-0.0598309;-1.07534
6.25205;-28.4064;-0.0583972;-1.06122
6.24385;-28.433;-0.0567919;-1.04749
6.22104;-28.5298;-0.0530322;-1.00081
6.20358;-28.6053;-0.0497499;-0.966124
6.18804;-28.6534;-0.0479448;-0.950352
6.15369;-28.7731;-0.0449745;-0.897142
6.14199;-28.8058;-0.0444324;-0.891316
6.10744;-28.9165;-0.0407784;-0.858857
6.08332;-28.9812;-0.0399448;-0.848909
6.05555;-29.0668;-0.0390053;-0.835293
6.04526;-29.0948;-0.038778;-0.830611
5.98303;-29.2601;-0.0361517;-0.813366
5.95428;-29.3317;-0.0346791;-0.807696
5.92667;-29.405;-0.0319095;-0.803629
5.90112;-29.4665;-0.0295468;-0.800697
5.87635;-29.5285;-0.0274239;-0.798708
5.85848;-29.5664;-0.0260321;-0.797629
5.84784;-29.5964;-0.0239682;-0.796862
5.82699;-29.6455;-0.0204658;-0.796092
5.81154;-29.6844;-0.0142395;-0.795784
5.80129;-29.7151;-0.00949263;-0.805064
5.79918;-29.7372;-0.00746314;-0.831316
5.80479;-29.7749;-0.00270306;-0.903542
5.81069;-29.8059;-0.000893183;-0.96635
5.81316;-29.829;-0.000347439;-1.00897
5.81921;-29.8727;0.00137684;-1.08566
5.82258;-29.9201;0.00132237;-1.15905
5.83131;-29.9919;0.00136259;-1.22905
5.83452;-30.0257;0.00139714;-1.25277
5.8437;-30.0785;0.00196268;-1.28092
5.84628;-30.094;0.00198884;-1.28999
5.86469;-30.1842;0.0021658;-1.32085
5.87252;-30.2224;0.00184844;-1.32927
5.87945;-30.2496;0.000957544;-1.33288
5.888;-30.2927;-0.000702979;-1.3387
5.89639;-30.3327;-0.00123879;-1.34171
5.89882;-30.349;-0.000675248;-1.34257
5.90215;-30.3656;0.00382948;-1.34307
5.90505;-30.3889;0.0072931;-1.34978
5.90746;-30.3953;0.00665559;-1.35467
5.90939;-30.4002;0.00591498;-1.35756
5.91697;-30.4163;0.00309687;-1.37537
5.95215;-30.4562;-0.00684138;-1.43563
5.99454;-30.4991;-0.0192263;-1.49083
6.03157;-30.538;-0.0307701;-1.53273
6.06472;-30.5718;-0.0401213;-1.55674
6.09602;-30.6047;-0.0487711;-1.59009
6.17215;-30.682;-0.0700016;-1.64078
6.25215;-30.7634;-0.093221;-1.70157
6.27455;-30.7849;-0.0987674;-1.71568
6.37036;-30.8798;-0.120389;-1.75546
6.44045;-30.9465;-0.133159;-1.77904
6.53396;-31.0362;-0.148078;-1.80485
6.59639;-31.0944;-0.157276;-1.81837
6.63893;-31.1349;-0.16343;-1.82501
6.70648;-31.2003;-0.17359;-1.8351
6.75689;-31.2481;-0.18149;-1.83979
6.79811;-31.2875;-0.188465;-1.843
6.82855;-31.3144;-0.192955;-1.8442
6.84089;-31.3255;-0.194821;-1.84493
6.87811;-31.3586;-0.200246;-1.84601
6.93352;-31.4063;-0.193197;-1.84298
6.94857;-31.4233;-0.189716;-1.81936
6.94956;-31.4282;-0.189036;-1.80515
6.94094;-31.4539;-0.184996;-1.75697
6.90536;-31.4956;-0.179659;-1.67096
6.88354;-31.5188;-0.177692;-1.63361
6.85944;-31.5426;-0.177284;-1.59731
6.81618;-31.5855;-0.178736;-1.5311
6.78466;-31.6159;-0.17883;-1.47305
6.75039;-31.6488;-0.179129;-1.42895
6.64538;-31.7485;-0.181349;-1.3326
6.62996;-31.7625;-0.181804;-1.31418
6.58283;-31.8042;-0.183094;-1.29054
6.4503;-31.9178;-0.184767;-1.23443
6.36912;-31.9843;-0.184946;-1.21183
6.30642;-32.0342;-0.185478;-1.20036
6.25241;-32.076;-0.185372;-1.19237
6.21485;-32.104;-0.184582;-1.18887
6.16819;-32.1381;-0.183299;-1.1845
6.13515;-32.1616;-0.183199;-1.18206
6.06193;-32.2144;-0.181666;-1.18276
6.04536;-32.2293;-0.183202;-1.18679
6.04048;-32.2352;-0.184238;-1.1905
6.03286;-32.2615;-0.186843;-1.19865
6.03997;-32.2951;-0.190685;-1.2067
6.04289;-32.305;-0.191809;-1.20939
6.06059;-32.3582;-0.19807;-1.21829
6.07636;-32.405;-0.20355;-1.22691
6.0883;-32.4415;-0.207759;-1.23496
6.12222;-32.5531;-0.221828;-1.25168
6.14276;-32.6279;-0.230803;-1.26316
6.15857;-32.6889;-0.236682;-1.2702
6.18937;-32.811;-0.246944;-1.28274
6.21873;-32.9253;-0.255329;-1.29091
6.23292;-32.9806;-0.259301;-1.29326
6.23983;-33.0075;-0.26157;-1.29464
6.27378;-33.1391;-0.27152;-1.29811
6.27967;-33.1622;-0.273107;-1.29876
6.28676;-33.1902;-0.274824;-1.29906
6.30275;-33.2529;-0.278188;-1.30046
6.3361;-33.3813;-0.286318;-1.30204
6.34979;-33.4293;-0.28919;-1.30233
6.35716;-33.4551;-0.287446;-1.30164
6.36374;-33.4791;-0.288013;-1.30007
6.368;-33.5078;-0.301416;-1.29269
6.36588;-33.5175;-0.310101;-1.28261
6.35186;-33.5481;-0.335265;-1.25514
6.34188;-33.5662;-0.348112;-1.24416
6.33745;-33.5751;-0.354774;-1.23752
6.32754;-33.595;-0.369926;-1.22469
6.3218;-33.6063;-0.37746;-1.21768
6.28629;-33.6753;-0.410837;-1.19326
6.23905;-33.7611;-0.445242;-1.17199
6.22401;-33.7869;-0.455351;-1.16574
6.18503;-33.8501;-0.48084;-1.15738
6.16181;-33.8859;-0.494833;-1.15401
6.14788;-33.9064;-0.502992;-1.15208
6.12056;-33.9468;-0.518444;-1.14956
6.11445;-33.9557;-0.522051;-1.14907
6.10852;-33.9641;-0.525284;-1.14878
6.07124;-34.0175;-0.536699;-1.14754
6.06041;-34.0356;-0.534774;-1.15026
6.05509;-34.0463;-0.535035;-1.15285
6.04829;-34.0664;-0.532191;-1.15758
6.03824;-34.1018;-0.525832;-1.16562
6.03142;-34.1279;-0.521029;-1.16974
6.01418;-34.1877;-0.510883;-1.1818
6.00451;-34.2215;-0.506775;-1.18809
5.99943;-34.2384;-0.505148;-1.19216
5.98222;-34.2962;-0.49933;-1.20009
5.9715;-34.3332;-0.494785;-1.20383
5.93774;-34.4442;-0.481421;-1.21055
5.91352;-34.525;-0.473751;-1.21271
5.90351;-34.5584;-0.470758;-1.2131
5.88979;-34.6031;-0.466951;-1.21346
5.88694;-34.6128;-0.466025;-1.21355
5.87192;-34.6664;-0.460301;-1.21339
5.8614;-34.7077;-0.455473;-1.21342
5.85899;-34.7171;-0.454879;-1.21351
5.85209;-34.7448;-0.459559;-1.21342
5.84687;-34.774;-0.486326;-1.20878
5.8463;-34.786;-0.508065;-1.19987
5.84578;-34.7902;-0.51683;-1.19462
5.84536;-34.7948;-0.526054;-1.19159
5.84257;-34.8594;-0.61923;-1.13677
5.84219;-34.8748;-0.634187;-1.13269
5.84147;-34.9304;-0.674229;-1.1084
5.84108;-34.9653;-0.694621;-1.10013
5.8407;-34.9809;-0.703727;-1.09516
5.83742;-35.0397;-0.738827;-1.08106
5.8365;-35.058;-0.748188;-1.07919
5.83061;-35.1614;-0.800714;-1.06569
5.82989;-35.1726;-0.806653;-1.06514
5.82857;-35.1943;-0.817675;-1.06322
5.82519;-35.2451;-0.842404;-1.06068
5.82392;-35.2647;-0.850925;-1.06003
5.82154;-35.2942;-0.86123;-1.05918
5.81975;-35.3178;-0.849314;-1.05852
5.81921;-35.3229;-0.849315;-1.05829
5.81736;-35.3346;-0.857069;-1.05523
5.81564;-35.3423;-0.862366;-1.0496
5.81096;-35.3655;-0.875686;-1.03663
5.80494;-35.404;-0.894613;-1.01986
5.79976;-35.4429;-0.91109;-1.00654
5.7942;-35.4937;-0.931569;-0.992408
5.79048;-35.5311;-0.945722;-0.983485
5.78469;-35.5993;-0.970769;-0.968321
5.77678;-35.6976;-1.0032;-0.94582
5.77468;-35.7244;-1.01128;-0.940149
5.76558;-35.8524;-1.04729;-0.923361
5.76383;-35.8753;-1.05277;-0.919333
5.75357;-36.0335;-1.0882;-0.905854
5.74925;-36.0926;-1.1001;-0.899995
5.73779;-36.2352;-1.12871;-0.890579
5.73123;-36.3147;-1.1434;-0.886474
5.72738;-36.3602;-1.15134;-0.884353
5.72038;-36.4468;-1.16581;-0.880884
5.71594;-36.5009;-1.17483;-0.87952
5.7144;-36.518;-1.17774;-0.878999
5.71353;-36.5361;-1.18181;-0.878761
5.70974;-36.5908;-1.19372;-0.877401
5.70727;-36.6544;-1.18934;-0.879749
5.70623;-36.6749;-1.17825;-0.891728
5.70604;-36.6929;-1.16258;-0.91267
5.70695;-36.7155;-1.13423;-0.953739
5.70627;-36.7328;-1.11438;-0.974544
5.70458;-36.7524;-1.09386;-0.997175
5.70013;-36.8011;-1.05043;-1.05778
5.69902;-36.8136;-1.04231;-1.07242
5.69302;-36.8856;-1.00023;-1.12509
5.69063;-36.926;-0.976559;-1.14676
5.68837;-36.9675;-0.953765;-1.16164
5.6863;-37.0039;-0.934841;-1.17187
5.68509;-37.0407;-0.915553;-1.17882
5.68463;-37.0621;-0.904227;-1.18168
5.68345;-37.0837;-0.894216;-1.18462
5.68298;-37.1361;-0.868312;-1.18828
5.68249;-37.154;-0.860388;-1.18917
5.68326;-37.1696;-0.853301;-1.18969
5.68305;-37.2018;-0.851048;-1.1906
5.68599;-37.2201;-0.855938;-1.20191
5.68914;-37.2273;-0.85693;-1.21792
5.70785;-37.2436;-0.861941;-1.29418
5.72281;-37.2544;-0.865274;-1.32897
5.74882;-37.2753;-0.87028;-1.39356
5.78381;-37.304;-0.878266;-1.46339
5.82182;-37.3355;-0.886827;-1.52204
5.86763;-37.3732;-0.89551;-1.57054
5.88229;-37.3846;-0.897986;-1.58688
5.92585;-37.4201;-0.905336;-1.62053
5.9735;-37.4545;-0.913168;-1.6457
6.04632;-37.5066;-0.925606;-1.6723
6.07314;-37.5247;-0.930104;-1.67885
6.12266;-37.5592;-0.93726;-1.68963
6.1598;-37.5843;-0.942612;-1.69469
6.18015;-37.599;-0.945939;-1.69667
6.22145;-37.6256;-0.951178;-1.69979
6.22961;-37.6316;-0.951073;-1.69979
6.25957;-37.6511;-0.95155;-1.70195
6.27752;-37.6658;-0.956331;-1.71467
6.29226;-37.68;-0.960938;-1.73375
6.30883;-37.6981;-0.965606;-1.75811
6.33261;-37.7246;-0.970351;-1.78489
6.34964;-37.7453;-0.973473;-1.80209
6.39524;-37.7973;-0.979894;-1.84476
6.4231;-37.8306;-0.983353;-1.86453
6.48086;-37.8978;-0.989063;-1.9119
6.49644;-37.9165;-0.990658;-1.92442
6.58935;-38.0231;-0.998313;-1.98032
6.60356;-38.0396;-0.999296;-1.9913
6.73429;-38.1899;-1.00987;-2.03599
6.75479;-38.2131;-1.01163;-2.03928
6.8398;-38.3078;-1.01792;-2.05765
6.8965;-38.3706;-1.0213;-2.06677
6.94961;-38.4293;-1.02425;-2.07385
6.99841;-38.4839;-1.02672;-2.07876
7.03248;-38.5223;-1.02772;-2.08076
7.08661;-38.5839;-1.02969;-2.08426
7.09924;-38.5982;-1.03023;-2.08481
7.12546;-38.6282;-1.03122;-2.08573
7.18965;-38.7036;-1.01759;-2.09106
7.19473;-38.7106;-1.01284;-2.09282
7.20805;-38.7322;-0.995855;-2.10307
7.22308;-38.7651;-0.966048;-2.13032
7.22974;-38.7816;-0.956649;-2.13876
7.23549;-38.7964;-0.948044;-2.14528
7.24756;-38.8275;-0.929982;-2.15756
7.25317;-38.8418;-0.922078;-2.16132
7.25572;-38.8486;-0.918453;-2.16355
7.26604;-38.8768;-0.904144;-2.16893
7.27044;-38.8889;-0.897835;-2.17039
7.27925;-38.9146;-0.887313;-2.17255
7.2816;-38.9216;-0.884807;-2.17277
7.29045;-38.9567;-0.870711;-2.17371
7.29265;-38.9711;-0.867454;-2.17369
7.29361;-38.98;-0.870615;-2.17433
7.29634;-38.9993;-0.875504;-2.17526
7.29877;-39.0116;-0.876791;-2.17524
7.30465;-39.0342;-0.88197;-2.17398
7.31795;-39.0829;-0.891477;-2.16891
7.32215;-39.0964;-0.894065;-2.16669
7.3469;-39.1833;-0.910706;-2.15741
7.36498;-39.2433;-0.921578;-2.15135
7.38029;-39.2935;-0.930022;-2.14736
7.4113;-39.3911;-0.946071;-2.1381
7.44822;-39.5058;-0.964445;-2.12935
7.47672;-39.5949;-0.976931;-2.12287
7.49976;-39.6645;-0.98559;-2.11885
7.51043;-39.6958;-0.989291;-2.11579
7.55548;-39.8353;-1.00437;-2.10689
7.59794;-39.9641;-1.01679;-2.10014
7.62076;-40.0342;-1.02294;-2.0987
7.65931;-40.15;-1.03299;-2.09693
7.67939;-40.2117;-1.03835;-2.09693
7.72181;-40.341;-1.04855;-2.09751
7.73634;-40.3849;-1.05139;-2.0978
7.75582;-40.4462;-1.05491;-2.09832
7.76736;-40.4848;-1.05674;-2.09837
7.78489;-40.5386;-1.0588;-2.09837
7.78948;-40.5557;-1.0576;-2.09793
7.8091;-40.6333;-1.06161;-2.0843
7.8119;-40.6532;-1.06653;-2.07496
7.81455;-40.6826;-1.07398;-2.05723
7.81486;-40.7046;-1.07904;-2.03774
7.81559;-40.7701;-1.09911;-1.99095
7.81671;-40.8182;-1.11161;-1.9587
7.81751;-40.8771;-1.12407;-1.92868
7.81747;-40.92;-1.13199;-1.91325
7.81761;-40.9339;-1.13462;-1.90496
7.81788;-40.9751;-1.14194;-1.89517
7.81751;-40.9947;-1.14472;-1.88924
7.81675;-41.0858;-1.1577;-1.8728
7.81274;-41.1964;-1.16783;-1.86145
7.81171;-41.2229;-1.16958;-1.85982
7.81029;-41.2716;-1.17344;-1.85754
7.80948;-41.3037;-1.17725;-1.85645
7.80971;-41.3192;-1.1793;-1.85622
7.81014;-41.3453;-1.1723;-1.85563
7.8098;-41.352;-1.17057;-1.85403
7.80966;-41.3594;-1.17068;-1.85281
7.80938;-41.3924;-1.18826;-1.82172
7.8109;-41.4427;-1.2145;-1.76589
7.81174;-41.4716;-1.22765;-1.74067
7.81392;-41.4994;-1.24105;-1.7046
7.81882;-41.5874;-1.27149;-1.63109
7.82175;-41.6242;-1.28119;-1.60829
7.82526;-41.705;-1.29849;-1.56864
7.82653;-41.723;-1.30253;-1.56021
7.82728;-41.76;-1.31007;-1.54967
7.82733;-41.7828;-1.31459;-1.54323
7.82985;-41.9193;-1.33995;-1.52155
7.83098;-41.9518;-1.346;-1.51868
7.83229;-42.008;-1.35688;-1.51484
7.83365;-42.032;-1.36212;-1.51368
7.83464;-42.082;-1.36487;-1.51182
7.83535;-42.1102;-1.34955;-1.51345
7.83434;-42.1369;-1.32823;-1.52601
7.8331;-42.1519;-1.31394;-1.53864
7.83142;-42.1611;-1.30571;-1.54947
7.82741;-42.1814;-1.28425;-1.56837
7.82128;-42.2097;-1.2498;-1.60721
7.79863;-42.3014;-1.15713;-1.72507
7.79456;-42.3162;-1.14679;-1.74366
7.77749;-42.3809;-1.1053;-1.79113
7.75711;-42.4622;-1.06082;-1.83492
7.75373;-42.4768;-1.05306;-1.83851
7.74319;-42.5241;-1.02808;-1.85289
7.73194;-42.576;-1.00095;-1.86581
7.72577;-42.6033;-0.987574;-1.86985
7.71887;-42.6354;-0.971478;-1.87459
7.71465;-42.6558;-0.961651;-1.87701
7.70597;-42.7004;-0.936108;-1.88054
7.70158;-42.724;-0.929542;-1.88139
7.69962;-42.736;-0.934599;-1.88205
7.70035;-42.7649;-0.933294;-1.90128
7.70284;-42.7773;-0.933007;-1.91404
7.70457;-42.7844;-0.933467;-1.9224
7.72034;-42.8332;-0.930202;-1.96985
7.72976;-42.8618;-0.927351;-1.99049
7.75219;-42.9232;-0.922927;-2.04126
7.76738;-42.9632;-0.922602;-2.05978
7.79014;-43.0195;-0.92155;-2.08501
7.82302;-43.0955;-0.920568;-2.11056
7.83349;-43.1183;-0.920196;-2.11653
7.86781;-43.1904;-0.919363;-2.13181
7.90248;-43.258;-0.917699;-2.14302
7.91758;-43.2865;-0.917108;-2.14655
7.94572;-43.3434;-0.916663;-2.15243
7.95188;-43.3553;-0.916507;-2.15357
7.95785;-43.3669;-0.916515;-2.15414
7.97567;-43.4034;-0.918364;-2.15628
7.99444;-43.4417;-0.920167;-2.15771
8.01109;-43.4862;-0.919409;-2.1606
8.0141;-43.5069;-0.915206;-2.16726
8.01625;-43.5296;-0.909858;-2.17831
8.01803;-43.5512;-0.905347;-2.18625
8.02207;-43.6;-0.896788;-2.20659
8.02309;-43.6143;-0.894831;-2.2124
8.02569;-43.6456;-0.891459;-2.22067
8.03224;-43.7183;-0.887337;-2.23343
8.04049;-43.7942;-0.882639;-2.24291
8.04616;-43.8452;-0.88167;-2.24866
8.05269;-43.898;-0.879604;-2.25335
8.06074;-43.9732;-0.876667;-2.25887
8.06334;-44.0041;-0.874339;-2.26028
8.0667;-44.0423;-0.870897;-2.26184
8.0704;-44.077;-0.867669;-2.2631
8.07325;-44.1009;-0.865464;-2.26359
8.07462;-44.1108;-0.864349;-2.26392
8.07721;-44.1299;-0.86221;-2.26423
8.08047;-44.1665;-0.869069;-2.26312
8.08036;-44.1958;-0.864197;-2.23197
8.07171;-44.2131;-0.852393;-2.16617
8.06155;-44.2249;-0.845649;-2.12749
8.03485;-44.2502;-0.829599;-2.02747
8.02658;-44.2575;-0.82423;-1.99469
7.97341;-44.303;-0.793667;-1.84968
7.94582;-44.3255;-0.783424;-1.79942
7.90545;-44.3581;-0.771251;-1.73429
7.8911;-44.3689;-0.76706;-1.71101
7.80011;-44.4346;-0.742666;-1.62827
7.77149;-44.4534;-0.736657;-1.61172
7.70005;-44.4987;-0.722127;-1.57814
7.68716;-44.5067;-0.719682;-1.57553
7.63615;-44.5373;-0.709467;-1.56223
7.60371;-44.5563;-0.702035;-1.55668
7.5816;-44.5691;-0.696479;-1.55423
7.55443;-44.5835;-0.690573;-1.55134
7.54613;-44.588;-0.688531;-1.5505
7.50262;-44.6091;-0.694529;-1.5481
7.49098;-44.6166;-0.699927;-1.54218
7.48376;-44.6249;-0.704675;-1.52781
7.48143;-44.6291;-0.706796;-1.52073
7.46871;-44.6534;-0.716105;-1.49033
7.44165;-44.7031;-0.728848;-1.43689
7.43253;-44.7188;-0.732322;-1.42938
7.40682;-44.7626;-0.741135;-1.39612
7.36118;-44.8346;-0.756311;-1.34889
7.34876;-44.8541;-0.760008;-1.33358
7.30781;-44.9183;-0.771115;-1.29538
7.2256;-45.0424;-0.790559;-1.23788
7.19224;-45.091;-0.797945;-1.21546
7.14117;-45.1622;-0.809344;-1.17941
7.08079;-45.246;-0.820513;-1.1509
7.00592;-45.3472;-0.832667;-1.12081
6.96768;-45.3982;-0.837943;-1.11155
6.88965;-45.4964;-0.848571;-1.09382
6.85412;-45.5412;-0.852822;-1.08786
6.81999;-45.582;-0.855959;-1.08133
6.79926;-45.6072;-0.857765;-1.08001
6.70321;-45.7228;-0.868961;-1.07015
6.64863;-45.7872;-0.876107;-1.06693
6.62064;-45.8194;-0.880262;-1.0658
6.58635;-45.8601;-0.88466;-1.06484
6.54707;-45.9061;-0.881827;-1.06468
6.54022;-45.915;-0.882857;-1.06569
6.52135;-45.9412;-0.899901;-1.07568
6.51938;-45.9488;-0.907152;-1.08108
6.518;-45.9558;-0.914318;-1.08851
6.51358;-45.9879;-0.941465;-1.10715
6.50992;-46.0069;-0.955967;-1.11598
6.5019;-46.0444;-0.979879;-1.13347
6.48828;-46.0986;-1.01154;-1.15859
6.47512;-46.1493;-1.03651;-1.17763
6.46446;-46.1906;-1.05753;-1.18914
6.44114;-46.2821;-1.09909;-1.21692
6.42297;-46.3548;-1.12905;-1.23719
6.41596;-46.3815;-1.13959;-1.24531
6.40236;-46.4344;-1.1604;-1.25755
6.38576;-46.4969;-1.18376;-1.26934
6.33206;-46.685;-1.25106;-1.30874
6.29252;-46.8156;-1.29114;-1.33571
6.2596;-46.9235;-1.31988;-1.35188
6.23891;-46.9906;-1.33646;-1.35908
6.20787;-47.092;-1.36138;-1.36772
6.17152;-47.2106;-1.3889;-1.37467
6.14541;-47.2977;-1.40895;-1.37762
6.12996;-47.3486;-1.42038;-1.37864
6.12348;-47.3713;-1.42572;-1.37916
6.09595;-47.4643;-1.44675;-1.38018
6.07823;-47.5216;-1.45949;-1.38061
6.05007;-47.6101;-1.47814;-1.38055
6.04563;-47.6247;-1.48088;-1.38056
6.02388;-47.6947;-1.49251;-1.38032
6.02059;-47.7059;-1.49419;-1.38033
6.00439;-47.7599;-1.50316;-1.38027
5.99885;-47.7785;-1.50165;-1.38051
5.9944;-47.7932;-1.48836;-1.38003
5.99249;-47.8036;-1.47321;-1.37331
6.00024;-47.7942;-1.46744;-1.3422
6.0091;-47.7785;-1.46313;-1.32317
6.02834;-47.7454;-1.45741;-1.28656
6.05134;-47.706;-1.45525;-1.24591
6.06966;-47.6746;-1.45407;-1.20753
6.13639;-47.5618;-1.45447;-1.1031
6.16249;-47.5186;-1.45582;-1.07127
6.19393;-47.4675;-1.45764;-1.03488
6.25523;-47.3669;-1.46027;-0.956303
6.27129;-47.3412;-1.46147;-0.933178
6.34506;-47.2248;-1.46783;-0.862581
6.40487;-47.1326;-1.4738;-0.802859
6.46339;-47.0409;-1.47987;-0.740695
6.54986;-46.9084;-1.48897;-0.661117
6.57108;-46.8758;-1.49106;-0.637688
6.68565;-46.7047;-1.50186;-0.542748
6.73107;-46.6378;-1.50589;-0.507201
6.7824;-46.564;-1.51076;-0.45947
6.90276;-46.3929;-1.52178;-0.366898
6.95813;-46.3165;-1.52557;-0.335807
7.08674;-46.1439;-1.5327;-0.27355
7.11976;-46.1011;-1.53474;-0.268248
7.17384;-46.0314;-1.53842;-0.249102
7.31525;-45.8582;-1.5495;-0.22111
7.34178;-45.826;-1.55197;-0.216394
7.47334;-45.6726;-1.56362;-0.205364
7.54232;-45.5939;-1.56975;-0.202392
7.5637;-45.5702;-1.57149;-0.201675
7.65572;-45.4669;-1.57876;-0.200984
7.70912;-45.409;-1.58044;-0.199604
7.76702;-45.3439;-1.57788;-0.194925
7.77735;-45.3331;-1.57719;-0.193301
7.81425;-45.2993;-1.56976;-0.188227
7.82293;-45.3038;-1.56308;-0.189423
7.82806;-45.3233;-1.5554;-0.193988
7.83141;-45.3606;-1.54726;-0.201357
7.83333;-45.3903;-1.54295;-0.206942
7.83499;-45.4271;-1.5391;-0.214545
7.84112;-45.5147;-1.53417;-0.225668
7.8468;-45.6176;-1.52909;-0.236421
7.85052;-45.692;-1.5254;-0.241505
7.85556;-45.7945;-1.52047;-0.245723
7.85665;-45.8177;-1.51922;-0.246203
7.85949;-45.8918;-1.51494;-0.247959
7.86289;-45.9734;-1.51004;-0.249085
7.86482;-46.0342;-1.50551;-0.249543
7.86578;-46.0684;-1.50284;-0.249618
7.86659;-46.121;-1.49978;-0.25032
7.86816;-46.1583;-1.50263;-0.249944
7.86989;-46.1825;-1.49724;-0.235205
7.87465;-46.1858;-1.47729;-0.162622
7.87703;-46.1782;-1.46794;-0.125895
7.8797;-46.1664;-1.45636;-0.0818886
7.88699;-46.1292;-1.42698;0.0281102
7.893;-46.0937;-1.40165;0.11779
7.9007;-46.0477;-1.37236;0.210879
7.90861;-45.9989;-1.34101;0.302813
7.91744;-45.9445;-1.30848;0.40014
7.92493;-45.9014;-1.28482;0.462619
7.94279;-45.798;-1.24501;0.608674
7.95133;-45.7507;-1.22662;0.6417
7.96356;-45.6903;-1.2025;0.687034
7.97718;-45.6281;-1.18208;0.718489
7.98121;-45.6094;-1.1767;0.729031
7.99892;-45.5377;-1.1539;0.74993
8.01397;-45.4746;-1.13383;0.765445
8.02225;-45.4433;-1.12405;0.769208
8.02545;-45.4284;-1.12007;0.771272
8.03839;-45.3779;-1.10394;0.775814
8.04396;-45.3508;-1.09874;0.777146
8.05333;-45.2979;-1.11319;0.7717
8.05292;-45.2891;-1.11247;0.757568
8.05102;-45.2741;-1.1181;0.702435
8.05033;-45.2593;-1.12357;0.607083
8.0502;-45.247;-1.12695;0.558112
8.05177;-45.2269;-1.13118;0.468463
8.05537;-45.1989;-1.13548;0.3751
8.06093;-45.1645;-1.13878;0.280831
8.06508;-45.1409;-1.13981;0.222537
8.07241;-45.0867;-1.14252;0.0850827
8.07895;-45.0371;-1.14515;-0.00197831
8.08242;-45.0046;-1.14627;-0.0457874
8.08949;-44.9353;-1.1474;-0.124436
8.0932;-44.884;-1.14799;-0.163626
8.09419;-44.8728;-1.14806;-0.177005
8.09634;-44.7947;-1.14821;-0.210333
8.09664;-44.7393;-1.14699;-0.227741
8.09661;-44.7274;-1.1467;-0.229452
8.09657;-44.6813;-1.14616;-0.237877
8.09621;-44.6523;-1.14604;-0.241984
8.09656;-44.6251;-1.14533;-0.244225
8.09701;-44.6103;-1.14492;-0.245013
8.09991;-44.5772;-1.14312;-0.246016
8.10068;-44.5718;-1.14263;-0.246084
8.10431;-44.5511;-1.14061;-0.245971
8.10507;-44.5465;-1.14028;-0.245846
8.10939;-44.5268;-1.13947;-0.245385
8.11079;-44.5204;-1.13957;-0.245057
8.11379;-44.5097;-1.13877;-0.244231
8.11481;-44.5055;-1.13792;-0.24397
8.11764;-44.4989;-1.13528;-0.243243
8.12013;-44.4949;-1.1152;-0.23293
8.12218;-44.4865;-1.07631;-0.190843
8.12182;-44.4671;-1.06138;-0.151377
8.11865;-44.4474;-1.05621;-0.13681
8.10478;-44.3931;-1.03391;-0.133488
8.09362;-44.3559;-1.01882;-0.141351
8.06527;-44.2738;-0.993903;-0.177306
8.03987;-44.2079;-0.977537;-0.20898
8.03026;-44.1844;-0.972537;-0.222905
7.97472;-44.0551;-0.950309;-0.267106
7.95116;-44.0041;-0.942389;-0.278646
7.90245;-43.8985;-0.925319;-0.298487
7.86888;-43.8275;-0.914242;-0.307084
7.84489;-43.7769;-0.906388;-0.31097
7.8036;-43.6929;-0.893909;-0.316562
7.76285;-43.6119;-0.881433;-0.319505
7.74554;-43.5765;-0.876948;-0.320261
7.71935;-43.5236;-0.870596;-0.320891
7.69704;-43.4798;-0.865758;-0.321141
7.6816;-43.4497;-0.863178;-0.321939
7.65982;-43.4072;-0.865168;-0.323981
7.65421;-43.3924;-0.867337;-0.326341
7.65454;-43.3758;-0.868289;-0.333568
7.65624;-43.3714;-0.868096;-0.335109
7.66138;-43.3609;-0.867899;-0.336703
7.68373;-43.3137;-0.86717;-0.34271
7.69818;-43.2792;-0.865717;-0.346771
7.70376;-43.2659;-0.86503;-0.348504
7.73404;-43.1789;-0.861103;-0.357159
7.75295;-43.1172;-0.859066;-0.363015
7.77447;-43.0405;-0.856617;-0.368833
7.79474;-42.9617;-0.854629;-0.37482
7.80111;-42.9339;-0.853914;-0.377421
7.83098;-42.8088;-0.850527;-0.38514
7.86642;-42.6385;-0.845093;-0.397118
7.87938;-42.5696;-0.843176;-0.401055
7.90149;-42.453;-0.840207;-0.407642
7.91578;-42.3786;-0.838469;-0.411789
7.93751;-42.2543;-0.835867;-0.418184
7.9668;-42.09;-0.832783;-0.42575
7.98589;-41.9774;-0.830488;-0.429443
8.00351;-41.8709;-0.828163;-0.431698
8.02149;-41.7641;-0.826054;-0.43291
8.03226;-41.7031;-0.825075;-0.433209
8.05212;-41.5861;-0.822927;-0.434014
8.06493;-41.5135;-0.821859;-0.434144
8.0812;-41.4235;-0.820133;-0.434168
8.08765;-41.3861;-0.819067;-0.434105
8.09768;-41.3316;-0.817105;-0.434046
8.10596;-41.2878;-0.814787;-0.434006
8.11044;-41.2586;-0.813632;-0.434036
8.11809;-41.2129;-0.812867;-0.433924
8.12007;-41.1815;-0.812381;-0.4339
8.12339;-41.1493;-0.808469;-0.434922
8.12514;-41.1379;-0.807076;-0.436059
8.1291;-41.1331;-0.809046;-0.441881
8.13088;-41.135;-0.80919;-0.443297
8.1316;-41.136;-0.809049;-0.443466
8.13443;-41.1264;-0.809027;-0.441328
8.13511;-41.1103;-0.810359;-0.439963
8.13591;-41.0833;-0.812523;-0.439063
8.13594;-41.0498;-0.814547;-0.438122
8.13612;-41.0198;-0.816598;-0.437673
8.13423;-40.9532;-0.821759;-0.436941
8.13295;-40.8945;-0.826721;-0.436326
8.12956;-40.7973;-0.831773;-0.436328
8.12648;-40.7395;-0.833699;-0.43623
8.12272;-40.6567;-0.837124;-0.435712
8.11589;-40.5281;-0.843613;-0.435063
8.11267;-40.4644;-0.846368;-0.434854
8.10408;-40.3295;-0.852348;-0.4345
8.09934;-40.25;-0.856611;-0.434417
8.09225;-40.14;-0.862718;-0.434454
8.08506;-40.0255;-0.867608;-0.434422
8.07755;-39.8974;-0.871682;-0.434329
8.06999;-39.766;-0.875316;-0.434242
8.06042;-39.6002;-0.879214;-0.434055
8.05562;-39.5055;-0.882071;-0.434174
8.04601;-39.3343;-0.887941;-0.434316
8.04144;-39.2476;-0.89069;-0.434689
8.03363;-39.1057;-0.894745;-0.437074
8.02822;-39.0192;-0.897185;-0.438262
8.01825;-38.8419;-0.900817;-0.4399
8.01567;-38.8022;-0.901673;-0.439957
8.00558;-38.6067;-0.902857;-0.439201
8.00343;-38.5726;-0.902891;-0.438745
7.99332;-38.4097;-0.902869;-0.437859
7.98948;-38.3552;-0.902924;-0.437657
7.98387;-38.2505;-0.903706;-0.436701
7.9809;-38.207;-0.903004;-0.436978
7.97762;-38.1307;-0.898804;-0.438762
7.97733;-38.0954;-0.899936;-0.442802
7.97903;-38.0708;-0.900735;-0.445078
7.9806;-38.0553;-0.900648;-0.44513
7.98432;-38.0328;-0.900519;-0.443535
7.986;-38.0154;-0.900378;-0.44173
7.98992;-37.9683;-0.899374;-0.439572
7.99261;-37.9109;-0.899754;-0.43939
7.99507;-37.8593;-0.898705;-0.439169
7.99739;-37.7951;-0.897792;-0.437905
7.99831;-37.7607;-0.897514;-0.437283
7.9995;-37.7173;-0.896726;-0.436494
8.00076;-37.6744;-0.895307;-0.435994
8.00058;-37.6279;-0.89477;-0.435301
8.00136;-37.6057;-0.894067;-0.43506
8.00265;-37.5723;-0.892802;-0.434725
8.00358;-37.5447;-0.89125;-0.434695
8.00432;-37.5257;-0.889182;-0.43468
8.0045;-37.5108;-0.887625;-0.434627
8.00467;-37.4754;-0.881715;-0.43422
8.00471;-37.4598;-0.881121;-0.420849
8.0046;-37.4493;-0.882842;-0.403448
7.99963;-37.4278;-0.888244;-0.314603
7.99432;-37.4176;-0.892277;-0.275
7.98409;-37.4029;-0.898916;-0.195962
7.97396;-37.3906;-0.904202;-0.145449
7.95003;-37.3666;-0.916756;-0.0226584
7.92624;-37.344;-0.928252;0.0771198
7.9005;-37.3207;-0.940458;0.177478
7.85786;-37.2833;-0.959022;0.313727
7.83509;-37.2632;-0.967713;0.372301
7.79493;-37.2287;-0.982474;0.470743
7.75491;-37.1945;-0.997753;0.571261
7.72333;-37.1668;-1.01035;0.63312
7.65932;-37.1125;-1.03374;0.77453
7.61153;-37.0718;-1.05089;0.878755
7.57859;-37.0446;-1.06323;0.945404
7.50534;-36.9812;-1.09208;1.08501
7.45232;-36.9358;-1.11211;1.18878
7.41183;-36.9006;-1.12681;1.25166
7.35722;-36.8547;-1.14689;1.35636
7.27737;-36.7856;-1.17147;1.49771
7.2208;-36.7372;-1.1902;1.5992
7.1782;-36.7;-1.20495;1.65982
7.10241;-36.6344;-1.23283;1.80286
7.03987;-36.5795;-1.25478;1.90773
7.00178;-36.5465;-1.26928;1.97096
6.92032;-36.4721;-1.29796;2.10055
6.90201;-36.4557;-1.30403;2.13039
6.80977;-36.3698;-1.33237;2.21815
6.76262;-36.3247;-1.34606;2.2514
6.71921;-36.2824;-1.35872;2.27616
6.67682;-36.2405;-1.37112;2.29099
6.65283;-36.2162;-1.37812;2.29773
6.59847;-36.1611;-1.39422;2.30943
6.58073;-36.1432;-1.39954;2.31129
6.54748;-36.1095;-1.40925;2.31355
6.53896;-36.1009;-1.41173;2.31362
6.51412;-36.0769;-1.41873;2.3129
6.49621;-36.0606;-1.42193;2.3125
6.47891;-36.0448;-1.40675;2.31576
6.47343;-36.0382;-1.3988;2.30958
6.47014;-36.0295;-1.38743;2.2817
6.46974;-36.0203;-1.37233