0.338272;-0.0433241;1.4226;-0.00236356
0.411953;-0.0726123;1.41195;0.0257508
0.485634;-0.1019;1.40131;0.0538651
0.559315;-0.131189;1.39066;0.0819795
0.632996;-0.160477;1.38002;0.110094
0.706677;-0.189765;1.36937;0.138208
0.780358;-0.219053;1.35873;0.166323
0.854039;-0.248341;1.34808;0.194437
0.92772;-0.27763;1.33744;0.222551
1.0014;-0.306918;1.32679;0.250666
1.07508;-0.336206;1.31615;0.27878
1.14876;-0.365494;1.3055;0.306894
1.22244;-0.394782;1.29486;0.335009
1.25928;-0.409426;1.28954;0.349066
1.33515;-0.419495;1.31284;0.356047
1.41102;-0.429563;1.33614;0.363028
1.48688;-0.439632;1.35944;0.37001
1.56275;-0.4497;1.38274;0.376991
1.63862;-0.459769;1.40604;0.383972
1.71448;-0.469837;1.42934;0.390954
1.79035;-0.479906;1.45264;0.397935
1.86622;-0.489974;1.47594;0.404916
1.94208;-0.500043;1.49924;0.411898
2.01795;-0.510111;1.52254;0.418879
2.09381;-0.52018;1.54584;0.42586
2.16968;-0.530248;1.56914;0.432842
2.26872;-0.478651;1.60163;0.442282
2.23634;-0.482842;1.60923;0.512282
2.20397;-0.487032;1.61683;0.582282
2.17159;-0.491223;1.62443;0.652282
2.13922;-0.495413;1.63203;0.722282
2.10684;-0.499604;1.63963;0.792282
2.07447;-0.503794;1.64722;0.862282
2.04209;-0.507985;1.65482;0.932282
2.00972;-0.512175;1.66242;1.00228
1.97734;-0.516366;1.67002;1.07228
1.94497;-0.520556;1.67762;1.14228
1.91259;-0.524747;1.68522;1.21228
1.88022;-0.528937;1.69281;1.28228
1.84784;-0.533128;1.70041;1.35228
1.81547;-0.537318;1.70801;1.42228
1.78309;-0.541509;1.71561;1.49228
1.75072;-0.545699;1.72321;1.56228
1.71834;-0.54989;1.73081;1.63228
1.68597;-0.55408;1.73841;1.70228
1.65359;-0.558271;1.746;1.77228
1.62122;-0.562461;1.7536;1.84228
1.58884;-0.566652;1.7612;1.91228
1.55647;-0.570842;1.7688;1.98228
1.52409;-0.575033;1.7764;2.05228
1.49172;-0.579223;1.784;2.12228
1.45934;-0.583414;1.79159;2.19228
1.42697;-0.587604;1.79919;2.26228
1.39459;-0.591795;1.80679;2.33228
1.36222;-0.595986;1.81439;2.40228
1.32984;-0.600176;1.82199;2.47228
1.35712;-0.535687;1.85746;2.499
1.41969;-0.486021;1.85325;2.43743
1.48227;-0.436354;1.84903;2.37586
1.54484;-0.386688;1.84482;2.31428
1.60742;-0.337021;1.84061;2.25271
1.66999;-0.287355;1.83639;2.19114
1.73256;-0.237688;1.83218;2.12956
1.79514;-0.188022;1.82796;2.06799
1.85771;-0.138356;1.82375;2.00641
1.92029;-0.0886891;1.81954;1.94484
1.98286;-0.0390226;1.81532;1.88327
2.04543;0.0106438;1.81111;1.82169
2.10801;0.0603103;1.80689;1.76012
2.17058;0.109977;1.80268;1.69855
2.23315;0.159643;1.79847;1.63697
2.29573;0.20931;1.79425;1.5754
2.3583;0.258976;1.79004;1.51383
2.42088;0.308643;1.78582;1.45225
2.48345;0.358309;1.78161;1.39068
2.54602;0.407976;1.7774;1.32911
2.6086;0.457642;1.77318;1.26753
2.67117;0.507308;1.76897;1.20596
2.73374;0.556975;1.76475;1.14438
2.79632;0.606641;1.76054;1.08281
2.85889;0.656308;1.75633;1.02124
2.92119;0.705759;1.75213;0.959931
2.9681;0.770568;1.75243;1.00182
3.015;0.835377;1.75273;1.04371
3.0619;0.900187;1.75303;1.08559
3.1088;0.964996;1.75334;1.12748
3.1557;1.02981;1.75364;1.16937
3.2026;1.09462;1.75394;1.21126
3.2495;1.15942;1.75424;1.25315
3.2964;1.22423;1.75454;1.29503
3.3433;1.28904;1.75484;1.33692
3.3902;1.35385;1.75514;1.37881
3.4371;1.41866;1.75545;1.4207
3.484;1.48347;1.75575;1.46259
3.54767;1.56021;1.77553;1.46234
3.55076;1.63821;1.77737;1.39234
3.55384;1.71621;1.77921;1.32234
3.55693;1.79422;1.78105;1.25234
3.56001;1.87222;1.78289;1.18234
3.65748;1.91129;1.81047;1.17615
3.68269;1.92482;1.82251;1.24615
3.70791;1.93834;1.83456;1.31615
3.73313;1.95187;1.8466;1.38615
3.75834;1.96539;1.85864;1.45615
3.78356;1.97892;1.87068;1.52615
3.80878;1.99244;1.88273;1.59615
3.834;2.00597;1.89477;1.66615
3.85921;2.01949;1.90681;1.73615
3.88443;2.03302;1.91886;1.80615
3.90965;2.04654;1.9309;1.87615
3.93487;2.06007;1.94294;1.94615
3.96008;2.07359;1.95498;2.01615
3.9853;2.08712;1.96703;2.08615
4.07561;2.14116;1.98519;2.10187
4.0673;2.14348;1.9817;2.03187
4.05899;2.1458;1.9782;1.96187
4.05069;2.14813;1.9747;1.89187
4.04238;2.15045;1.9712;1.82187
4.03407;2.15277;1.96771;1.75187
4.02576;2.15509;1.96421;1.68187
4.01745;2.15741;1.96071;1.61187
4.00915;2.15974;1.95721;1.54187
4.00084;2.16206;1.95372;1.47187
3.99253;2.16438;1.95022;1.40187
3.98422;2.1667;1.94672;1.33187
3.97591;2.16903;1.94322;1.26187
3.9676;2.17135;1.93973;1.19187
4.02206;2.21821;1.92754;1.17692
4.04048;2.29225;1.92823;1.24692
4.0589;2.36628;1.92893;1.31692
4.07733;2.44032;1.92962;1.38692
4.09575;2.51435;1.93031;1.45692
4.11417;2.58839;1.931;1.52692
4.13259;2.66242;1.93169;1.59692
4.15102;2.73646;1.93238;1.66692
4.16944;2.81049;1.93307;1.73692
4.18786;2.88453;1.93376;1.80692
4.20628;2.95856;1.93445;1.87692
4.22471;3.0326;1.93514;1.94692
4.24313;3.10663;1.93584;2.01692
4.26155;3.18067;1.93653;2.08692
4.28471;3.18609;1.90628;2.10176
4.22826;3.23634;1.88005;2.07201
4.17181;3.28659;1.85382;2.04227
4.11535;3.33684;1.82759;2.01252
4.0589;3.38709;1.80136;1.98277
4.00245;3.43734;1.77513;1.95302
3.94599;3.48759;1.7489;1.92327
3.88954;3.53784;1.72267;1.89353
3.83309;3.58809;1.69644;1.86378
3.77663;3.63834;1.67021;1.83403
3.72018;3.68859;1.64397;1.80428
3.66373;3.73884;1.61774;1.77453
3.70345;3.79262;1.62777;1.77029
3.74673;3.85925;1.63713;1.76829
3.79001;3.92588;1.6465;1.76629
3.83328;3.9925;1.65586;1.7643
3.87656;4.05913;1.66522;1.7623
3.91984;4.12576;1.67458;1.7603
3.96311;4.19239;1.68395;1.75831
4.00639;4.25902;1.69331;1.75631
4.04967;4.32565;1.70267;1.75431
4.09294;4.39228;1.71203;1.75232
4.13622;4.45891;1.7214;1.75032
4.1795;4.52554;1.73076;1.74832
4.22278;4.59217;1.74012;1.74633
4.17708;4.60574;1.75264;1.74542
4.12815;4.66888;1.74825;1.73843
4.07922;4.73202;1.74386;1.73144
4.03029;4.79516;1.73947;1.72445
3.98136;4.8583;1.73509;1.71746
3.93243;4.92144;1.7307;1.71047
3.8835;4.98458;1.72631;1.70349
3.83457;5.04772;1.72192;1.6965
3.78565;5.11086;1.71753;1.68951
3.73672;5.174;1.71314;1.68252
3.68779;5.23714;1.70875;1.67553
3.63886;5.30028;1.70436;1.66855
3.58993;5.36342;1.69997;1.66156
3.64624;5.35638;1.7328;1.65914
3.62553;5.432;1.74871;1.63112
3.60482;5.50761;1.76462;1.60311
3.5841;5.58323;1.78053;1.5751
3.56339;5.65885;1.79644;1.54709
3.54267;5.73446;1.81235;1.51908
3.52196;5.81008;1.82826;1.49107
3.50125;5.88569;1.84417;1.46306
3.48053;5.96131;1.86008;1.43505
3.45982;6.03693;1.87599;1.40704
3.4391;6.11254;1.89189;1.37902
3.41839;6.18816;1.9078;1.35101
3.39768;6.26378;1.92371;1.323
3.41978;6.26474;1.93718;1.31599
3.39541;6.24068;1.89974;1.38599
3.37105;6.21663;1.86229;1.45599
3.34668;6.19257;1.82485;1.52599
3.32232;6.16851;1.7874;1.59599
3.29795;6.14446;1.74996;1.66599
3.27359;6.1204;1.71251;1.73599
3.24923;6.09634;1.67507;1.80599
3.28441;6.12561;1.72204;1.81605
3.27133;6.1593;1.7339;1.74605
3.25825;6.19299;1.74576;1.67605
3.24517;6.22669;1.75762;1.60605
3.23209;6.26038;1.76948;1.53605
3.21901;6.29407;1.78134;1.46605
3.20593;6.32777;1.79319;1.39605
3.19285;6.36146;1.80505;1.32605
3.17977;6.39516;1.81691;1.25605
3.16669;6.42885;1.82877;1.18605
3.15361;6.46254;1.84063;1.11605
3.14053;6.49624;1.85249;1.04605
3.12745;6.52993;1.86435;0.976054
3.11437;6.56363;1.8762;0.906054
3.16513;6.58912;1.84992;0.889869
3.23017;6.63293;1.86575;0.951325
3.29521;6.67674;1.88158;1.01278
3.36025;6.72055;1.89741;1.07424
3.42529;6.76436;1.91324;1.13569
3.49033;6.80817;1.92907;1.19715
3.55537;6.85198;1.94489;1.2586
3.62041;6.89579;1.96072;1.32006
3.68546;6.9396;1.97655;1.38151
3.7505;6.98341;1.99238;1.44297
3.81554;7.02721;2.00821;1.50442
3.88058;7.07102;2.02404;1.56588
3.94562;7.11483;2.03987;1.62734
3.93323;7.10274;1.99966;1.63934
3.97195;7.17267;1.99631;1.66179
4.01067;7.24259;1.99297;1.68423
4.04939;7.31252;1.98963;1.70667
4.08811;7.38244;1.98628;1.72911
4.12683;7.45237;1.98294;1.75155
4.16555;7.52229;1.9796;1.77399
4.20427;7.59222;1.97625;1.79643
4.24299;7.66214;1.97291;1.81888
4.28171;7.73207;1.96956;1.84132
4.32043;7.80199;1.96622;1.86376
4.35915;7.87192;1.96288;1.8862
4.39787;7.94185;1.95953;1.90864
4.3339;7.9979;1.9541;1.91681
4.29968;8.07015;1.95126;1.90979
4.26547;8.14241;1.94842;1.90277
4.23125;8.21467;1.94558;1.89575
4.19703;8.28693;1.94274;1.88872
4.16281;8.35918;1.93991;1.8817
4.12859;8.43144;1.93707;1.87468
4.09438;8.5037;1.93423;1.86766
4.06016;8.57595;1.93139;1.86064
4.02594;8.64821;1.92855;1.85362
3.99172;8.72047;1.92571;1.8466
3.9575;8.79272;1.92287;1.83958
3.92329;8.86498;1.92003;1.83256
3.88907;8.93724;1.91719;1.82554
3.85485;9.0095;1.91436;1.81852
3.82063;9.08175;1.91152;1.8115
3.78641;9.15401;1.90868;1.80448
3.7522;9.22627;1.90584;1.79746
3.71798;9.29852;1.903;1.79044
3.68376;9.37078;1.90016;1.78342
3.64954;9.44304;1.89732;1.7764
3.61532;9.51529;1.89448;1.76938
3.58111;9.58755;1.89165;1.76236
3.54689;9.65981;1.88881;1.75533
3.51267;9.73206;1.88597;1.74831
3.40771;9.87345;1.87236;1.74628
3.47384;9.91843;1.87066;1.68337
3.53998;9.96341;1.86896;1.62046
3.60611;10.0084;1.86726;1.55755
3.67225;10.0534;1.86557;1.49465
3.73838;10.0984;1.86387;1.43174
3.80452;10.1433;1.86217;1.36883
3.87065;10.1883;1.86047;1.30592
3.93679;10.2333;1.85878;1.24302
4.00292;10.2783;1.85708;1.18011
4.06906;10.3233;1.85538;1.1172
4.13519;10.3682;1.85368;1.05429
4.20133;10.4132;1.85198;0.991385
4.10255;10.4974;1.8502;0.976878
4.08194;10.5104;1.86122;1.04688
4.06132;10.5233;1.87224;1.11688
4.04071;10.5363;1.88326;1.18688
4.0201;10.5493;1.89428;1.25688
3.99949;10.5623;1.9053;1.32688
3.97887;10.5753;1.91632;1.39688
3.95826;10.5883;1.92734;1.46688
3.93765;10.6012;1.93836;1.53688
3.91704;10.6142;1.94938;1.60688
3.89642;10.6272;1.9604;1.67688
3.87581;10.6402;1.97142;1.74688
3.8552;10.6532;1.98244;1.81688
3.83458;10.6662;1.99346;1.88688
3.81397;10.6791;2.00448;1.95688
3.79336;10.6921;2.0155;2.02688
3.77275;10.7051;2.02651;2.09688
3.75213;10.7181;2.03753;2.16688
3.73152;10.7311;2.04855;2.23688
3.71091;10.744;2.05957;2.30688
3.66238;10.8085;2.06805;2.32864
3.65207;10.8301;2.07061;2.39864
3.64175;10.8517;2.07318;2.46864
3.63144;10.8733;2.07575;2.53864
3.62113;10.8949;2.07831;2.60864
3.61081;10.9165;2.08088;2.67864
3.6005;10.9381;2.08345;2.74864
3.59019;10.9597;2.08601;2.81864
3.57987;10.9813;2.08858;2.88864
3.56956;11.0029;2.09114;2.95864
3.55925;11.0245;2.09371;3.02864
3.54893;11.0461;2.09628;3.09864
3.53862;11.0677;2.09884;-3.11454
3.52831;11.0893;2.10141;-3.04454
3.51799;11.1109;2.10398;-2.97454
3.50768;11.1325;2.10654;-2.90454
3.49736;11.1541;2.10911;-2.83454
3.48705;11.1757;2.11168;-2.76454
3.47674;11.1973;2.11424;-2.69454
3.46642;11.2189;2.11681;-2.62454
3.45611;11.2405;2.11937;-2.55454
3.4458;11.2622;2.12194;-2.48454
3.43548;11.2838;2.12451;-2.41454
3.42517;11.3054;2.12707;-2.34454
3.41486;11.327;2.12964;-2.27454
3.40454;11.3486;2.13221;-2.20454
3.39423;11.3702;2.13477;-2.13454
3.38392;11.3918;2.13734;-2.06454
3.3736;11.4134;2.1399;-1.99454
3.36329;11.435;2.14247;-1.92454
3.35298;11.4566;2.14504;-1.85454
3.34266;11.4782;2.1476;-1.78454
3.33235;11.4998;2.15017;-1.71454
3.32204;11.5214;2.15274;-1.64454
3.31172;11.543;2.1553;-1.57454
3.30141;11.5646;2.15787;-1.50454
3.29109;11.5862;2.16043;-1.43454
3.28078;11.6078;2.163;-1.36454
3.27047;11.6294;2.16557;-1.29454
3.26015;11.651;2.16813;-1.22454
3.24984;11.6726;2.1707;-1.15454
3.23953;11.6942;2.17327;-1.08454
3.20947;11.7146;2.16747;-1.05024
3.22137;11.6376;2.14926;-1.07986
3.23327;11.5606;2.13105;-1.10947
3.24516;11.4837;2.11284;-1.13908
3.25706;11.4067;2.09463;-1.1687
3.26896;11.3297;2.07642;-1.19831
3.28085;11.2527;2.05821;-1.22792
3.29275;11.1757;2.04;-1.25754
3.30465;11.0987;2.02178;-1.28715
3.31654;11.0217;2.00357;-1.31676
3.32844;10.9448;1.98536;-1.34638
3.34034;10.8678;1.96715;-1.37599
3.35223;10.7908;1.94894;-1.4056
3.36413;10.7138;1.93073;-1.43522
3.37603;10.6368;1.91252;-1.46483
3.38792;10.5598;1.89431;-1.49444
3.39982;10.4828;1.8761;-1.52405
3.41171;10.4059;1.85789;-1.55367
3.42361;10.3289;1.83968;-1.58328
3.43551;10.2519;1.82147;-1.61289
3.4474;10.1749;1.80325;-1.64251
3.4593;10.0979;1.78504;-1.67212
3.4712;10.0209;1.76683;-1.70173
3.48309;9.94394;1.74862;-1.73135
3.49499;9.86695;1.73041;-1.76096
3.50689;9.78997;1.7122;-1.79057
3.51878;9.71298;1.69399;-1.82019
3.53068;9.63599;1.67578;-1.8498
3.54258;9.55901;1.65757;-1.87941
3.55447;9.48202;1.63936;-1.90903
3.55883;9.45385;1.63269;-1.91986
3.58022;9.37684;1.63622;-1.879
3.60161;9.29984;1.63974;-1.83815
3.623;9.22283;1.64327;-1.79729
3.64439;9.14582;1.64679;-1.75643
3.66578;9.06882;1.65032;-1.71557
3.68717;8.99181;1.65385;-1.67472
3.70856;8.9148;1.65737;-1.63386
3.72995;8.8378;1.6609;-1.593
3.75135;8.76079;1.66442;-1.55214
3.77274;8.68378;1.66795;-1.51128
3.79413;8.60678;1.67147;-1.47043
3.81552;8.52977;1.675;-1.42957
3.83691;8.45277;1.67852;-1.38871
3.8583;8.37576;1.68205;-1.34785
3.87969;8.29875;1.68557;-1.30699
3.90108;8.22175;1.6891;-1.26614
3.92247;8.14474;1.69263;-1.22528
3.94386;8.06773;1.69615;-1.18442
3.96526;7.99073;1.69968;-1.14356
3.98665;7.91372;1.7032;-1.10271
4.00804;7.83671;1.70673;-1.06185
4.02943;7.75971;1.71025;-1.02099
4.05082;7.6827;1.71378;-0.980132
4.07221;7.60569;1.7173;-0.939274
4.0936;7.52869;1.72083;-0.898416
4.11499;7.45168;1.72435;-0.857558
4.13638;7.37468;1.72788;-0.8167
4.15777;7.29767;1.73141;-0.775843
4.17917;7.22066;1.73493;-0.734985
4.20056;7.14366;1.73846;-0.694127
4.22195;7.06665;1.74198;-0.653269
4.24334;6.98964;1.74551;-0.612411
4.26473;6.91264;1.74903;-0.571553
4.28612;6.83563;1.75256;-0.530696
4.30751;6.75862;1.75608;-0.489838
4.3289;6.68162;1.75961;-0.44898
4.35029;6.60461;1.76314;-0.408122
4.37169;6.5276;1.76666;-0.367264
4.38748;6.5106;1.74425;-0.349554
4.30897;6.5258;1.74186;-0.384421
4.23046;6.541;1.73946;-0.419289
4.15196;6.55619;1.73706;-0.454156
4.07345;6.57139;1.73466;-0.489024
3.99494;6.58659;1.73227;-0.523892
3.91644;6.60179;1.72987;-0.558759
3.83793;6.61699;1.72747;-0.593627
3.75942;6.63219;1.72508;-0.628494
3.68092;6.64739;1.72268;-0.663362
3.60241;6.66259;1.72028;-0.698229
3.52391;6.67779;1.71788;-0.733097
3.4454;6.69299;1.71549;-0.767964
3.48404;6.70577;1.73507;-0.773135
3.53604;6.64535;1.74181;-0.739209
3.58804;6.58493;1.74855;-0.705284
3.64004;6.52451;1.75529;-0.671358
3.69204;6.4641;1.76203;-0.637433
3.74404;6.40368;1.76878;-0.603507
3.79604;6.34326;1.77552;-0.569582
3.84804;6.28284;1.78226;-0.535656
3.90004;6.22242;1.789;-0.501731
3.95204;6.162;1.79574;-0.467805
4.00404;6.10158;1.80249;-0.43388
4.05604;6.04116;1.80923;-0.399954
4.10804;5.98074;1.81597;-0.366029
4.09016;5.99219;1.80561;-0.35857
4.0359;5.96046;1.81049;-0.42857
3.98163;5.92873;1.81536;-0.49857
3.92737;5.897;1.82023;-0.56857
3.87311;5.86526;1.82511;-0.63857
3.81884;5.83353;1.82998;-0.70857
3.76458;5.8018;1.83486;-0.77857
3.71032;5.77007;1.83973;-0.84857
3.65606;5.73834;1.8446;-0.91857
3.60179;5.70661;1.84948;-0.98857
3.54753;5.67488;1.85435;-1.05857
3.49327;5.64314;1.85922;-1.12857
3.43901;5.61141;1.8641;-1.19857
3.38474;5.57968;1.86897;-1.26857
3.33048;5.54795;1.87384;-1.33857
3.27622;5.51622;1.87872;-1.40857
3.22195;5.48449;1.88359;-1.47857
3.16769;5.45275;1.88846;-1.54857
3.11343;5.42102;1.89334;-1.61857
3.05917;5.38929;1.89821;-1.68857
3.0049;5.35756;1.90308;-1.75857
2.95064;5.32583;1.90796;-1.82857
2.89638;5.2941;1.91283;-1.89857
2.84211;5.26237;1.91771;-1.96857
2.78785;5.23063;1.92258;-2.03857
2.73359;5.1989;1.92745;-2.10857
2.67933;5.16717;1.93233;-2.17857
2.62506;5.13544;1.9372;-2.24857
2.5708;5.10371;1.94207;-2.31857
2.51654;5.07198;1.94695;-2.38857
2.46228;5.04024;1.95182;-2.45857
2.40801;5.00851;1.95669;-2.52857
2.35375;4.97678;1.96157;-2.59857
2.29949;4.94505;1.96644;-2.66857
2.24522;4.91332;1.97131;-2.73857
2.19096;4.88159;1.97619;-2.80857
2.1367;4.84985;1.98106;-2.87857
2.08244;4.81812;1.98594;-2.94857
2.02817;4.78639;1.99081;-3.01857
1.97391;4.75466;1.99568;-3.08857
1.91965;4.72293;2.00056;3.12462
1.86538;4.6912;2.00543;3.05462
1.84148;4.55746;2.04583;3.02377
1.76891;4.59092;2.04227;3.08207
1.69633;4.62438;2.03871;3.14036
1.62375;4.65784;2.03515;-3.08453
1.55117;4.6913;2.03159;-3.02624
1.47859;4.72476;2.02802;-2.96794
1.40601;4.75822;2.02446;-2.90964
1.33343;4.79168;2.0209;-2.85135
1.26085;4.82514;2.01734;-2.79305
1.18827;4.8586;2.01378;-2.73476
1.11569;4.89206;2.01021;-2.67646
1.04311;4.92552;2.00665;-2.61817
0.970533;4.95898;2.00309;-2.55987
0.946831;4.84511;2.00638;-2.55078
0.869594;4.86454;2.01393;-2.56314
0.792357;4.88397;2.02147;-2.5755
0.715121;4.9034;2.02901;-2.58786
0.637884;4.92283;2.03656;-2.60022
0.560648;4.94227;2.0441;-2.61258
0.483411;4.9617;2.05164;-2.62493
0.406175;4.98113;2.05919;-2.63729
0.328938;5.00056;2.06673;-2.64965
0.251701;5.02;2.07428;-2.66201
0.174465;5.03943;2.08182;-2.67437
0.0972283;5.05886;2.08936;-2.68672
0.0199917;5.07829;2.09691;-2.69908
0.0243985;4.9927;2.03604;-2.69969
-0.05423;4.97956;2.04274;-2.74202
-0.132859;4.96641;2.04943;-2.78436
-0.211487;4.95327;2.05612;-2.82669
-0.290116;4.94013;2.06282;-2.86902
-0.368744;4.92698;2.06951;-2.91136
-0.447373;4.91384;2.0762;-2.95369
-0.526001;4.90069;2.0829;-2.99602
-0.60463;4.88755;2.08959;-3.03836
-0.683258;4.87441;2.09628;-3.08069
-0.761887;4.86126;2.10298;-3.12303
-0.840515;4.84812;2.10967;3.11783
-0.919144;4.83498;2.11636;3.07549
-0.919899;4.83095;2.08734;3.06584
-0.989304;4.79358;2.07368;3.10631
-1.05871;4.75621;2.06003;-3.1364
-1.12812;4.71885;2.04637;-3.09593
-1.19752;4.68148;2.03271;-3.05546
-1.26693;4.64411;2.01905;-3.01499
-1.33633;4.60674;2.00539;-2.97452
-1.40574;4.56938;1.99173;-2.93404
-1.47514;4.53201;1.97808;-2.89357
-1.54455;4.49464;1.96442;-2.8531
-1.61396;4.45728;1.95076;-2.81263
-1.68336;4.41991;1.9371;-2.77215
-1.75277;4.38254;1.92344;-2.73168
-1.82217;4.34517;1.90979;-2.69121
-1.89158;4.30781;1.89613;-2.65074
-1.96098;4.27044;1.88247;-2.61027
-2.03039;4.23307;1.86881;-2.56979
-2.0998;4.19571;1.85515;-2.52932
-2.1692;4.15834;1.8415;-2.48885
-2.23861;4.12097;1.82784;-2.44838
-2.30801;4.0836;1.81418;-2.4079
-2.37742;4.04624;1.80052;-2.36743
-2.44682;4.00887;1.78686;-2.32696
-2.51623;3.9715;1.77321;-2.28649
-2.58564;3.93414;1.75955;-2.24602
-2.65504;3.89677;1.74589;-2.20554
-2.67677;3.8764;1.77973;-2.19069
-2.65766;3.87914;1.79481;-2.12069
-2.63855;3.88187;1.80989;-2.05069
-2.61944;3.88461;1.82497;-1.98069
-2.60033;3.88735;1.84005;-1.91069
-2.58122;3.89008;1.85513;-1.84069
-2.56211;3.89282;1.87021;-1.77069
-2.543;3.89556;1.88529;-1.70069
-2.52389;3.89829;1.90037;-1.63069
-2.50478;3.90103;1.91545;-1.56069
-2.48567;3.90377;1.93053;-1.49069
-2.46656;3.9065;1.9456;-1.42069
-2.44745;3.90924;1.96068;-1.35069
-2.42834;3.91198;1.97576;-1.28069
-2.40923;3.91471;1.99084;-1.21069
-2.39012;3.91745;2.00592;-1.14069
-2.37102;3.92019;2.021;-1.07069
-2.35191;3.92292;2.03608;-1.00069
-2.3328;3.92566;2.05116;-0.930687
-2.31369;3.9284;2.06624;-0.860687
-2.29458;3.93113;2.08132;-0.790687
-2.27547;3.93387;2.09639;-0.720687
-2.25636;3.93661;2.11147;-0.650687
-2.23725;3.93934;2.12655;-0.580687
-2.24109;3.93599;2.07195;-0.551999
-2.22924;3.85746;2.06229;-0.601396
-2.21739;3.77894;2.05262;-0.650792
-2.20554;3.70041;2.04296;-0.700189
-2.19369;3.62189;2.03329;-0.749585
-2.18185;3.54336;2.02363;-0.798981
-2.17;3.46484;2.01396;-0.848378
-2.15815;3.38631;2.0043;-0.897774
-2.1463;3.30779;1.99463;-0.94717
-2.13445;3.22926;1.98497;-0.996567
-2.12261;3.15073;1.9753;-1.04596
-2.11076;3.07221;1.96564;-1.09536
-2.09891;2.99368;1.95597;-1.14476
-2.08706;2.91516;1.94631;-1.19415
-2.07521;2.83663;1.93664;-1.24355
-2.06336;2.75811;1.92698;-1.29295
-2.05152;2.67958;1.91731;-1.34234
-2.03967;2.60106;1.90765;-1.39174
-2.02782;2.52253;1.89798;-1.44113
-2.01597;2.44401;1.88832;-1.49053
-2.00412;2.36548;1.87865;-1.53993
-1.99672;2.31641;1.87261;-1.5708
-2.00615;2.23737;1.88056;-1.62095
-2.01558;2.15832;1.8885;-1.67111
-2.02501;2.07928;1.89645;-1.72127
-2.03444;2.00023;1.90439;-1.77143
-2.04387;1.92119;1.91234;-1.82158
-2.0533;1.84215;1.92028;-1.87174
-2.06273;1.7631;1.92823;-1.9219
-2.07216;1.68406;1.93617;-1.97205
-2.08159;1.60501;1.94412;-2.02221
-2.09102;1.52597;1.95206;-2.07237
-2.10046;1.44693;1.96001;-2.12253
-2.10989;1.36788;1.96795;-2.17268
-2.11932;1.28884;1.9759;-2.22284
-2.12875;1.20979;1.98384;-2.273
-2.13818;1.13075;1.99179;-2.32316
-2.14761;1.05171;1.99973;-2.37331
-2.15704;0.972663;2.00768;-2.42347
-2.16647;0.893619;2.01562;-2.47363
-2.1759;0.814575;2.02357;-2.52378
-2.18533;0.735531;2.03151;-2.57394
-2.19476;0.656487;2.03946;-2.6241
-2.20419;0.577443;2.0474;-2.67426
-2.21362;0.498399;2.05534;-2.72441
-2.22305;0.419355;2.06329;-2.77457
-2.23248;0.340311;2.07123;-2.82473
-2.24191;0.261267;2.07918;-2.87489
-2.25134;0.182223;2.08712;-2.92504
-2.26077;0.103179;2.09507;-2.9752
-2.2702;0.0241351;2.10301;-3.02536
-2.27963;-0.0549088;2.11096;-3.07551
-2.28906;-0.133953;2.1189;-3.12567
-2.32106;-0.268304;2.09729;3.13379
-2.29689;-0.262088;2.09871;-3.07939
-2.27272;-0.255873;2.10013;-3.00939
-2.24855;-0.249657;2.10155;-2.93939
-2.22437;-0.243441;2.10296;-2.86939
-2.2002;-0.237225;2.10438;-2.79939
-2.17603;-0.23101;2.1058;-2.72939
-2.15186;-0.224794;2.10722;-2.65939
-2.12769;-0.218578;2.10864;-2.58939
-2.10352;-0.212362;2.11006;-2.51939
-2.07935;-0.206147;2.11147;-2.44939
-2.05518;-0.199931;2.11289;-2.37939
-2.03101;-0.193715;2.11431;-2.30939
-2.00684;-0.187499;2.11573;-2.23939
-1.98267;-0.181284;2.11715;-2.16939
-1.9585;-0.175068;2.11856;-2.09939
-1.93433;-0.168852;2.11998;-2.02939
-1.91016;-0.162636;2.1214;-1.95939
-1.88599;-0.156421;2.12282;-1.88939
-1.86182;-0.150205;2.12424;-1.81939
-1.83765;-0.143989;2.12566;-1.74939
-1.81348;-0.137773;2.12707;-1.67939
-1.78931;-0.131558;2.12849;-1.60939
-1.76514;-0.125342;2.12991;-1.53939
-1.74097;-0.119126;2.13133;-1.46939
-1.7168;-0.11291;2.13275;-1.39939
-1.69263;-0.106695;2.13417;-1.32939
-1.66846;-0.100479;2.13558;-1.25939
-1.64429;-0.0942632;2.137;-1.18939
-1.62012;-0.0880475;2.13842;-1.11939
-1.59595;-0.0818317;2.13984;-1.04939
-1.57177;-0.075616;2.14126;-0.979393
-1.5476;-0.0694002;2.14268;-0.909393
-1.52343;-0.0631845;2.14409;-0.839393
-1.49926;-0.0569687;2.14551;-0.769393
-1.47509;-0.050753;2.14693;-0.699393
-1.45092;-0.0445372;2.14835;-0.629393
-1.42675;-0.0383215;2.14977;-0.559393
-1.40258;-0.0321057;2.15119;-0.489393
-1.37841;-0.02589;2.1526;-0.419393
-1.35424;-0.0196742;2.15402;-0.349393
-1.3542;-0.0980192;2.15606;-0.318583
-1.3742;-0.0731015;2.16177;-0.248583
-1.3942;-0.0481839;2.16749;-0.178583
-1.4142;-0.0232662;2.1732;-0.108583
-1.43419;0.00165146;2.17892;-0.0385829
-1.45419;0.0265691;2.18463;0.0314171
-1.47419;0.0514868;2.19035;0.101417
-1.49418;0.0764045;2.19606;0.171417
-1.51418;0.101322;2.20178;0.241417
-1.53418;0.12624;2.20749;0.311417
-1.55418;0.151157;2.2132;0.381417
-1.57417;0.176075;2.21892;0.451417
-1.59417;0.200993;2.22463;0.521417
-1.61417;0.22591;2.23035;0.591417
-1.63417;0.250828;2.23606;0.661417
-1.65416;0.275746;2.24178;0.731417
-1.67416;0.300663;2.24749;0.801417
-1.69416;0.325581;2.25321;0.871417
-1.71416;0.350499;2.25892;0.941417
-1.73415;0.375416;2.26464;1.01142
-1.75415;0.400334;2.27035;1.08142
-1.77415;0.425252;2.27607;1.15142
-1.79414;0.450169;2.28178;1.22142
-1.81414;0.475087;2.2875;1.29142
-1.83414;0.500005;2.29321;1.36142
-1.85414;0.524922;2.29893;1.43142
-1.83343;0.496431;2.32893;1.45852
-1.80008;0.490827;2.32817;1.38852
-1.76673;0.485223;2.32741;1.31852
-1.73338;0.479619;2.32664;1.24852
-1.70003;0.474014;2.32588;1.17852
-1.66668;0.46841;2.32512;1.10852
-1.63333;0.462806;2.32436;1.03852
-1.59998;0.457202;2.3236;0.968518
-1.56663;0.451598;2.32283;0.898518
-1.53328;0.445994;2.32207;0.828518
-1.49993;0.44039;2.32131;0.758518
-1.46658;0.434786;2.32055;0.688518
-1.43323;0.429182;2.31979;0.618518
-1.39988;0.423578;2.31902;0.548518
-1.36653;0.417974;2.31826;0.478518
-1.33318;0.41237;2.3175;0.408518
-1.29983;0.406766;2.31674;0.338518
-1.26648;0.401162;2.31598;0.268518
-1.23313;0.395558;2.31521;0.198518
-1.19977;0.389954;2.31445;0.128518
-1.16642;0.38435;2.31369;0.0585184
-1.13307;0.378746;2.31293;-0.0114816
-1.09972;0.373141;2.31217;-0.0814816
-1.06637;0.367537;2.3114;-0.151482
-1.03302;0.361933;2.31064;-0.221482
-0.999673;0.356329;2.30988;-0.291482
-0.966322;0.350725;2.30912;-0.361482
-0.932972;0.345121;2.30836;-0.431482
-0.899622;0.339517;2.30759;-0.501482
-0.866271;0.333913;2.30683;-0.571482
-0.869723;0.336089;2.30699;-0.5966
-0.794806;0.313544;2.29028;-0.574107
-0.719888;0.291;2.27357;-0.551615
-0.644971;0.268456;2.25686;-0.529123
-0.570054;0.245912;2.24016;-0.506631
-0.495136;0.223368;2.22345;-0.484138
-0.420219;0.200823;2.20674;-0.461646
-0.345302;0.178279;2.19003;-0.439154
-0.270384;0.155735;2.17332;-0.416662
-0.195467;0.133191;2.15662;-0.394169
-0.12055;0.110647;2.13991;-0.371677
-0.0456323;0.0881023;2.1232;-0.349185
0.0292851;0.0655581;2.10649;-0.326693
0.104202;0.0430139;2.08979;-0.3042
0.17912;0.0204697;2.07308;-0.281708
0.254037;-0.00207457;2.05637;-0.259216
0.328955;-0.0246188;2.03966;-0.236724
0.403872;-0.047163;2.02296;-0.214231
0.478789;-0.0697072;2.00625;-0.191739
0.553707;-0.0922514;1.98954;-0.169247
0.628624;-0.114796;1.97283;-0.146755
0.703541;-0.13734;1.95612;-0.124262
0.778459;-0.159884;1.93942;-0.10177
0.853376;-0.182428;1.92271;-0.079278
0.928293;-0.204973;1.906;-0.0567857
1.00321;-0.227517;1.88929;-0.0342935
1.07813;-0.250061;1.87259;-0.0118012
1.15305;-0.272605;1.85588;0.010691
1.22796;-0.295149;1.83917;0.0331833
1.30288;-0.317694;1.82246;0.0556755
1.3778;-0.340238;1.80575;0.0781678
1.4081;-0.349358;1.799;0.0872665
1.48698;-0.337088;1.79376;0.0619301
1.56586;-0.324818;1.78853;0.0365938
1.64474;-0.312549;1.7833;0.0112575
1.72362;-0.300279;1.77807;-0.0140788
1.8025;-0.28801;1.77284;-0.0394151
1.88138;-0.27574;1.7676;-0.0647514
1.96026;-0.26347;1.76237;-0.0900877
2.03914;-0.251201;1.75714;-0.115424
2.11803;-0.238931;1.75191;-0.14076
2.19691;-0.226662;1.74668;-0.166097
2.27579;-0.214392;1.74144;-0.191433
2.35467;-0.202123;1.73621;-0.216769
2.43355;-0.189853;1.73098;-0.242106
2.51243;-0.177583;1.72575;-0.267442
2.59131;-0.165314;1.72052;-0.292778
2.67019;-0.153044;1.71528;-0.318115
2.74907;-0.140775;1.71005;-0.343451
2.82795;-0.128505;1.70482;-0.368787
2.90683;-0.116235;1.69959;-0.394124
2.98571;-0.103966;1.69436;-0.41946
3.06459;-0.0916963;1.68912;-0.444796
3.14347;-0.0794267;1.68389;-0.470132
3.22235;-0.0671571;1.67866;-0.495469
3.30123;-0.0548875;1.67343;-0.520805
3.4186;-0.055994;1.70058;-0.528436
3.47705;-0.0847333;1.71417;-0.458436
3.53551;-0.113472;1.72775;-0.388436
3.59396;-0.142212;1.74134;-0.318436
3.65241;-0.170951;1.75492;-0.248436
3.71087;-0.19969;1.7685;-0.178436
3.76932;-0.228429;1.78209;-0.108436
3.82777;-0.257169;1.79567;-0.0384358
3.88623;-0.285908;1.80925;0.0315642
3.94468;-0.314647;1.82284;0.101564
4.00313;-0.343386;1.83642;0.171564
4.06159;-0.372126;1.85;0.241564
4.12004;-0.400865;1.86359;0.311564
4.1785;-0.429604;1.87717;0.381564
4.23695;-0.458343;1.89075;0.451564
4.2954;-0.487083;1.90434;0.521564
4.37773;-0.485248;1.88009;0.539569
4.41873;-0.495361;1.83444;0.469569
4.45974;-0.505474;1.78879;0.399569
4.50075;-0.515588;1.74314;0.329569
4.54176;-0.525701;1.69749;0.259569
4.58276;-0.535814;1.65184;0.189569
4.62377;-0.545927;1.60619;0.119569
4.66478;-0.556041;1.56054;0.0495686
4.70579;-0.566154;1.51489;-0.0204314
4.74679;-0.576267;1.46923;-0.0904314
4.7878;-0.58638;1.42358;-0.160431
4.82881;-0.596494;1.37793;-0.230431
4.86982;-0.606607;1.33228;-0.300431
4.92206;-0.617515;1.36551;-0.314161
4.99812;-0.598936;1.38195;-0.316953
5.07418;-0.580358;1.39838;-0.319746
5.15024;-0.561779;1.41481;-0.322538
5.22629;-0.543201;1.43125;-0.325331
5.30235;-0.524622;1.44768;-0.328123
5.37841;-0.506043;1.46411;-0.330915
5.45447;-0.487465;1.48055;-0.333708
5.53052;-0.468886;1.49698;-0.3365
5.60658;-0.450308;1.51341;-0.339292
5.68264;-0.431729;1.52984;-0.342085
5.7587;-0.413151;1.54628;-0.344877
5.83476;-0.394572;1.56271;-0.34767
5.85096;-0.358085;1.54102;-0.35145
5.8444;-0.367831;1.54791;-0.42145
5.83783;-0.377578;1.5548;-0.49145
5.83126;-0.387324;1.5617;-0.56145
5.8247;-0.39707;1.56859;-0.63145
5.88311;-0.341736;1.56992;-0.638842
5.96172;-0.347545;1.58362;-0.6237
6.04032;-0.353354;1.59732;-0.608557
6.11893;-0.359163;1.61102;-0.593415
6.19753;-0.364972;1.62472;-0.578272
6.27613;-0.370782;1.63842;-0.56313
6.35474;-0.376591;1.65211;-0.547988
6.43334;-0.3824;1.66581;-0.532845
6.51195;-0.388209;1.67951;-0.517703
6.59055;-0.394018;1.69321;-0.50256
6.66916;-0.399827;1.70691;-0.487418
6.74776;-0.405636;1.7206;-0.472276
6.82636;-0.411445;1.7343;-0.457133
6.90497;-0.417254;1.748;-0.441991
6.98357;-0.423063;1.7617;-0.426849
7.06218;-0.428872;1.7754;-0.411706
7.14078;-0.434681;1.78909;-0.396564
7.21938;-0.44049;1.80279;-0.381421
7.29799;-0.446299;1.81649;-0.366279
7.37659;-0.452108;1.83019;-0.351137
7.4552;-0.457917;1.84389;-0.335994
7.5338;-0.463726;1.85759;-0.320852
7.61241;-0.469535;1.87128;-0.30571
7.69101;-0.475344;1.88498;-0.290567
7.76961;-0.481153;1.89868;-0.275425
7.83942;-0.52259;1.93788;-0.271512
7.91792;-0.515772;1.95174;-0.221866
7.99641;-0.508955;1.9656;-0.17222
8.07491;-0.502137;1.97946;-0.122573
8.1534;-0.495319;1.99332;-0.0729271
8.2319;-0.488502;2.00718;-0.0232809
8.31039;-0.481684;2.02104;0.0263653
8.38889;-0.474866;2.03491;0.0760116
8.46738;-0.468049;2.04877;0.125658
8.54588;-0.461231;2.06263;0.175304
8.62437;-0.454413;2.07649;0.22495
8.70286;-0.447596;2.09035;0.274597
8.78136;-0.440778;2.10421;0.324243
8.85171;-0.481401;2.14448;0.3356
8.87908;-0.471078;2.1537;0.4056
8.90645;-0.460755;2.16292;0.4756
8.93382;-0.450432;2.17213;0.5456
8.96119;-0.440109;2.18135;0.6156
8.98856;-0.429786;2.19057;0.6856
9.01593;-0.419463;2.19979;0.7556
9.0433;-0.40914;2.20901;0.8256
9.07067;-0.398817;2.21823;0.8956
9.09804;-0.388494;2.22744;0.9656
9.12541;-0.378171;2.23666;1.0356
9.15278;-0.367848;2.24588;1.1056
9.18015;-0.357525;2.2551;1.1756
9.20752;-0.347202;2.26432;1.2456
9.23489;-0.336879;2.27354;1.3156
9.26225;-0.326556;2.28275;1.3856
9.28962;-0.316233;2.29197;1.4556
9.31699;-0.30591;2.30119;1.5256
9.34436;-0.295587;2.31041;1.5956
9.37173;-0.285264;2.31963;1.6656
9.3991;-0.274941;2.32885;1.7356
9.42647;-0.264618;2.33806;1.8056
9.45384;-0.254295;2.34728;1.8756
9.48121;-0.243972;2.3565;1.9456
9.50858;-0.23365;2.36572;2.0156
9.53595;-0.223327;2.37494;2.0856
9.56332;-0.213004;2.38415;2.1556
9.59069;-0.202681;2.39337;2.2256
9.61806;-0.192358;2.40259;2.2956
9.64543;-0.182035;2.41181;2.3656
9.67279;-0.171712;2.42103;2.4356
9.70016;-0.161389;2.43025;2.5056
9.72753;-0.151066;2.43946;2.5756
9.83811;-0.137352;2.45531;2.60157
9.80764;-0.14798;2.44571;2.53157
9.77717;-0.158608;2.43611;2.46157
9.7467;-0.169237;2.42651;2.39157
9.71623;-0.179865;2.4169;2.32157
9.68576;-0.190493;2.4073;2.25157
9.65528;-0.201122;2.3977;2.18157
9.62481;-0.21175;2.3881;2.11157
9.59434;-0.222378;2.3785;2.04157
9.56387;-0.233007;2.36889;1.97157
9.5334;-0.243635;2.35929;1.90157
9.50293;-0.254263;2.34969;1.83157
9.47245;-0.264892;2.34009;1.76157
9.44198;-0.27552;2.33048;1.69157
9.41151;-0.286148;2.32088;1.62157
9.38104;-0.296776;2.31128;1.55157
9.35057;-0.307405;2.30168;1.48157
9.3201;-0.318033;2.29208;1.41157
9.28962;-0.328661;2.28247;1.34157
9.25915;-0.33929;2.27287;1.27157
9.22868;-0.349918;2.26327;1.20157
9.19821;-0.360546;2.25367;1.13157
9.16774;-0.371175;2.24406;1.06157
9.13726;-0.381803;2.23446;0.991572
9.10679;-0.392431;2.22486;0.921572
9.07632;-0.40306;2.21526;0.851572
9.04585;-0.413688;2.20566;0.781572
9.01538;-0.424316;2.19605;0.711572
8.98491;-0.434945;2.18645;0.641572
8.95443;-0.445573;2.17685;0.571572
8.92396;-0.456201;2.16725;0.501572
8.89349;-0.466829;2.15764;0.431572
8.86302;-0.477458;2.14804;0.361572
8.90556;-0.474011;2.17057;0.337663
8.91006;-0.476005;2.17218;0.407663
8.91455;-0.477999;2.1738;0.477663
8.91905;-0.479993;2.17542;0.547663
8.92355;-0.481987;2.17703;0.617663
8.92804;-0.483981;2.17865;0.687663
8.93254;-0.485975;2.18027;0.757663
8.93704;-0.487969;2.18188;0.827663
8.94153;-0.489963;2.1835;0.897663
8.94603;-0.491957;2.18511;0.967663
8.95053;-0.493951;2.18673;1.03766
8.95502;-0.495945;2.18835;1.10766
8.95952;-0.497939;2.18996;1.17766
8.96402;-0.499933;2.19158;1.24766
8.96851;-0.501927;2.1932;1.31766
8.97301;-0.503921;2.19481;1.38766
8.97751;-0.505915;2.19643;1.45766
8.982;-0.507909;2.19804;1.52766
8.9865;-0.509903;2.19966;1.59766
8.991;-0.511897;2.20128;1.66766
8.99549;-0.513891;2.20289;1.73766
8.99999;-0.515885;2.20451;1.80766
9.00449;-0.517879;2.20613;1.87766
9.00898;-0.519873;2.20774;1.94766
9.01348;-0.521867;2.20936;2.01766
9.01798;-0.523861;2.21097;2.08766
9.02247;-0.525855;2.21259;2.15766
9.02697;-0.527849;2.21421;2.22766
9.03147;-0.529843;2.21582;2.29766
9.03596;-0.531837;2.21744;2.36766
9.04046;-0.533831;2.21906;2.43766
9.04496;-0.535825;2.22067;2.50766
9.04945;-0.537819;2.22229;2.57766
9.05395;-0.539813;2.2239;2.64766
9.05844;-0.541807;2.22552;2.71766
9.06294;-0.543801;2.22714;2.78766
9.06744;-0.545795;2.22875;2.85766
9.07193;-0.547789;2.23037;2.92766
9.07643;-0.549783;2.23199;2.99766
9.08093;-0.551777;2.2336;3.06766
9.08542;-0.553771;2.23522;3.13766
9.07204;-0.514367;2.18258;-3.11407
9.00005;-0.515317;2.14769;-3.11627
8.92807;-0.516267;2.1128;-3.11847
8.85608;-0.517216;2.07791;-3.12067
8.7841;-0.518166;2.04302;-3.12288
8.71211;-0.519116;2.00813;-3.12508
8.64013;-0.520066;1.97324;-3.12728
8.56814;-0.521016;1.93835;-3.12948
8.49616;-0.521966;1.90347;-3.13168
8.42417;-0.522915;1.86858;-3.13389
8.35219;-0.523865;1.83369;-3.13609
8.2802;-0.524815;1.7988;-3.13829
8.20822;-0.525765;1.76391;-3.14049
8.17222;-0.52624;1.74647;-3.14159
8.09227;-0.524774;1.7488;3.12514
8.01232;-0.523308;1.75114;3.10869
7.93237;-0.521842;1.75348;3.09223
7.85241;-0.520376;1.75582;3.07578
7.77246;-0.51891;1.75816;3.05933
7.69251;-0.517444;1.7605;3.04287
7.61256;-0.515978;1.76283;3.02642
7.5326;-0.514512;1.76517;3.00997
7.45265;-0.513046;1.76751;2.99351
7.3727;-0.51158;1.76985;2.97706
7.29275;-0.510114;1.77219;2.96061
7.21279;-0.508648;1.77453;2.94416
7.13284;-0.507183;1.77686;2.9277
7.05289;-0.505717;1.7792;2.91125
6.97294;-0.504251;1.78154;2.8948
6.89298;-0.502785;1.78388;2.87834
6.81303;-0.501319;1.78622;2.86189
6.73308;-0.499853;1.78856;2.84544
6.65313;-0.498387;1.79089;2.82898
6.57318;-0.496921;1.79323;2.81253
6.49322;-0.495455;1.79557;2.79608
6.41327;-0.493989;1.79791;2.77962
6.33332;-0.492523;1.80025;2.76317
6.25337;-0.491057;1.80259;2.74672
6.17341;-0.489591;1.80492;2.73026
6.09346;-0.488125;1.80726;2.71381
6.01351;-0.486659;1.8096;2.69736
5.93356;-0.485193;1.81194;2.6809
5.8536;-0.483727;1.81428;2.66445
5.77365;-0.482261;1.81661;2.648
5.6937;-0.480795;1.81895;2.63155
5.61375;-0.479329;1.82129;2.61509
5.53379;-0.477863;1.82363;2.59864
5.45384;-0.476397;1.82597;2.58219
5.37389;-0.474932;1.82831;2.56573
5.29394;-0.473466;1.83064;2.54928
5.21398;-0.472;1.83298;2.53283
5.20378;-0.471813;1.83328;2.53073
5.13143;-0.44118;1.81821;2.54469
5.05908;-0.410548;1.80314;2.55865
4.98673;-0.379916;1.78807;2.57262
4.91438;-0.349283;1.773;2.58658
4.84203;-0.318651;1.75793;2.60054
4.76968;-0.288019;1.74286;2.6145
4.69733;-0.257386;1.72779;2.62847
4.62498;-0.226754;1.71272;2.64243
4.55263;-0.196122;1.69765;2.65639
4.48028;-0.16549;1.68257;2.67035
4.40793;-0.134857;1.6675;2.68432
4.33558;-0.104225;1.65243;2.69828
4.29941;-0.0889087;1.6449;2.70526
4.27115;-0.0764647;1.67076;2.77526
4.2429;-0.0640207;1.69662;2.84526
4.21464;-0.0515767;1.72248;2.91526
4.18639;-0.0391327;1.74834;2.98526
4.15813;-0.0266887;1.7742;3.05526
4.12987;-0.0142447;1.80006;3.12526
4.10162;-0.00180068;1.82592;-3.08792
4.07336;0.0106433;1.85178;-3.01792
4.04511;0.0230873;1.87765;-2.94792
4.01685;0.0355313;1.90351;-2.87792
3.9886;0.0479754;1.92937;-2.80792
3.96034;0.0604194;1.95523;-2.73792
3.93208;0.0728634;1.98109;-2.66792
3.90383;0.0853074;2.00695;-2.59792
3.87557;0.0977514;2.03281;-2.52792
3.84732;0.110195;2.05867;-2.45792
3.81906;0.122639;2.08453;-2.38792
3.79081;0.135083;2.11039;-2.31792
3.76255;0.147527;2.13625;-2.24792
3.73429;0.159971;2.16211;-2.17792
3.70604;0.172415;2.18798;-2.10792
3.67778;0.184859;2.21384;-2.03792
3.64953;0.197303;2.2397;-1.96792
3.62127;0.209747;2.26556;-1.89792
3.59302;0.222191;2.29142;-1.82792
3.56476;0.234635;2.31728;-1.75792
3.5365;0.247079;2.34314;-1.68792
3.50825;0.259523;2.369;-1.61792
3.47999;0.271968;2.39486;-1.54792
3.45174;0.284412;2.42072;-1.47792
3.42348;0.296856;2.44658;-1.40792
3.29819;0.28821;2.3856;-1.37953
3.28223;0.293815;2.38692;-1.44953
3.26627;0.299419;2.38823;-1.51953
3.25031;0.305023;2.38955;-1.58953
3.23436;0.310627;2.39087;-1.65953
3.2184;0.316232;2.39218;-1.72953
3.20244;0.321836;2.3935;-1.79953
3.18648;0.32744;2.39482;-1.86953
3.17053;0.333044;2.39613;-1.93953
3.15457;0.338649;2.39745;-2.00953
3.13861;0.344253;2.39876;-2.07953
3.12266;0.349857;2.40008;-2.14953
3.1067;0.355461;2.4014;-2.21953
3.09074;0.361066;2.40271;-2.28953
3.07478;0.36667;2.40403;-2.35953
3.05883;0.372274;2.40535;-2.42953
3.04287;0.377878;2.40666;-2.49953
3.02691;0.383483;2.40798;-2.56953
3.01095;0.389087;2.40929;-2.63953
2.995;0.394691;2.41061;-2.70953
2.97904;0.400295;2.41193;-2.77953
2.96308;0.4059;2.41324;-2.84953
2.94712;0.411504;2.41456;-2.91953
2.89248;0.410026;2.3904;-2.94036
2.90436;0.409407;2.3866;-3.01036
2.91623;0.408787;2.38281;-3.08036
2.92811;0.408167;2.37902;3.13283
2.93999;0.407548;2.37523;3.06283
2.95187;0.406928;2.37144;2.99283
2.96375;0.406308;2.36765;2.92283
2.97563;0.405689;2.36385;2.85283
2.98751;0.405069;2.36006;2.78283
2.99939;0.40445;2.35627;2.71283
3.01127;0.40383;2.35248;2.64283
3.02315;0.40321;2.34869;2.57283
3.03503;0.402591;2.34489;2.50283
3.0469;0.401971;2.3411;2.43283
3.05878;0.401351;2.33731;2.36283
3.07066;0.400732;2.33352;2.29283
3.08254;0.400112;2.32973;2.22283
3.09442;0.399492;2.32593;2.15283
3.1063;0.398873;2.32214;2.08283
3.11818;0.398253;2.31835;2.01283
3.13006;0.397633;2.31456;1.94283
3.14194;0.397014;2.31077;1.87283
3.15382;0.396394;2.30698;1.80283
3.1657;0.395775;2.30318;1.73283
3.17757;0.395155;2.29939;1.66283
3.18945;0.394535;2.2956;1.59283
3.20133;0.393916;2.29181;1.52283
3.21321;0.393296;2.28802;1.45283
3.22509;0.392676;2.28422;1.38283
3.23697;0.392057;2.28043;1.31283
3.24885;0.391437;2.27664;1.24283
3.26073;0.390817;2.27285;1.17283
3.27261;0.390198;2.26906;1.10283
3.28449;0.389578;2.26527;1.03283
3.29637;0.388958;2.26147;0.962825
3.30824;0.388339;2.25768;0.892825
3.29292;0.417234;2.31816;0.862543
3.31012;0.492604;2.29758;0.87121
3.32732;0.567974;2.27699;0.879877
3.34452;0.643344;2.25641;0.888544
3.36172;0.718714;2.23583;0.897211
3.37891;0.794084;2.21525;0.905879
3.39611;0.869455;2.19467;0.914546
3.41331;0.944825;2.17409;0.923213
3.43051;1.02019;2.15351;0.93188
3.44771;1.09557;2.13293;0.940547
3.46491;1.17094;2.11235;0.949215
3.4821;1.24631;2.09177;0.957882
3.4993;1.32168;2.07119;0.966549
3.5165;1.39705;2.05061;0.975216
3.5337;1.47242;2.03003;0.983883
3.5509;1.54779;2.00945;0.99255
3.5681;1.62316;1.98887;1.00122
3.58529;1.69853;1.96829;1.00988
3.60249;1.7739;1.94771;1.01855
3.61969;1.84927;1.92713;1.02722
3.63689;1.92464;1.90655;1.03589
3.65409;2.00001;1.88597;1.04455
3.6159;2.02135;1.88071;1.04332
3.55466;2.0019;1.92836;1.01222
3.49341;1.98245;1.97601;0.981127
3.43216;1.963;2.02366;0.95003
3.37092;1.94354;2.07131;0.918932
3.30967;1.92409;2.11897;0.887835
3.24843;1.90464;2.16662;0.856738
3.18718;1.88519;2.21427;0.825641
3.12594;1.86574;2.26192;0.794544
3.09136;1.90497;2.1472;0.789267
3.1018;1.9842;2.15088;0.788958
3.11224;2.06343;2.15457;0.788648
3.12268;2.14266;2.15826;0.788339
3.13312;2.22189;2.16194;0.788029
3.14357;2.30112;2.16563;0.78772
3.15401;2.38035;2.16931;0.78741
3.16445;2.45958;2.173;0.787101
3.17489;2.53881;2.17668;0.786791
3.18533;2.61804;2.18037;0.786482
3.19577;2.69727;2.18405;0.786172
3.20621;2.7765;2.18774;0.785862
3.21665;2.85573;2.19143;0.785553
3.17936;2.8867;2.11343;0.783975
3.1476;2.95927;2.10228;0.777108
3.11584;3.03185;2.09113;0.77024
3.08408;3.10442;2.07999;0.763373
3.05232;3.177;2.06884;0.756505
3.02056;3.24957;2.05769;0.749638
2.9888;3.32215;2.04654;0.74277
2.95704;3.39472;2.0354;0.735903
2.92528;3.46729;2.02425;0.729035
2.89352;3.53987;2.0131;0.722168
2.86177;3.61244;2.00195;0.7153
2.83001;3.68502;1.99081;0.708433
2.79825;3.75759;1.97966;0.701565
2.76912;3.77764;1.95298;0.698608
2.81354;3.84388;1.94668;0.723609
2.85797;3.91011;1.94038;0.74861
2.90239;3.97634;1.93408;0.773611
2.94681;4.04258;1.92778;0.798612
2.99123;4.10881;1.92148;0.823613
3.03566;4.17505;1.91518;0.848614
3.08008;4.24128;1.90888;0.873614
3.1245;4.30751;1.90258;0.898615
3.16893;4.37375;1.89628;0.923616
3.21335;4.43998;1.88998;0.948617
3.25777;4.50622;1.88368;0.973618
3.30219;4.57245;1.87738;0.998619
3.34662;4.63868;1.87108;1.02362
3.39104;4.70492;1.86478;1.04862
3.43546;4.77115;1.85848;1.07362
3.47988;4.83739;1.85219;1.09862
3.52431;4.90362;1.84589;1.12362
3.56873;4.96985;1.83959;1.14862
3.61315;5.03609;1.83329;1.17362
3.65757;5.10232;1.82699;1.19863
3.702;5.16856;1.82069;1.22363
3.74642;5.23479;1.81439;1.24863
3.79084;5.30102;1.80809;1.27363
3.83526;5.36726;1.80179;1.29863
3.87969;5.43349;1.79549;1.32363
3.92411;5.49973;1.78919;1.34863
3.96853;5.56596;1.78289;1.37363
4.00875;5.62592;1.77719;1.39626
4.0419;5.64459;1.77382;1.32626
4.07505;5.66326;1.77045;1.25626
4.1082;5.68193;1.76708;1.18626
4.14136;5.7006;1.76371;1.11626
4.17451;5.71927;1.76035;1.04626
4.20766;5.73794;1.75698;0.976263
4.24082;5.75661;1.75361;0.906263
4.27397;5.77528;1.75024;0.836263
4.30712;5.79395;1.74687;0.766263
4.34027;5.81262;1.74351;0.696263
4.37343;5.83129;1.74014;0.626263
4.40658;5.84996;1.73677;0.556263
4.43973;5.86863;1.7334;0.486263
4.47289;5.8873;1.73004;0.416263
4.50604;5.90597;1.72667;0.346263
4.53919;5.92464;1.7233;0.276263
4.57235;5.94331;1.71993;0.206263
4.6055;5.96198;1.71656;0.136263
4.63865;5.98065;1.7132;0.0662634
4.6718;5.99932;1.70983;-0.0037366
4.70496;6.01799;1.70646;-0.0737366
4.73811;6.03666;1.70309;-0.143737
4.77126;6.05533;1.69972;-0.213737
4.80442;6.074;1.69636;-0.283737
4.83757;6.09267;1.69299;-0.353737
4.87072;6.11134;1.68962;-0.423737
4.87669;6.1147;1.68901;-0.436332
4.95275;6.13606;1.70158;-0.436332
5.02881;6.15742;1.71415;-0.436332
5.10488;6.17879;1.72672;-0.436332
5.18094;6.20015;1.73929;-0.436332
5.257;6.22151;1.75186;-0.436332
5.33307;6.24288;1.76443;-0.436332
5.40913;6.26424;1.777;-0.436332
5.48519;6.2856;1.78957;-0.436332
5.56126;6.30696;1.80214;-0.436332
5.63732;6.32833;1.81471;-0.436332
5.71338;6.34969;1.82728;-0.436332
5.78945;6.37105;1.83985;-0.436332
5.79292;6.4001;1.7451;-0.449602
5.87284;6.40101;1.74863;-0.497409
5.95276;6.40193;1.75217;-0.545217
6.03267;6.40284;1.7557;-0.593025
6.11259;6.40376;1.75923;-0.640832
6.19251;6.40467;1.76276;-0.68864
6.27242;6.40559;1.7663;-0.736448
6.35234;6.40651;1.76983;-0.784255
6.43226;6.40742;1.77336;-0.832063
6.51217;6.40834;1.77689;-0.879871
6.59209;6.40925;1.78043;-0.927678
6.67201;6.41017;1.78396;-0.975486
6.75192;6.41108;1.78749;-1.02329
6.73526;6.38886;1.7411;-1.03663
6.65724;6.37734;1.72765;-0.995589
6.57922;6.36583;1.71421;-0.954547
6.50121;6.35431;1.70076;-0.913504
6.42319;6.3428;1.68732;-0.872461
6.34517;6.33128;1.67387;-0.831419
6.26716;6.31977;1.66043;-0.790376
6.18914;6.30826;1.64699;-0.749333
6.11112;6.29674;1.63354;-0.708291
6.0331;6.28523;1.6201;-0.667248
5.95509;6.27371;1.60665;-0.626205
5.87707;6.2622;1.59321;-0.585163
5.79905;6.25068;1.57977;-0.54412
5.84164;6.24105;1.5933;-0.53666
5.89268;6.1802;1.60292;-0.55656
5.94372;6.11936;1.61253;-0.576459
5.99476;6.05851;1.62214;-0.596358
6.0458;5.99766;1.63175;-0.616257
6.09684;5.93681;1.64137;-0.636156
6.14787;5.87596;1.65098;-0.656055
6.19891;5.81511;1.66059;-0.675954
6.24995;5.75426;1.6702;-0.695853
6.30099;5.69341;1.67982;-0.715752
6.35203;5.63256;1.68943;-0.735651
6.40307;5.57171;1.69904;-0.75555
6.45411;5.51086;1.70866;-0.775449
6.51127;5.50517;1.72184;-0.778517
6.53348;5.4284;1.72562;-0.765105
6.55569;5.35164;1.72939;-0.751693
6.57791;5.27488;1.73317;-0.738281
6.60012;5.19812;1.73694;-0.724869
6.62233;5.12136;1.74072;-0.711456
6.64454;5.0446;1.74449;-0.698044
6.66676;4.96784;1.74827;-0.684632
6.68897;4.89107;1.75205;-0.67122
6.71118;4.81431;1.75582;-0.657808
6.7334;4.73755;1.7596;-0.644396
6.75561;4.66079;1.76337;-0.630983
6.77782;4.58403;1.76715;-0.617571
6.85737;4.58021;1.79119;-0.614286
6.88046;4.60692;1.78683;-0.684286
6.90356;4.63363;1.78248;-0.754286
6.92665;4.66034;1.77812;-0.824286
6.94974;4.68705;1.77377;-0.894286
6.97283;4.71376;1.76942;-0.964286
6.99593;4.74047;1.76506;-1.03429
7.01902;4.76718;1.76071;-1.10429
7.04211;4.79389;1.75635;-1.17429
7.0652;4.8206;1.752;-1.24429
7.12425;4.78886;1.78577;-1.25745
7.13873;4.79655;1.76436;-1.18745
7.15322;4.80425;1.74295;-1.11745
7.16771;4.81194;1.72153;-1.04745
7.18219;4.81963;1.70012;-0.977445
7.19668;4.82732;1.67871;-0.907445
7.21116;4.83501;1.65729;-0.837445
7.22565;4.8427;1.63588;-0.767445
7.24014;4.85039;1.61447;-0.697445
7.25462;4.85808;1.59305;-0.627445
7.26911;4.86577;1.57164;-0.557445
7.2836;4.87346;1.55023;-0.487445
7.29808;4.88115;1.52881;-0.417445
7.31257;4.88884;1.5074;-0.347445
7.32706;4.89653;1.48599;-0.277445
7.34154;4.90422;1.46457;-0.207445
7.35603;4.91191;1.44316;-0.137445
7.37052;4.9196;1.42174;-0.0674454
7.385;4.92729;1.40033;0.00255456
7.39949;4.93498;1.37892;0.0725546
7.41398;4.94268;1.3575;0.142555
7.42846;4.95037;1.33609;0.212555
7.44295;4.95806;1.31468;0.282555
7.45744;4.96575;1.29326;0.352555
7.47192;4.97344;1.27185;0.422555
7.41072;4.92485;1.32143;0.449027
7.48283;4.95797;1.33162;0.427067
7.55493;4.9911;1.3418;0.405108
7.62704;5.02422;1.35198;0.383148
7.69914;5.05735;1.36217;0.361189
7.77125;5.09047;1.37235;0.339229
7.84335;5.1236;1.38254;0.31727
7.91545;5.15672;1.39272;0.29531
7.98756;5.18985;1.4029;0.273351
8.05966;5.22297;1.41309;0.251391
8.13177;5.2561;1.42327;0.229432
8.20387;5.28922;1.43345;0.207472
8.27598;5.32235;1.44364;0.185513
8.25457;5.28205;1.44115;0.184936
8.31246;5.2294;1.45781;0.128344
8.37034;5.17675;1.47447;0.0717529
8.42823;5.12411;1.49113;0.0151616
8.48611;5.07146;1.50779;-0.0414296
8.544;5.01881;1.52445;-0.0980209
8.60188;4.96617;1.54111;-0.154612
8.65977;4.91352;1.55777;-0.211204
8.71766;4.86087;1.57443;-0.267795
8.77554;4.80823;1.59109;-0.324386
8.83343;4.75558;1.60775;-0.380977
8.89131;4.70293;1.62441;-0.437569
8.9492;4.65029;1.64108;-0.49416
9.00708;4.59764;1.65774;-0.550751
9.06497;4.54499;1.6744;-0.607343
9.12286;4.49235;1.69106;-0.663934
9.18074;4.4397;1.70772;-0.720525
9.23863;4.38705;1.72438;-0.777116
9.29651;4.33441;1.74104;-0.833708
9.3544;4.28176;1.7577;-0.890299
9.41228;4.22911;1.77436;-0.94689
9.41434;4.26045;1.76249;-0.966369
9.42023;4.26602;1.76927;-0.896369
9.42612;4.27159;1.77606;-0.826369
9.43201;4.27716;1.78284;-0.756369
9.43789;4.28273;1.78962;-0.686369
9.44378;4.2883;1.7964;-0.616369
9.44967;4.29387;1.80319;-0.546369
9.45556;4.29944;1.80997;-0.476369
9.46145;4.30501;1.81675;-0.406369
9.46734;4.31057;1.82354;-0.336369
9.47323;4.31614;1.83032;-0.266369
9.47912;4.32171;1.8371;-0.196369
9.485;4.32728;1.84388;-0.126369
9.49089;4.33285;1.85067;-0.0563691
9.49678;4.33842;1.85745;0.0136309
9.50267;4.34399;1.86423;0.0836309
9.50856;4.34956;1.87102;0.153631
9.51445;4.35513;1.8778;0.223631
9.52034;4.3607;1.88458;0.293631
9.52623;4.36627;1.89137;0.363631
9.53211;4.37184;1.89815;0.433631
9.538;4.37741;1.90493;0.503631
9.54389;4.38297;1.91171;0.573631
9.54978;4.38854;1.9185;0.643631
9.55567;4.39411;1.92528;0.713631
9.56156;4.39968;1.93206;0.783631
9.56745;4.40525;1.93885;0.853631
9.57334;4.41082;1.94563;0.923631
9.57922;4.41639;1.95241;0.993631
9.61009;4.40252;1.97484;1.01874
9.61208;4.40826;1.97202;1.08874
9.61406;4.41399;1.9692;1.15874
9.61605;4.41973;1.96638;1.22874
9.61804;4.42546;1.96356;1.29874
9.62003;4.4312;1.96074;1.36874
9.62202;4.43693;1.95792;1.43874
9.624;4.44267;1.9551;1.50874
9.62599;4.4484;1.95227;1.57874
9.62798;4.45414;1.94945;1.64874
9.62997;4.45987;1.94663;1.71874
9.63196;4.46561;1.94381;1.78874
9.63394;4.47135;1.94099;1.85874
9.63593;4.47708;1.93817;1.92874
9.63792;4.48282;1.93535;1.99874
9.63991;4.48855;1.93253;2.06874
9.6419;4.49429;1.92971;2.13874
9.64388;4.50002;1.92689;2.20874
9.64587;4.50576;1.92407;2.27874
9.64786;4.51149;1.92125;2.34874
9.64985;4.51723;1.91843;2.41874
9.65184;4.52296;1.9156;2.48874
9.65382;4.5287;1.91278;2.55874
9.65581;4.53443;1.90996;2.62874
9.6578;4.54017;1.90714;2.69874
9.65979;4.5459;1.90432;2.76874
9.66178;4.55164;1.9015;2.83874
9.66376;4.55737;1.89868;2.90874
9.66575;4.56311;1.89586;2.97874
9.66774;4.56884;1.89304;3.04874
9.66973;4.57458;1.89022;3.11874
9.67172;4.58031;1.8874;-3.09444
9.6737;4.58605;1.88458;-3.02444
9.72283;4.59734;1.91111;-2.99425
9.70161;4.54435;1.85506;-2.95388
9.68039;4.49136;1.79901;-2.91352
9.71098;4.53219;1.8321;-2.90307
9.72295;4.4532;1.83616;-2.88724
9.73492;4.3742;1.84021;-2.87142
9.74689;4.29521;1.84427;-2.85559
9.75886;4.21621;1.84832;-2.83977
9.77083;4.13722;1.85237;-2.82394
9.7828;4.05822;1.85643;-2.80812
9.79478;3.97923;1.86048;-2.79229
9.80675;3.90023;1.86454;-2.77647
9.81872;3.82124;1.86859;-2.76065
9.83069;3.74224;1.87265;-2.74482
9.84266;3.66325;1.8767;-2.729
9.85463;3.58425;1.88076;-2.71317
9.86805;3.62835;1.90917;-2.70831
9.80782;3.5757;1.90883;-2.70822
9.74759;3.52305;1.9085;-2.70813
9.68736;3.4704;1.90817;-2.70805
9.62712;3.41775;1.90783;-2.70796
9.56689;3.3651;1.9075;-2.70787
9.50666;3.31245;1.90716;-2.70779
9.44643;3.2598;1.90683;-2.7077
9.38619;3.20715;1.90649;-2.70761
9.32596;3.1545;1.90616;-2.70753
9.26573;3.10186;1.90583;-2.70744
9.2055;3.04921;1.90549;-2.70735
9.14526;2.99656;1.90516;-2.70726
9.08503;2.94391;1.90482;-2.70718
9.0248;2.89126;1.90449;-2.70709
8.96457;2.83861;1.90415;-2.707
8.90433;2.78596;1.90382;-2.70692
8.8441;2.73331;1.90349;-2.70683
8.78387;2.68066;1.90315;-2.70674
8.72364;2.62801;1.90282;-2.70666
8.6634;2.57536;1.90248;-2.70657
8.60317;2.52271;1.90215;-2.70648
8.54294;2.47007;1.90181;-2.7064
8.48271;2.41742;1.90148;-2.70631
8.42247;2.36477;1.90115;-2.70622
8.36224;2.31212;1.90081;-2.70614
8.30201;2.25947;1.90048;-2.70605
8.24178;2.20682;1.90014;-2.70596
8.18154;2.15417;1.89981;-2.70588