-0.0137691;-0.0354428;0.998464;0.000145835
-0.0131697;-0.0354409;0.997695;3.2846e-05
-0.0128261;-0.0357669;0.998274;0.000140744
-0.0121017;-0.0358718;0.999877;0.000118304
-0.0117662;-0.0358503;1.00052;0.000271154
-0.0112324;-0.0354416;1.00145;0.000239931
-0.0111075;-0.0355704;1.00237;0.000201571
-0.0107479;-0.0355184;1.00403;0.000240779
-0.0105022;-0.0357084;1.00832;0.000410811
-0.0103837;-0.0355265;1.00989;0.000332902
-0.0102757;-0.0360831;1.01317;6.85896e-05
-0.0101618;-0.0360105;1.01481;2.78507e-05
-0.0109078;-0.0368118;1.01705;0.000154524
-0.0110446;-0.0366741;1.0172;0.000129017
-0.0107585;-0.0363896;1.01758;0.000103514
-0.0105097;-0.0357365;1.01764;0.000184175
-0.0100724;-0.0334068;1.01564;6.74657e-05
-0.0100622;-0.0329109;1.01518;5.56217e-05
-0.0100256;-0.0323691;1.01476;-3.93331e-05
-0.00995698;-0.0317885;1.0143;-3.76015e-05
-0.00969289;-0.0317587;1.01416;-4.30076e-05
-0.00938103;-0.0316249;1.01405;2.54875e-05
-0.00842627;-0.0295481;1.01448;0.000258949
-0.0084265;-0.0287563;1.0147;0.000168047
-0.00820047;-0.0288193;1.01553;0.000242296
-0.00773734;-0.0288492;1.01636;0.000348365
-0.00711421;-0.0288804;1.01618;0.00024268
-0.00620036;-0.0283518;1.01472;9.23796e-05
-0.00603733;-0.0282289;1.01439;7.68939e-05
-0.00566557;-0.0275021;1.01353;-9.08691e-05
-0.00560629;-0.027782;1.01222;-0.000159854
-0.0055107;-0.0276304;1.01229;-0.000198281
-0.00537585;-0.0292485;1.01348;-0.000187859
-0.00532566;-0.029362;1.01366;-0.000217473
-0.00523485;-0.0307245;1.01414;-8.06457e-05
-0.00527425;-0.0306818;1.01412;-0.000110904
-0.00510395;-0.0318792;1.01446;-9.89165e-05
-0.00494233;-0.0319805;1.01464;-0.000101764
-0.00497653;-0.0326435;1.01491;-0.000204348
-0.00518821;-0.0323672;1.01435;-7.34518e-05
-0.00598051;-0.0331616;1.01331;-2.53443e-06
-0.00654212;-0.0331564;1.01246;0.000129229
-0.00646786;-0.0341215;1.01208;-0.000124416
-0.00645835;-0.0341854;1.01209;-8.72454e-05
-0.00654646;-0.0349245;1.01232;2.11446e-05
-0.00660048;-0.0348041;1.01222;6.78561e-05
-0.00648607;-0.0359139;1.0123;0.000146671
-0.00640579;-0.0359259;1.01245;0.000226304
-0.00586401;-0.036355;1.01332;0.000185129
-0.00536673;-0.0360682;1.01403;0.000271546
-0.004367;-0.0364539;1.01443;0.000192069
-0.00414513;-0.0362752;1.01447;0.000100296
-0.00404894;-0.035099;1.01404;8.55465e-05
-0.00362051;-0.03597;1.0142;0.000132657
-0.00270882;-0.0365921;1.01395;0.000113786
-0.00220402;-0.0373654;1.0113;0.000122038
-0.00276796;-0.0387016;0.956061;-0.000339831
-0.00232305;-0.0412107;0.854215;0.00740683
-0.00129127;-0.0409424;0.814599;0.0128887
0.00646783;-0.0363475;0.711477;0.127271
0.0107376;-0.0335416;0.645887;0.204332
0.0140732;-0.0346286;0.581679;0.268481
0.0165394;-0.0357859;0.521873;0.350472
0.0198046;-0.036396;0.468277;0.443776
0.0223115;-0.0370236;0.400206;0.575095
0.0226611;-0.0373214;0.386062;0.615908
0.0232482;-0.0384767;0.343116;0.729785
0.0241655;-0.0419656;0.285754;0.911499
0.0246176;-0.0432948;0.266016;1.00828
0.0249225;-0.0453852;0.231619;1.15774
0.0260107;-0.0453407;0.216828;1.24738
0.0247749;-0.0440622;0.194721;1.34866
0.026021;-0.0413403;0.17579;1.43992
0.0240038;-0.0385478;0.163087;1.49333
0.0232737;-0.0310287;0.140079;1.63945
0.0182533;-0.0248179;0.12539;1.76217
0.0159272;-0.0178953;0.111593;1.87769
0.00815275;-0.0116626;0.100698;1.97678
0.00586172;-0.00720278;0.0936281;2.03761
-0.00846593;0.000664681;0.08523;2.17935
-0.0175144;0.00756492;0.0786189;2.29107
-0.0311975;0.0120293;0.0753552;2.36631
-0.0515199;0.0219115;0.0683633;2.52575
-0.0840292;0.0300188;0.0592751;2.64561
-0.0945372;0.0340052;0.0552362;2.72494
-0.119597;0.0380107;0.0495319;2.81337
-0.135737;0.0426245;0.0433099;2.89321
-0.152045;0.0435155;0.0406855;2.93555
-0.170922;0.0445;0.0373442;3.022
-0.192191;0.0408516;0.0360636;3.07773
-0.21275;0.0378307;0.0374509;3.13807
-0.219618;0.0365592;0.0379386;-3.12609
-0.245766;0.0324477;0.0418728;-3.05274
-0.257848;0.0297513;0.0446837;-3.01602
-0.270429;0.0271937;0.0494622;-2.97071
-0.290219;0.0181733;0.0530785;-2.92254
-0.310085;0.00659697;0.0583833;-2.86448
-0.320587;-0.00150194;0.0621686;-2.82217
-0.325099;-0.0124368;0.0701871;-2.75229
-0.328538;-0.0265795;0.075616;-2.66808
-0.319903;-0.0323486;0.0777581;-2.61338
-0.29797;-0.0421526;0.0754729;-2.44938
-0.270072;-0.0419278;0.0704103;-2.33895
-0.232435;-0.0422863;0.0634401;-2.19987
-0.20283;-0.0367883;0.058296;-2.10104
-0.172449;-0.0289096;0.053805;-2.02061
-0.116598;-0.0187796;0.0455177;-1.85978
-0.0631883;-0.00951132;0.0396916;-1.73027
-0.0376387;-0.00981203;0.037092;-1.66069
0.00845869;-0.00849542;0.0330047;-1.57104
0.0311021;-0.010861;0.0313763;-1.52942
0.0521464;-0.0104563;0.0300982;-1.50577
0.100997;-0.016207;0.0256573;-1.46654
0.120021;-0.0153813;0.0233201;-1.45595
0.146071;-0.0204805;0.0213238;-1.44373
0.171378;-0.0193368;0.0188678;-1.43441
0.187382;-0.0225723;0.0174049;-1.42843
0.216874;-0.0204202;0.0150191;-1.41358
0.243844;-0.0246826;0.0149694;-1.4052
0.25624;-0.0242469;0.0147762;-1.40411
0.268826;-0.03047;0.0147928;-1.4062
0.289311;-0.0396898;0.0144329;-1.42275
0.302184;-0.0553216;0.0154495;-1.44399
0.315071;-0.0782011;0.0167535;-1.48049
0.319458;-0.0920461;0.017524;-1.5117
0.324778;-0.123221;0.0192124;-1.54944
0.325751;-0.135743;0.0202811;-1.55572
0.325123;-0.177753;0.0219761;-1.55457
0.32307;-0.221079;0.0242671;-1.54261
0.320538;-0.247363;0.0253448;-1.53464
0.314532;-0.308478;0.0273935;-1.51915
0.310392;-0.336857;0.0277916;-1.51559
0.298218;-0.419384;0.0290152;-1.49937
0.29171;-0.455571;0.0292925;-1.48287
0.284212;-0.510483;0.0302611;-1.45072
0.275553;-0.564063;0.0303161;-1.40755
0.270623;-0.609315;0.0308991;-1.37828
0.260641;-0.685338;0.0312208;-1.30469
0.252018;-0.771194;0.0314032;-1.24037
0.24733;-0.808554;0.0316106;-1.2007
0.242472;-0.853998;0.03319;-1.17619
0.232587;-0.926898;0.0350106;-1.13085
0.226367;-0.987423;0.03504;-1.11165
0.217812;-1.05906;0.0323433;-1.08812
0.2143;-1.09268;0.0303243;-1.07401
0.209111;-1.13836;0.0275768;-1.05564
0.205547;-1.1924;0.026646;-1.03794
0.20354;-1.22273;0.0260327;-1.0272
0.202275;-1.29071;0.0265046;-0.995624
0.202912;-1.33637;0.0267183;-0.9741
0.209544;-1.40534;0.0279081;-0.947727
0.212846;-1.43485;0.0279823;-0.930528
0.22285;-1.50125;0.0287998;-0.917006
0.227006;-1.52945;0.0285471;-0.914621
0.235839;-1.57838;0.0283427;-0.914954
0.243317;-1.61844;0.0283464;-0.927295
0.248557;-1.64606;0.0282038;-0.939077
0.259655;-1.69841;0.0292681;-0.978919
0.265616;-1.72664;0.0295725;-0.995551
0.28359;-1.79522;0.0541304;-1.05264
0.289163;-1.81902;0.0651395;-1.09907
0.299374;-1.85752;0.0522245;-1.12629
0.309182;-1.89128;0.0448973;-1.11582
0.31833;-1.91654;0.0549683;-1.09576
0.333555;-1.95782;0.0652433;-1.01566
0.345684;-1.98732;0.066779;-0.92867
0.358832;-2.01425;0.0697666;-0.796559
0.373636;-2.03729;0.0712342;-0.707327
0.410087;-2.07955;0.074857;-0.403901
0.443643;-2.1107;0.0702731;-0.15474
0.493383;-2.14881;0.0617147;0.120864
0.520388;-2.16872;0.0611299;0.298654
0.555187;-2.19047;0.057665;0.506083
0.592329;-2.20968;0.0506932;0.695485
0.620189;-2.22076;0.045919;0.786965
0.670338;-2.23881;0.0397809;0.956121
0.697869;-2.24728;0.0374106;1.02482
0.757119;-2.26086;0.0340947;1.19172
0.77884;-2.26371;0.0331669;1.27682
0.815028;-2.26668;0.0303803;1.37067
0.845155;-2.26622;0.0280079;1.4556
0.867366;-2.26487;0.0258369;1.49901
0.90241;-2.25923;0.0225976;1.58964
0.919182;-2.25595;0.0220436;1.62421
0.944888;-2.25295;0.022764;1.69551
0.954915;-2.25389;0.0244521;1.71726
0.965017;-2.25757;0.0272337;1.73303
0.974726;-2.26204;0.0310508;1.74197
0.979815;-2.26545;0.0340029;1.74479
0.991598;-2.27197;0.0390288;1.75398
1.00038;-2.27632;0.041498;1.7657
1.00702;-2.27793;0.0419702;1.77404
1.01906;-2.28064;0.0414397;1.79984
1.03017;-2.28114;0.0420919;1.82276
1.03613;-2.28293;0.0429748;1.83709
1.0425;-2.28414;0.0449921;1.85041
1.04924;-2.28771;0.0482769;1.86141
1.05379;-2.28817;0.0506312;1.86704
1.06474;-2.29013;0.0564857;1.88207
1.07445;-2.2904;0.0619635;1.89526
1.08038;-2.29266;0.0650256;1.90234
1.08499;-2.29378;0.067384;1.90615
1.09745;-2.29998;0.0720113;1.91316
1.10169;-2.29892;0.0731592;1.92053
1.11449;-2.29779;0.0699347;1.94758
1.12104;-2.29114;0.0656957;1.98652
1.13416;-2.27996;0.0590836;2.04733
1.14343;-2.26569;0.0545851;2.10677
1.15002;-2.25692;0.0514478;2.14232
1.16025;-2.24165;0.048429;2.20202
1.16491;-2.23651;0.0479169