7.94228;-41.7455;-0.919893;-0.610865;0.184;0.666667;0.276;7.48042;-42.5291;-1.33529;0
7.10014;-41.2253;-0.777835;-0.959931;0.032;1.33333;0.024;7.94228;-41.7455;-0.919893;-0.610865
7.07565;-40.2256;-0.786026;-0.872665;0.048;2;0.024;7.10014;-41.2253;-0.777835;-0.959931
7.6745;-43.4976;-1.17909;-0.174533;0.144;0.666667;0.216;7.48042;-42.5291;-1.33529;0
7.78054;-44.4099;-0.783472;-0.785398;0.136;1.33333;0.102;7.6745;-43.4976;-1.17909;-0.174533
6.3738;-39.5312;-0.627394;-0.349066;0.44;2.66667;0.165;7.07565;-40.2256;-0.786026;-0.872665
7.18032;-45.199;-0.913627;-0.959931;0.032;2;0.016;7.78054;-44.4099;-0.783472;-0.785398
6.33379;-38.725;-1.21777;-3.14159;0.024;3.33333;0.0072;6.3738;-39.5312;-0.627394;-0.349066
5.99131;-40.1908;-1.27433;1.91986;0.04;3.33333;0.012;6.3738;-39.5312;-0.627394;-0.349066
7.82162;-45.7509;-1.44673;-0.523599;0.904;2.66667;0.339;7.18032;-45.199;-0.913627;-0.959931
6.22165;-45.4648;-1.01528;-0.261799;0.328;2.66667;0.123;7.18032;-45.199;-0.913627;-0.959931
5.59386;-44.8612;-1.50682;1.91986;0.104;3.33333;0.0312;6.22165;-45.4648;-1.01528;-0.261799
7.92208;-46.6948;-1.13231;-0.174533;0.304;3.33333;0.0912;7.82162;-45.7509;-1.44673;-0.523599
5.93751;-46.33;-1.40605;1.65806;0.032;3.32734;0.00961731;6.22165;-45.4648;-1.01528;-0.261799
7.5366;-47.55;-0.78579;-0.785398;0.072;4;0.018;7.92208;-46.6948;-1.13231;-0.174533
7.98797;-41.7287;-1.28234;-0.261799;0.256;0.910464;0.281175;7.94228;-41.7455;-0.919893;-0.610865
7.59812;-46.3458;-1.55768;-0.959931;0.048;3.75904;0.0127692;7.92208;-46.6948;-1.13231;-0.174533
7.23224;-38.4707;-1.57573;-0.959931;0.048;4;0.012;6.33379;-38.725;-1.21777;-3.14159
8.00231;-39.9828;-0.499095;-0.349066;0.36;2.66667;0.135;7.07565;-40.2256;-0.786026;-0.872665
6.94451;-38.6604;-0.929576;-0.872665;0.024;3.78559;0.00633983;6.33379;-38.725;-1.21777;-3.14159
6.9748;-39.1881;-0.598326;-0.959931;0.04;4.20146;0.0095205;6.94451;-38.6604;-0.929576;-0.872665
6.54118;-47.1272;-1.41363;0;0;3.994;0;5.93751;-46.33;-1.40605;1.65806
5.52434;-44.1484;-0.808916;1.48353;0.016;4;0.004;5.59386;-44.8612;-1.50682;1.91986
5.70236;-38.1356;-0.713849;0;0;4;0;6.33379;-38.725;-1.21777;-3.14159
6.22201;-41.6529;-0.563335;0;0;2;0;7.10014;-41.2253;-0.777835;-0.959931
5.90299;-45.6903;-1.20746;-0.261799;0.08;2.95676;0.0270566;6.22165;-45.4648;-1.01528;-0.261799
7.28782;-41.6416;-0.553054;-1.0472;0.08;1.6727;0.0478269;7.10014;-41.2253;-0.777835;-0.959931
7.68887;-45.3658;-0.663591;-0.349066;0.16;2.39382;0.0668389;7.18032;-45.199;-0.913627;-0.959931
7.25595;-46.1409;-0.90938;0.261799;0.448;4.26647;0.105005;7.59812;-46.3458;-1.55768;-0.959931
6.69667;-46.5515;-1.74108;0;0;4.44756;0;6.54118;-47.1272;-1.41363;0
6.41912;-38.6853;-0.85333;1.65806;0.016;3.58426;0.00446396;6.33379;-38.725;-1.21777;-3.14159
6.74037;-46.3283;-0.918326;0.0872665;0.152;4.63224;0.0328135;7.25595;-46.1409;-0.90938;0.261799
7.64731;-37.8732;-1.06019;-0.523599;0.736;4.59449;0.160192;7.23224;-38.4707;-1.57573;-0.959931
5.72502;-47.7014;-1.34831;1.48353;0.008;4.66067;0.00171649;6.54118;-47.1272;-1.41363;0
7.41199;-38.537;-1.34403;-0.959931;0.064;4.20043;0.0152365;7.23224;-38.4707;-1.57573;-0.959931
6.85251;-41.237;-0.692336;-0.872665;0.032;1.50816;0.021218;7.10014;-41.2253;-0.777835;-0.959931
5.61793;-44.2058;-0.967118;-0.785398;0.024;4.12837;0.00581343;5.52434;-44.1484;-0.808916;1.48353
7.39763;-36.91;-1.16013;-0.872665;0.056;5.26116;0.010644;7.64731;-37.8732;-1.06019;-0.523599
7.32245;-39.5051;-1.57811;-0.436332;0.16;4.86709;0.0328738;7.41199;-38.537;-1.34403;-0.959931
6.08794;-44.3348;-0.611564;-0.785398;0.144;4.53057;0.0317841;5.61793;-44.2058;-0.967118;-0.785398
6.11405;-39.11;-0.648301;-0.698132;0.096;2.99682;0.0320339;6.3738;-39.5312;-0.627394;-0.349066
7.34548;-47.1839;-1.49809;-1.39626;0.008;4.53447;0.00176426;6.54118;-47.1272;-1.41363;0
5.86395;-44.2191;-0.772892;2.00713;0.04;4.73012;0.00845644;6.08794;-44.3348;-0.611564;-0.785398
7.63254;-39.0205;-1.32694;-1.0472;0.112;4.55492;0.0245888;7.41199;-38.537;-1.34403;-0.959931
6.74563;-41.711;-0.44318;-0.785398;0.032;2.36024;0.0135579;6.22201;-41.6529;-0.563335;0
7.37056;-44.8828;-0.698031;-1.0472;0.04;2.28495;0.0175059;7.18032;-45.199;-0.913627;-0.959931
5.66121;-45.3989;-1.59814;1.74533;0.048;3.31947;0.0144601;5.90299;-45.6903;-1.20746;-0.261799
6.46374;-41.1092;-0.694245;0;0;1.78099;0;6.85251;-41.237;-0.692336;-0.872665
6.86105;-48.2775;-0.665591;-0.872665;0.056;4.66667;0.012;7.5366;-47.55;-0.78579;-0.785398
7.58437;-40.5108;-1.48015;-0.785398;0.104;2.60441;0.0399323;7.07565;-40.2256;-0.786026;-0.872665
6.19747;-41.2202;-1.38255;1.65806;0.016;2.27852;0.00702209;6.46374;-41.1092;-0.694245;0
