0.00177777;0.00227546;0.0145446;-0.0427522
0.00177649;0.00230745;0.0143022;-0.0426024
0.00162602;0.0023494;0.0142517;-0.0424584
0.00154915;0.0023282;0.0142419;-0.0422642
0.00166122;0.00247054;0.0136058;-0.0418364
0.00203968;0.00319684;0.012571;-0.0417323
0.0021872;0.00360282;0.0125249;-0.0417426
0.00367295;0.00644279;0.0125023;-0.04144
0.00420926;0.00736989;0.010701;-0.0414694
0.00451498;0.00749824;0.010465;-0.0414455
0.00514735;0.00789757;0.0101871;-0.0413782
0.00523269;0.00860923;0.0102306;-0.041256
0.00539107;0.00933343;0.0110235;-0.0411588
0.00555026;0.0101643;0.0112615;-0.0413243
0.00525925;0.0100259;0.0110135;-0.0411804
0.00501052;0.00937637;0.0092869;-0.0410957
0.0059252;0.00869854;0.00786972;-0.0409595
0.00738602;0.00821758;0.00712674;-0.040966
0.00976766;0.0078255;0.00521138;-0.0408536
0.0100912;0.00753216;0.00475101;-0.0408019
0.0124088;0.00622028;0.00127839;-0.0405204
0.0124685;0.00600961;0.000737689;-0.0403685
0.0135152;0.00528986;-0.00166291;-0.0401344
0.0133012;0.00480423;-0.0034847;-0.0401924
0.0131143;0.00465124;-0.0039759;-0.0401399
0.0111205;0.00495855;-0.00538335;-0.0399511
0.0107104;0.00519844;-0.00526565;-0.0399234
0.00920331;0.00570557;-0.00412327;-0.0397539
0.00855988;0.00549794;-0.00326703;-0.0395511
0.00824299;0.00526964;-0.00221353;-0.0394906
0.00780728;0.00496964;-0.00117872;-0.039159
0.0078125;0.00460433;5.36385e-05;-0.0390491
0.00811047;0.00452308;0.00103181;-0.0390744
0.00837187;0.00450491;0.000966931;-0.0390951
0.00884416;0.00528518;0.00189494;-0.0391066
0.0098984;0.00550117;0.00238108;-0.0389912
0.0102666;0.0056376;0.002514;-0.0389506
0.0109793;0.0060193;0.00397666;-0.0387476
0.0111367;0.00608573;0.00424941;-0.0387223
0.0122692;0.00647076;0.00581782;-0.0385623
0.0129077;0.00665446;0.00657983;-0.0384645
0.0140177;0.0073176;0.00756253;-0.0383149
0.0135451;0.00851399;0.00930789;-0.0380429
0.0135852;0.00886584;0.00952195;-0.0380336
0.0117769;0.00909533;0.0104875;-0.0378468
0.0104877;0.00833204;0.0111195;-0.0375479
0.0103422;0.00811757;0.0111458;-0.037485
0.0098194;0.0074111;0.00989708;-0.0370841
0.0100704;0.00744236;0.00787687;-0.0370208
0.0103609;0.00732585;0.00719674;-0.0369025
0.0125777;0.00748514;0.00405886;-0.0367152
0.0126523;0.00737418;0.00353499;-0.036636
0.0136714;0.0074628;0.00176498;-0.0366292
0.0142712;0.00852792;0.00079031;-0.0365657
0.0145214;0.00888061;0.000673411;-0.036528
0.0152469;0.0102885;-2.28615e-05;-0.0364497
0.0158318;0.0111405;-0.000487014;-0.0363861
0.015524;0.0116475;0.000160535;-0.0362924
0.0155663;0.0125109;0.00112238;-0.036162
0.0151988;0.0127704;0.00183506;-0.0362288
0.0138392;0.0130081;0.00315899;-0.0361148
0.0137163;0.013166;0.00331272;-0.0361018
0.0120452;0.0131438;0.00510792;-0.0358642
0.0107974;0.0133409;0.00711767;-0.0358614
0.0106256;0.0134725;0.00747507;-0.0358367
0.00904746;0.0140095;0.00889777;-0.0358154
0.00872448;0.014169;0.00908388;-0.0357972
0.00793304;0.0141051;0.00960292;-0.035751
0.00717295;0.0128924;0.0114703;-0.0354779
0.00709608;0.0127524;0.0122143;-0.035438
0.00702026;0.012713;0.0132291;-0.0353874
0.00720909;0.013188;0.0143091;-0.0351625
0.00734491;0.0132584;0.0143331;-0.0351076
0.00768576;0.0137931;0.0144729;-0.0349703
0.00702216;0.0137682;0.0251193;-0.0307077
0.00644225;0.0129763;0.0327721;-0.0288957
0.00369127;0.00792437;0.0703851;-0.0175845
-0.00200913;-0.00272448;0.144552;-0.00704028
-0.00327831;-0.00514937;0.16295;-0.00494941
-0.00722781;-0.0127676;0.232631;0.00129056
-0.0108666;-0.0199076;0.315318;0.0148362
-0.015671;-0.0290026;0.469121;0.0510396
-0.0179153;-0.0334848;0.538548;0.0745172
-0.0206506;-0.0385056;0.618877;0.108305
-0.0222946;-0.0419625;0.67683;0.132482
-0.0228704;-0.0434294;0.702334;0.147281
-0.0266642;-0.0513955;0.86489;0.247918
-0.0275656;-0.0529917;0.902828;0.284849
-0.0278688;-0.0536596;0.920831;0.292677
-0.0308399;-0.0575156;1.01342;0.383738
-0.0310363;-0.05797;1.0291;0.39351
-0.0322187;-0.0618166;1.11723;0.491901
-0.0328217;-0.0624255;1.12937;0.512312
-0.0334536;-0.0635582;1.15515;0.543548
-0.0333185;-0.064294;1.17611;0.58546
-0.0351072;-0.0644749;1.22462;0.670339
-0.0368063;-0.0648158;1.25367;0.740398
-0.0377158;-0.065297;1.27438;0.791619
-0.0374609;-0.0654017;1.28017;0.801691
-0.0411191;-0.0651715;1.31102;0.89538
-0.0423097;-0.064412;1.32064;0.92207
-0.0456854;-0.0612178;1.34225;0.99185
-0.0512244;-0.055176;1.36324;1.07379
-0.0515825;-0.0537857;1.36766;1.09435
-0.0546666;-0.0508791;1.37417;1.12491
-0.0592903;-0.0475148;1.38011;1.15634
-0.0659472;-0.0407596;1.39036;1.23289
-0.0748797;-0.0316913;1.39856;1.31156
-0.0793293;-0.0286968;1.40096;1.3313
-0.0899383;-0.0184949;1.41058;1.41134
-0.0957926;-0.0156521;1.4122;1.43184
-0.113491;-0.00386237;1.42102;1.51312
-0.127731;0.00264193;1.42536;1.56652
-0.13251;0.00585457;1.4282;1.6054
-0.149355;0.0138781;1.43477;1.66801
-0.154684;0.0182429;1.43932;1.71586
-0.171836;0.0246016;1.44385;1.76772
-0.179908;0.0290311;1.44738;1.81586
-0.195779;0.0336225;1.45017;1.86647
-0.2007;0.0356449;1.45204;1.90741
-0.201642;0.0363977;1.45285;1.91741
-0.224713;0.0413096;1.45891;1.98759
-0.228266;0.0426314;1.46126;2.01841
-0.248436;0.0469077;1.46697;2.0906
-0.264393;0.0499078;1.47093;2.16133
-0.272788;0.0514023;1.47253;2.20954
-0.268691;0.0524446;1.47457;2.26802
-0.277207;0.0534849;1.47618;2.30927
-0.278955;0.054708;1.47849;2.37008
-0.294244;0.054608;1.47865;2.42181
-0.29582;0.054512;1.47859;2.44433
-0.30315;0.0536135;1.47887;2.49245
-0.313849;0.0519476;1.47965;2.54182
-0.326639;0.0462841;1.48374;2.62115
-0.328098;0.0445969;1.48475;2.6407
-0.337466;0.0359339;1.48871;2.74031
-0.336788;0.0344269;1.48916;2.76092
-0.340261;0.0283201;1.49072;2.81178
-0.335092;0.0203688;1.49274;2.87105
-0.337796;0.0146307;1.49391;2.91181
-0.328849;0.00640822;1.49428;2.97159
-0.329132;-0.000204911;1.49521;3.01349
-0.321314;-0.00638031;1.49598;3.06339
-0.314635;-0.0131807;1.49653;3.11386
-0.298056;-0.0193309;1.49715;-3.11076
-0.291454;-0.0267148;1.49861;-3.06222
-0.283109;-0.0293413;1.49906;-3.02093
-0.273826;-0.0358716;1.49907;-2.97151
-0.261003;-0.0412132;1.49906;-2.91865
-0.247865;-0.0483117;1.50127;-2.85765
-0.243883;-0.0495601;1.50194;-2.83943
-0.232952;-0.0509868;1.50317;-2.80949
-0.209672;-0.0608187;1.50683;-2.71262
-0.207139;-0.0631786;1.50756;-2.69305
-0.190689;-0.0677741;1.51001;-2.59271
-0.177333;-0.0730007;1.51243;-2.53526
-0.169823;-0.0738539;1.51321;-2.49529
-0.160839;-0.0761404;1.51397;-2.45476
-0.153427;-0.0766038;1.51457;-2.42674
-0.140307;-0.0770959;1.51624;-2.36305
-0.129087;-0.0761357;1.51815;-2.31715
-0.120194;-0.0762086;1.52038;-2.26846
-0.111449;-0.0744205;1.52185;-2.22064
-0.101148;-0.0741583;1.52415;-2.16338
-0.0911702;-0.071231;1.52502;-2.11433
-0.0849219;-0.0731044;1.52716;-2.06275
-0.075754;-0.0707561;1.5291;-2.01138
-0.0690274;-0.072931;1.53133;-1.96069
-0.0664332;-0.0727419;1.53185;-1.93911
-0.0558359;-0.0736007;1.53381;-1.87242
-0.0542217;-0.0739377;1.53415;-1.86241
-0.0464494;-0.072785;1.53541;-1.80894
-0.0332383;-0.0741263;1.53734;-1.71018
-0.0316773;-0.0752638;1.53802;-1.69006
-0.0242199;-0.0747085;1.53974;-1.61941
-0.0223734;-0.0735217;1.53976;-1.60954
-0.0156977;-0.0684571;1.53987;-1.54055
-0.0100848;-0.0660235;1.54054;-1.47136
-0.00752104;-0.0659639;1.54054;-1.44145
-0.00389049;-0.0672903;1.54082;-1.39202
0.00252266;-0.0700371;1.54097;-1.29054
0.00341776;-0.0699142;1.54056;-1.27292
0.00567077;-0.0731441;1.53985;-1.21377
0.00613346;-0.0734343;1.53967;-1.19181
0.00747449;-0.0731536;1.53913;-1.14334
0.0080432;-0.0755474;1.53876;-1.09236
0.0086657;-0.0748619;1.53848;-1.04142
0.010047;-0.0754955;1.53832;-0.961163
0.011211;-0.076682;1.53819;-0.919677
0.0123776;-0.0776266;1.53815;-0.890196
0.0134154;-0.0769422;1.53823;-0.862123
0.0143474;-0.0777244;1.53833;-0.824026
0.014769;-0.0788707;1.53839;-0.814019
0.0177688;-0.0814288;1.53765;-0.71219
0.0205718;-0.0821326;1.53698;-0.623593
0.0211133;-0.0828345;1.5368;-0.613677
0.0228554;-0.0817818;1.53637;-0.541102
0.0251022;-0.0839329;1.53699;-0.469334
0.0259137;-0.0831407;1.53743;-0.436939
0.0286629;-0.0852372;1.53981;-0.360159
0.0290706;-0.0850519;1.54008;-0.341088
0.0300567;-0.0861152;1.54036;-0.321775
0.0350335;-0.0871841;1.54121;-0.21192
0.0364358;-0.0870631;1.54085;-0.169362
0.0408388;-0.0874508;1.51892;-0.113773
0.0571354;-0.0854075;1.48722;-0.0775637
0.0795832;-0.0840578;1.47502;-0.053452
0.128789;-0.0802332;1.45466;-0.0287018
0.169162;-0.0788846;1.43617;-0.016691
0.193045;-0.0775889;1.42531;-0.0113352
0.229112;-0.0763759;1.41037;-0.00743048
0.289564;-0.0748392;1.38605;-0.00631294
0.315217;-0.0749227;1.37462;-0.00646625
0.355239;-0.072291;1.35764;-0.00734048
0.376199;-0.0720449;1.35109;-0.00738846
0.396676;-0.0705727;1.35426;-0.00494242
0.426639;-0.0697828;1.36329;0.00937024
0.436159;-0.0706519;1.36044;0.0322301
0.45282;-0.0746933;1.35975;0.0849322
0.461508;-0.0784331;1.35906;0.13399
0.480426;-0.0881494;1.3518;0.225777
0.492608;-0.0953821;1.34492;0.289431
0.511036;-0.106967;1.33385;0.378793
0.54129;-0.127096;1.31697;0.488847
0.557476;-0.137637;1.30816;0.564642
0.585466;-0.156246;1.29317;0.664553
0.613813;-0.175308;1.27785;0.768072
0.647982;-0.19795;1.2593;0.870581
0.69399;-0.227823;1.23476;0.992097
0.720885;-0.245687;1.22043;1.07046
0.732667;-0.253989;1.21411;1.08986
0.813548;-0.307407;1.17392;1.28752
0.826703;-0.316501;1.16748;1.32888
0.887011;-0.35587;1.14032;1.47816
0.934453;-0.387802;1.1203;1.57783
0.960864;-0.405359;1.11004;1.64238
1.02458;-0.449034;1.08442;1.77835
1.07431;-0.482522;1.06286;1.87881
1.12032;-0.514195;1.04206;1.98058
1.18595;-0.56013;1.01303;2.10264
1.20097;-0.571497;1.00661;2.14386
1.21588;-0.583061;1.00023;2.18524
1.2454;-0.606716;0.987367;2.24696
1.31097;-0.652097;0.958736;2.38998
1.39255;-0.708173;0.924713;2.55911
1.47458;-0.764904;0.893031;2.71609
1.49005;-0.775944;0.887301;2.75171
1.55381;-0.825253;0.864925;2.89093
1.5686;-0.837035;0.86019;2.91414
1.64273;-0.905317;0.834559;3.08557
1.65645;-0.918576;0.829499;3.10499
1.69547;-0.96216;0.813641;-3.07791
1.70784;-0.977934;0.808223;-3.03167
1.78341;-1.08014;0.778039;-2.83387
1.79721;-1.10083;0.772557;-2.79503
1.83854;-1.17308;0.754074;-2.67739
1.84825;-1.19252;0.749132;-2.63793
1.86939;-1.23485;0.739332;-2.57824
1.94793;-1.42859;0.6982;-2.27353
1.95783;-1.45668;0.692514;-2.2294
1.96579;-1.47889;0.6883;-2.19345
1.97359;-1.50145;0.684047;-2.17365
1.98876;-1.54749;0.674552;-2.09368
1.99609;-1.57098;0.669661;-2.07376
2.07202;-1.84495;0.617207;-1.69276
2.07827;-1.8698;0.612181;-1.67256
2.10781;-2.00031;0.589662;-1.51864
2.11766;-2.0488;0.582718;-1.48127
2.12622;-2.09518;0.577575;-1.45057
2.14745;-2.22955;0.561957;-1.38604
2.1494;-2.24443;0.560411;-1.37718
2.15251;-2.26851;0.557748;-1.37092
2.15486;-2.28712;0.555642;-1.36786
2.159;-2.32295;0.552519;-1.35831
2.16126;-2.34434;0.5509;-1.3563
2.17561;-2.48758;0.538312;-1.34293
2.17897;-2.535;0.537275;-1.34315
2.17974;-2.5445;0.541453;-1.34274
2.18121;-2.57506;0.559469;-1.33855
2.18162;-2.5793;0.559685;-1.34051
2.18522;-2.58664;0.558438;-1.35625
2.18745;-2.58779;0.558529;-1.36136
2.19044;-2.58866;0.558621;-1.37276
2.21877;-2.59805;0.551183;-1.43201
2.22667;-2.60171;0.548165;-1.44929
2.33788;-2.66745;0.516367;-1.57518
2.35647;-2.67957;0.512717;-1.58884
2.40568;-2.71063;0.503048;-1.61417
2.47927;-2.75664;0.491535;-1.6443
2.49335;-2.76525;0.489396;-1.6499
2.55017;-2.79965;0.48054;-1.66364
2.57803;-2.8158;0.476108;-1.67066
2.58695;-2.82077;0.474605;-1.67182
2.67397;-2.86941;0.458797;-1.68524
2.68251;-2.87409;0.457059;-1.68585
2.69095;-2.87877;0.45602;-1.68699
2.73234;-2.90411;0.48128;-1.66991
2.73641;-2.90754;0.483905;-1.66089
2.75167;-2.92532;0.50773;-1.58926
2.75574;-2.93029;0.513832;-1.56988
2.77076;-2.94798;0.529259;-1.5203
2.79685;-2.97768;0.550728;-1.45626
2.80329;-2.98506;0.555828;-1.44438
2.80835;-2.99084;0.55968;-1.43898
2.82756;-3.01406;0.57516;-1.41035
2.83297;-3.0208;0.579484;-1.40456
2.86591;-3.06777;0.611999;-1.38063
2.86979;-3.07362;0.615672;-1.37981
2.87198;-3.07692;0.617706;-1.3784
2.88628;-3.09835;0.630856;-1.37542
2.8889;-3.10219;0.632877;-1.37502
2.90185;-3.11904;0.6417;-1.37386
2.90416;-3.12173;0.643329;-1.37166
2.90668;-3.12478;0.645007;-1.36711
2.91387;-3.16156;0.645792;-1.27616
2.91346;-3.16947;0.645459;-1.25352
2.90016;-3.23947;0.637881;-1.11635
2.89317;-3.27039;0.633279;-1.07266
2.87787;-3.32794;0.625048;-1.00965
2.87335;-3.34717;0.623422;-0.987963
2.8312;-3.48806;0.615205;-0.903064
2.82483;-3.50681;0.614475;-0.892405
2.81669;-3.52962;0.613454;-0.882258
2.81004;-3.54731;0.612645;-0.877995
2.77274;-3.64724;0.608298;-0.849114
2.75903;-3.68096;0.60671;-0.842084
2.73537;-3.73495;0.604237;-0.835047
2.72958;-3.74698;0.60347;-0.833264
2.70517;-3.80844;0.600993;-0.829023
2.7006;-3.81823;0.602249;-0.828685
2.68563;-3.86322;0.619723;-0.847272
2.68578;-3.8675;0.620303;-0.861513
2.68643;-3.8705;0.621037;-0.868882
2.68958;-3.87312;0.623908;-0.906715
2.72095;-3.85079;0.633888;-1.11604
2.72524;-3.84632;0.635087;-1.1329
2.74783;-3.81529;0.639817;-1.29693
2.75265;-3.80858;0.640213;-1.31583
2.76689;-3.78358;0.642481;-1.41086
2.77114;-3.77525;0.643535;-1.44914
2.78498;-3.74997;0.649482;-1.55087
2.7979;-3.71909;0.655;-1.65185
2.80263;-3.71003;0.656953;-1.68904
2.8234;-3.65738;0.664093;-1.85584
2.8279;-3.64721;0.665299;-1.89796
2.85396;-3.5559;0.670008;-2.16404
2.86241;-3.53265;0.67085;-2.2256
2.86882;-3.51121;0.67174;-2.30813
2.87921;-3.47645;0.673509;-2.41211
2.8888;-3.44457;0.675812;-2.51616
2.89864;-3.40978;0.677845;-2.6178
2.90867;-3.37523;0.68019;-2.7177
2.91059;-3.36703;0.680724;-2.73763
2.91295;-3.35596;0.681531;-2.77794
2.92666;-3.30998;0.684409;-2.9219
2.94339;-3.24077;0.68768;-3.13451
2.9554;-3.18256;0.691149;2.98493
2.95763;-3.16867;0.692228;2.94478
2.9588;-3.16032;0.692819;2.9249
2.96771;-3.11397;0.696774;2.78612
2.96946;-3.10285;0.697904;2.74415
2.97978;-3.02297;0.704304;2.55299
2.9804;-3.01247;0.705216;2.52843
2.98328;-2.96089;0.712551;2.45541
2.98305;-2.95174;0.713394;2.4442
2.98536;-2.90669;0.719118;2.41045
2.98528;-2.8969;0.720171;2.40505
2.98619;-2.86685;0.724732;2.39307
2.98585;-2.8601;0.725326;2.39183
2.9853;-2.83302;0.726866;2.38705
2.98337;-2.7957;0.729835;2.38496
2.98288;-2.78936;0.732326;2.38372
2.98251;-2.78499;0.734365;2.38329
2.9826;-2.77722;0.737972;2.38744
2.98297;-2.77429;0.739133;2.38958
2.99394;-2.78138;0.74309;2.48652
2.99623;-2.78558;0.742847;2.4989
3.0095;-2.80592;0.741776;2.59968
3.03483;-2.85257;0.736257;2.78065
3.04068;-2.86422;0.734206;2.82499
3.06071;-2.90448;0.728342;2.94191
3.06603;-2.9154;0.726668;2.98665
3.07149;-2.92686;0.724713;3.02354
3.09621;-2.97782;0.714451;-3.13694
3.10226;-2.99042;0.712019;-3.09662
3.15985;-3.12073;0.685737;-2.78365
3.16859;-3.13895;0.683133;-2.74573
3.1966;-3.20135;0.674533;-2.62
3.20361;-3.21778;0.671895;-2.57811
3.22018;-3.25403;0.666289;-2.51575
3.25911;-3.34255;0.652775;-2.33134
3.29846;-3.43325;0.637441;-2.16099
3.306;-3.45016;0.634662;-2.1187
3.3135;-3.46731;0.631932;-2.09783
3.3283;-3.50215;0.626443;-2.0098
3.37971;-3.63094;0.606457;-1.78788
3.40907;-3.70903;0.594503;-1.64811
3.41548;-3.72621;0.591685;-1.61107
3.4359;-3.78245;0.583084;-1.53116
3.44188;-3.79962;0.580467;-1.51762
3.48313;-3.94413;0.563726;-1.39338
3.48704;-3.95816;0.562263;-1.38467
3.49176;-3.97519;0.560312;-1.37801
3.49449;-3.98516;0.559035;-1.37473
3.51484;-4.06095;0.549417;-1.35433
3.51754;-4.07173;0.548301;-1.35205
3.5321;-4.13222;0.545317;-1.34616
3.53453;-4.14333;0.544795;-1.34592
3.54109;-4.17451;0.553617;-1.34444
3.5423;-4.18053;0.557131;-1.34429
3.54766;-4.20027;0.558631;-1.35638
3.55028;-4.20614;0.555844;-1.369
3.55296;-4.21054;0.556002;-1.37951
3.56123;-4.22229;0.554024;-1.41049
3.56476;-4.22714;0.552208;-1.4179
3.62181;-4.31432;0.520344;-1.55129
3.64078;-4.34442;0.514094;-1.58263
3.65631;-4.36885;0.508901;-1.60161
3.70507;-4.44233;0.493351;-1.63905
3.71417;-4.45571;0.490904;-1.6466
3.77278;-4.53653;0.477136;-1.67329
3.78174;-4.54842;0.475437;-1.67698
3.79038;-4.55989;0.473825;-1.67862
3.81442;-4.59179;0.469047;-1.68531
3.82374;-4.60438;0.467187;-1.68751
3.87189;-4.6733;0.459239;-1.69591
3.8841;-4.69007;0.46004;-1.69602
3.89824;-4.70971;0.472391;-1.6893
3.90604;-4.72147;0.478753;-1.67934
3.89208;-4.75046;0.492371;-1.576
3.88596;-4.7553;0.493929;-1.56674
3.87891;-4.76069;0.49516;-1.54765
3.87088;-4.76972;0.496631;-1.52732
3.8354;-4.80493;0.499025;-1.46247
3.82443;-4.81546;0.499055;-1.44068
3.70456;-4.945;0.501664;-1.32728
3.64677;-5.00291;0.501885;-1.29732
3.63382;-5.01635;0.502013;-1.29478
3.59525;-5.05354;0.501292;-1.28089
3.58258;-5.06491;0.500853;-1.2772
3.52138;-5.12466;0.499766;-1.26545
3.5102;-5.13434;0.499383;-1.26336
3.43965;-5.20114;0.500304;-1.2566
3.4318;-5.20871;0.500674;-1.25628
3.39994;-5.24012;0.513778;-1.26097
3.39765;-5.24526;0.517432;-1.26418
3.39811;-5.25769;0.530129;-1.28688
3.42228;-5.27838;0.552476;-1.34046
3.44347;-5.29142;0.566007;-1.36913
3.47892;-5.31196;0.585591;-1.42516
3.50641;-5.32912;0.598825;-1.46856
3.52119;-5.33888;0.605404;-1.47788
3.53665;-5.34895;0.611757;-1.50263
3.62702;-5.40723;0.640106;-1.57577
3.77937;-5.49928;0.676783;-1.65305
3.79702;-5.50905;0.680332;-1.65653
3.87265;-5.55169;0.693963;-1.67554
3.92082;-5.57699;0.701828;-1.68453
3.95698;-5.59816;0.707535;-1.68809
3.97192;-5.60653;0.709969;-1.6903
4.04391;-5.6453;0.72085;-1.69648
4.05653;-5.65185;0.722661;-1.69759
4.07133;-5.65925;0.724858;-1.6984
4.10518;-5.676;0.728287;-1.69974
4.17044;-5.71789;0.721274;-1.69631
4.17277;-5.72131;0.72077;-1.6967
4.19113;-5.74879;0.717317;-1.70306
4.21238;-5.78785;0.71358;-1.71208
4.21847;-5.7993;0.712764;-1.71353
4.25279;-5.86694;0.707965;-1.72365
4.2625;-5.88614;0.706486;-1.72448
4.26832;-5.89783;0.70561;-1.72613
4.29307;-5.94884;0.701667;-1.7299
4.30112;-5.9653;0.701059;-1.73153
4.36805;-6.10599;0.694906;-1.73986
4.37434;-6.11951;0.694149;-1.74013
4.39961;-6.17618;0.692107;-1.74191
4.40486;-6.18832;0.691673;-1.7423
4.42456;-6.2364;0.68958;-1.74333
4.42858;-6.24675;0.688945;-1.74372
4.4491;-6.30227;0.691537;-1.74435
4.45148;-6.30915;0.694847;-1.74335
4.4535;-6.31515;0.69927;-1.74196
4.45909;-6.33693;0.723479;-1.72346
4.45926;-6.34134;0.729419;-1.71526
4.44619;-6.38455;0.797248;-1.64645
4.42669;-6.42463;0.848523;-1.589
4.42092;-6.43581;0.860836;-1.57381
4.39269;-6.48973;0.903898;-1.52913
4.38534;-6.50347;0.912653;-1.51719
4.34344;-6.57695;0.95723;-1.48041
4.33524;-6.59065;0.964653;-1.47349
4.3271;-6.60393;0.971787;-1.4673
4.2939;-6.65779;1.00051;-1.45218
4.2864;-6.66969;1.00683;-1.44874
4.22375;-6.76368;1.05761;-1.43315
4.21605;-6.77482;1.06337;-1.43211
4.20437;-6.79113;1.07201;-1.43067
4.18718;-6.81394;1.0852;-1.42921
4.15883;-6.85598;1.07468;-1.44023
4.1594;-6.85905;1.07127;-1.44704
4.16035;-6.86316;1.06915;-1.45509
4.17159;-6.87593;1.05682;-1.48071
4.17765;-6.8801;1.05149;-1.4868
4.20018;-6.8957;1.03449;-1.51798
4.26284;-6.93199;0.992333;-1.58327
4.34098;-6.97431;0.946676;-1.64044
4.35828;-6.9838;0.936174;-1.6509
4.41538;-7.01891;0.900508;-1.6663
4.52468;-7.1055;0.827633;-1.65684
4.54244;-7.1224;0.814049;-1.65344
4.6135;-7.20241;0.754297;-1.62063
4.62912;-7.22342;0.740539;-1.6096
4.67677;-7.29673;0.700571;-1.58409
4.75494;-7.44374;0.635923;-1.54822
4.76318;-7.46119;0.629159;-1.54547
4.80499;-7.55751;0.59426;-1.53056
4.8465;-7.66546;0.558646;-1.52067
4.853;-7.68514;0.553009;-1.51883
4.87109;-7.73968;0.537482;-1.51585
4.87803;-7.76048;0.531421;-1.51477
4.88318;-7.77729;0.526916;-1.51441
4.90638;-7.85511;0.504144;-1.51158
4.9174;-7.89387;0.495104;-1.51106
4.92145;-7.90802;0.499193;-1.51113
4.93267;-7.95255;0.517228;-1.50242
4.93341;-7.95875;0.517691;-1.49941
4.92884;-7.98567;0.526268;-1.45731
4.91051;-8.02414;0.535302;-1.39835
4.90539;-8.03444;0.536742;-1.38167
4.89397;-8.05745;0.539409;-1.35517
4.88608;-8.07357;0.54082;-1.33492
4.84822;-8.1552;0.546505;-1.25846
4.83747;-8.17907;0.54751;-1.23719
4.75892;-8.36413;0.557801;-1.107
4.70174;-8.50532;0.56371;-1.02185
4.69004;-8.53448;0.565037;-1.00032
4.62448;-8.69733;0.570111;-0.914495
4.61118;-8.73015;0.570911;-0.893565
4.5522;-8.87527;0.576356;-0.818959
4.53785;-8.91065;0.577808;-0.808082
4.5233;-8.94649;0.579167;-0.784324
4.47811;-9.05632;0.582331;-0.736858
4.45864;-9.10273;0.583669;-0.722452
4.31762;-9.42824;0.591596;-0.639728
4.30335;-9.45966;0.592439;-0.636219
4.24368;-9.58781;0.597018;-0.616989
4.18986;-9.70148;0.600131;-0.605394
4.17811;-9.72628;0.600789;-0.604199
4.12147;-9.844;0.603074;-0.596689
4.11159;-9.8642;0.603063;-0.596109
4.10209;-9.88341;0.603028;-0.595091
4.07532;-9.937;0.603679;-0.593671
4.04655;-9.99626;0.607681;-0.599836
4.04865;-10.0276;0.618078;-0.677515
4.05402;-10.0277;0.619394;-0.698671
4.06844;-10.0241;0.623098;-0.735233
4.10118;-10.0099;0.631122;-0.806027
4.13901;-9.99343;0.639492;-0.887103
4.22399;-9.95122;0.654914;-1.05155
4.24261;-9.9419;0.657401;-1.0704
4.2619;-9.93197;0.659719;-1.10709
4.30742;-9.90786;0.663737;-1.15828
4.35011;-9.88647;0.6657;-1.21672
4.53309;-9.78452;0.676564;-1.34024
4.55319;-9.77212;0.677879;-1.35166
4.63024;-9.72387;0.682712;-1.37664
4.71926;-9.66407;0.690132;-1.39915
4.7348;-9.65335;0.691789;-1.4008
4.80902;-9.59959;0.698491;-1.41114
4.82196;-9.58986;0.699455;-1.41196
4.83421;-9.58038;0.700366;-1.41339
4.86855;-9.55339;0.702823;-1.41646
4.88219;-9.54297;0.702332;-1.41757
4.9344;-9.51899;0.686929;-1.42027
4.9382;-9.52213;0.685849;-1.42242
4.97053;-9.55045;0.679167;-1.43412
5.02796;-9.5945;0.674201;-1.44638
5.04152;-9.60417;0.673858;-1.45027
5.08742;-9.63489;0.673416;-1.45991
5.10933;-9.6481;0.673386;-1.46481
5.12767;-9.65904;0.673185;-1.46659
5.20994;-9.70567;0.671961;-1.4827
5.34748;-9.77545;0.672507;-1.50265
5.48773;-9.84144;0.671414;-1.52399
5.61286;-9.89606;0.669182;-1.53426
5.67232;-9.91894;0.667874;-1.53998
5.79211;-9.96602;0.665015;-1.5475
5.81961;-9.97583;0.664026;-1.54965
5.9276;-10.0163;0.660174;-1.55538
5.95138;-10.0253;0.659607;-1.55591
5.97567;-10.0335;0.658919;-1.55728
6.04299;-10.0579;0.657457;-1.55969
6.06873;-10.0678;0.656863;-1.56029
6.24516;-10.1273;0.657963;-1.56401
6.2569;-10.1311;0.658522;-1.56415
6.30188;-10.1466;0.660763;-1.56358
6.35364;-10.1624;0.663737;-1.54879
6.35941;-10.1643;0.665067;-1.54395
6.37779;-10.1776;0.67168;-1.52618
6.38222;-10.182;0.673335;-1.52332
6.38812;-10.186;0.674921;-1.51719
6.40217;-10.1985;0.678834;-1.50721
6.40723;-10.2036;0.680329;-1.50012
6.49725;-10.2907;0.692688;-1.44642
6.5076;-10.3012;0.694022;-1.4423
6.55917;-10.3573;0.701504;-1.42929
6.57112;-10.3696;0.703165;-1.42737
6.59727;-10.3996;0.70689;-1.42313
6.63849;-10.4443;0.712498;-1.419
6.64731;-10.4552;0.714074;-1.41837
6.66137;-10.4713;0.715901;-1.41769
6.66812;-10.479;0.716663;-1.41724
6.68723;-10.5037;0.718996;-1.41642
6.72469;-10.5534;0.721355;-1.41767
6.72833;-10.5574;0.724509;-1.42093
6.73598;-10.5687;0.752867;-1.45546
6.73607;-10.5886;0.797509;-1.52571
6.73556;-10.5942;0.808226;-1.55004
6.72901;-10.6298;0.856246;-1.63196
6.72526;-10.6514;0.880497;-1.66977
6.72279;-10.6663;0.894709;-1.69652
6.72052;-10.6791;0.90503;-1.70808
6.70461;-10.7648;0.95746;-1.7947
6.68883;-10.8567;1.00304;-1.84342
6.68343;-10.8883;1.01744;-1.85393
6.68132;-10.902;1.02355;-1.85622
6.67378;-10.9678;1.05339;-1.871
6.66859;-11.0142;1.07314;-1.87577
6.66595;-11.0345;1.08115;-1.87793
6.66404;-11.0509;1.0876;-1.87876
6.66275;-11.0619;1.09055;-1.8794
6.66161;-11.0705;1.09027;-1.87975
6.66052;-11.0786;1.08807;-1.88017
6.65489;-11.125;1.02625;-1.86093
6.65293;-11.1283;1.01736;-1.8585
6.64025;-11.1455;0.972404;-1.83903
6.60795;-11.1805;0.900271;-1.81511
6.59948;-11.1892;0.88798;-1.81019
6.56062;-11.2273;0.838721;-1.7957
6.55112;-11.2362;0.827185;-1.7938
6.54132;-11.2453;0.815965;-1.79026
6.52117;-11.2637;0.794862;-1.78547
6.51234;-11.2715;0.784466;-1.78236
6.42647;-11.3407;0.705487;-1.76843
6.3906;-11.3672;0.677559;-1.765
6.37464;-11.3787;0.666;-1.76388
6.33511;-11.406;0.639322;-1.76203
6.31451;-11.4203;0.637145;-1.76168
6.3029;-11.4296;0.646721;-1.76191
6.29546;-11.4368;0.650181;-1.7579
6.29296;-11.4401;0.649723;-1.7518
6.29146;-11.4432;0.648836;-1.74742
6.29078;-11.4459;0.647099;-1.73624
6.32826;-11.4689;0.639007;-1.55562
6.33596;-11.4719;0.638013;-1.52611
6.37495;-11.485;0.63403;-1.42123
6.43606;-11.5051;0.632618;-1.25283
6.47684;-11.519;0.632419;-1.15455
6.50617;-11.5287;0.632917;-1.09436
6.54106;-11.5402;0.633542;-1.03325
6.57359;-11.5517;0.633124;-0.950563
6.64745;-11.5793;0.631492;-0.826839
6.6882;-11.5954;0.630032;-0.747278
6.79871;-11.6416;0.625897;-0.592472
6.81636;-11.6497;0.625017;-0.578968
6.88867;-11.6856;0.622165;-0.517828
6.91953;-11.702;0.620823;-0.500372
6.95308;-11.7197;0.620167;-0.48015
7.03379;-11.765;0.619164;-0.452682
7.06682;-11.7845;0.618816;-0.445374
7.07686;-11.7905;0.618492;-0.444229
7.10783;-11.8103;0.616522;-0.440029
7.11629;-11.8159;0.616;-0.438756
7.12623;-11.8224;0.615233;-0.437966
7.13983;-11.8317;0.614767;-0.437096
7.16766;-11.8514;0.622717;-0.436356
7.18832;-11.8722;0.646374;-0.48085
7.19;-11.8752;0.651049;-0.489875
7.19786;-11.889;0.668922;-0.544658
7.21152;-11.9109;0.695153;-0.646624
7.21762;-11.9198;0.703088;-0.678915
7.24103;-11.952;0.731671;-0.786272
7.25905;-11.9747;0.750453;-0.860289
7.3683;-12.0982;0.816518;-1.11039
7.40709;-12.1364;0.832029;-1.15651
7.41904;-12.1477;0.837079;-1.17245
7.47792;-12.2007;0.860483;-1.21414
7.50934;-12.2282;0.872866;-1.23085
7.54019;-12.2543;0.885033;-1.24283
7.54957;-12.2627;0.888624;-1.2463
7.56718;-12.2782;0.895374;-1.25077
7.5852;-12.2938;0.902335;-1.25534
7.63075;-12.3346;0.919441;-1.2611
7.65351;-12.3566;0.916135;-1.25926
7.66565;-12.371;0.915705;-1.24803
7.67984;-12.394;0.920236;-1.2186
7.68409;-12.4025;0.920407;-1.20873
7.70178;-12.4388;0.919298;-1.17532
7.71908;-12.4773;0.917362;-1.14163
7.72522;-12.4907;0.9168;-1.12693
7.74543;-12.5356;0.912698;-1.0907
7.78436;-12.625;0.906087;-1.04986
7.81445;-12.6982;0.901259;-1.02548
7.82776;-12.7313;0.89928;-1.01863
7.84587;-12.7782;0.895633;-1.00851
7.865;-12.8275;0.891834;-1.00184
7.88017;-12.8682;0.888055;-0.997104
7.89172;-12.8977;0.885417;-0.9939
7.9049;-12.933;0.88172;-0.991574
7.91849;-12.969;0.877425;-0.989841
7.92946;-12.9981;0.873343;-0.988573
7.93999;-13.0278;0.874827;-0.988617
7.94525;-13.0429;0.878689;-0.990086
7.96122;-13.0705;0.887101;-1.00933
7.97652;-13.0796;0.894213;-1.03345
8.00189;-13.0906;0.901173;-1.06371
8.0347;-13.0993;0.908609;-1.10006
8.0648;-13.1079;0.91575;-1.1295
8.13469;-13.1235;0.926248;-1.17259
8.14825;-13.1267;0.927655;-1.18486
8.17156;-13.1319;0.930009;-1.19587
8.19066;-13.1358;0.931986;-1.20099
8.20998;-13.1396;0.933908;-1.21035
8.40707;-13.1698;0.951867;-1.2613
8.45747;-13.1753;0.956882;-1.26842
8.52181;-13.1837;0.964072;-1.27459
8.55231;-13.1868;0.96763;-1.27726
8.60099;-13.1931;0.972631;-1.28022
8.62522;-13.1954;0.974937;-1.28142
8.63279;-13.196;0.97563;-1.28166
8.65494;-13.1992;0.978046;-1.2823
8.66389;-13.2003;0.978554;-1.28238
8.69031;-13.2048;0.978958;-1.27351
8.69234;-13.2129;0.982349;-1.17255
8.68042;-13.2097;0.983051;-1.10336
8.66978;-13.2045;0.983513;-1.04269
8.64377;-13.1903;0.985123;-0.932234
8.62117;-13.1741;0.985955;-0.8405
8.5957;-13.1549;0.987393;-0.743899
8.58707;-13.1475;0.987924;-0.705141
8.57806;-13.1395;0.98846;-0.666686
8.56648;-13.1291;0.989026;-0.643281
8.4708;-13.0377;0.993332;-0.344064
8.44446;-13.0097;0.994002;-0.260452
8.3955;-12.9571;0.994649;-0.137961
8.37041;-12.9283;0.993926;-0.0657173
8.32924;-12.8805;0.991343;-0.00243523
8.27797;-12.819;0.984723;0.0251439
8.25142;-12.7886;0.980493;0.0158465
8.23465;-12.7693;0.977209;0.0104693
8.20739;-12.7378;0.971041;-0.0222176
8.14716;-12.6704;0.957391;-0.0891964
8.05457;-12.5698;0.933607;-0.243124
8.024;-12.5375;0.92488;-0.314591
7.95755;-12.47;0.905706;-0.429086
7.90916;-12.4223;0.891126;-0.52779
7.85632;-12.3717;0.874067;-0.62797
7.8064;-12.3251;0.857543;-0.728889
7.7894;-12.3096;0.852413;-0.76996
7.77227;-12.2942;0.847168;-0.810942
7.69798;-12.229;0.822909;-0.935696
7.68009;-12.2144;0.816878;-0.977469
7.54829;-12.1098;0.770006;-1.22551
7.51163;-12.0816;0.757319;-1.29075
7.4141;-12.0099;0.723726;-1.4511
7.3529;-11.9669;0.702729;-1.5583
7.2951;-11.9293;0.683902;-1.65824
7.27572;-11.9169;0.677435;-1.70004
7.19141;-11.8646;0.650941;-1.8409
7.06553;-11.7898;0.611427;-2.04797
7.04006;-11.7752;0.603818;-2.06709
7.02489;-11.7664;0.599517;-2.09982
6.95999;-11.7298;0.582254;-2.17716
6.94038;-11.7192;0.577255;-2.20535
6.91653;-11.7064;0.571175;-2.21695
6.77642;-11.6351;0.536806;-2.31996
6.72618;-11.6113;0.525017;-2.33721
6.71171;-11.6045;0.521713;-2.33992
6.69792;-11.5981;0.518501;-2.34477
6.64216;-11.574;0.507082;-2.35599
6.57273;-11.5457;0.493123;-2.36282
6.55366;-11.5379;0.488963;-2.36357
6.54504;-11.5344;0.488072;-2.36416
6.53475;-11.5302;0.490273;-2.36452
6.51905;-11.5242;0.498978;-2.3649
6.48833;-11.5263;0.569227;-2.33372
6.4862;-11.5288;0.577611;-2.32278
6.46443;-11.5539;0.644632;-2.2774
6.44047;-11.5722;0.684594;-2.24714
6.43213;-11.5788;0.697627;-2.23533
6.42344;-11.5859;0.710401;-2.2287
6.41292;-11.5917;0.722578;-2.21925
6.36746;-11.6201;0.767195;-2.18904
6.35679;-11.6274;0.777035;-2.18502
6.24341;-11.6832;0.858551;-2.15089
6.20949;-11.7003;0.879947;-2.14502
6.20048;-11.7036;0.884715;-2.14304
6.12823;-11.7349;0.925065;-2.13503
6.11067;-11.7422;0.934341;-2.13378
6.10112;-11.7469;0.939746;-2.13301
6.09353;-11.7503;0.94372;-2.13267
6.08458;-11.7529;0.947235;-2.13186
6.05685;-11.7639;0.939406;-2.13248
6.05045;-11.7663;0.933243;-2.13232
5.99856;-11.7685;0.914688;-2.07131
5.96314;-11.7787;0.907493;-2.00909
5.95159;-11.7822;0.906354;-1.99155
5.89842;-11.8062;0.900781;-1.92509
5.86662;-11.8192;0.896762;-1.8786
5.81589;-11.8459;0.891607;-1.82211
5.79298;-11.8588;0.889915;-1.80801
5.70857;-11.9028;0.885029;-1.72686
5.55872;-11.9858;0.875518;-1.63075
5.53427;-12;0.874189;-1.61573
5.45762;-12.0404;0.871305;-1.58281
5.3023;-12.1213;0.867459;-1.54125
5.27999;-12.1326;0.867006;-1.53834
5.19737;-12.1754;0.865363;-1.52171
5.17669;-12.185;0.865149;-1.51878
5.11729;-12.2156;0.864616;-1.51234
5.09647;-12.2268;0.864425;-1.51116
4.92828;-12.313;0.861004;-1.50287
4.91746;-12.3171;0.859649;-1.50299
4.90816;-12.3207;0.856655;-1.50345
4.89865;-12.3244;0.850992;-1.5038
4.89268;-12.3267;0.844853;-1.50481
4.88816;-12.3287;0.837477;-1.50594
4.87542;-12.3376;0.789265;-1.5063
4.87847;-12.3483;0.753229;-1.50286
4.89026;-12.3767;0.692385;-1.49563
4.89513;-12.3861;0.677207;-1.49438
4.89809;-12.3962;0.662303;-1.49151
4.93463;-12.4894;0.574201;-1.48058
4.94134;-12.5064;0.560523;-1.48002
4.94712;-12.5199;0.550056;-1.479
4.96925;-12.5734;0.511511;-1.47709
4.97599;-12.5895;0.500352;-1.47692
5.02612;-12.6979;0.43384;-1.47641
5.03325;-12.7106;0.426967;-1.4765
5.06214;-12.764;0.398672;-1.47739
5.06692;-12.7717;0.394574;-1.47762
5.07265;-12.7811;0.389801;-1.47765
5.08019;-12.7955;0.385877;-1.47751
5.08393;-12.8021;0.388287;-1.47724
5.09457;-12.8285;0.393476;-1.47233
5.09293;-12.8435;0.376115;-1.46932
5.09186;-12.8482;0.374349;-1.46907
5.09368;-12.9077;0.332821;-1.47285
5.09591;-12.9186;0.324986;-1.47346
5.10568;-12.9605;0.300379;-1.47394
5.13567;-13.0708;0.253302;-1.47498
5.14015;-13.0859;0.247515;-1.4752
5.14474;-13.1009;0.24204;-1.47556
5.14934;-13.1156;0.236747;-1.47588
5.17398;-13.191;0.210736;-1.47734
5.18429;-13.2204;0.201098;-1.47781
5.22358;-13.3279;0.16997;-1.4796
5.23133;-13.3481;0.164699;-1.47984
5.24332;-13.3792;0.156384;-1.4802
5.25297;-13.4045;0.154496;-1.47967
5.26124;-13.4268;0.161844;-1.47988
5.26582;-13.4402;0.155589;-1.48721
5.27819;-13.4581;0.143188;-1.51737
5.28571;-13.4653;0.136552;-1.53198
5.30598;-13.4833;0.121397;-1.56324
5.31358;-13.4898;0.116098;-1.57446
5.35215;-13.5229;0.0927795;-1.62185
5.40586;-13.5693;0.064305;-1.66569
5.4571;-13.6128;0.0410412;-1.70402
5.47407;-13.6274;0.0335094;-1.71953
5.49161;-13.6426;0.0257719;-1.73531
5.54983;-13.6925;0.00160265;-1.77323
5.64017;-13.7706;-0.0331463;-1.81501
5.71666;-13.836;-0.0555016;-1.84255
5.8087;-13.9147;-0.0807009;-1.87226
5.90188;-13.993;-0.105623;-1.8925
5.9889;-14.064;-0.12685;-1.90443
6.02135;-14.0902;-0.134367;-1.9099
6.07989;-14.1365;-0.145926;-1.91523
6.09691;-14.1498;-0.149065;-1.91626
6.11304;-14.1624;-0.152092;-1.9177
6.14691;-14.1887;-0.158742;-1.91958
6.16261;-14.2008;-0.161706;-1.92048
6.27334;-14.2856;-0.170141;-1.92061
6.29479;-14.3051;-0.174567;-1.91734
6.30731;-14.3221;-0.183434;-1.91158
6.31139;-14.351;-0.200539;-1.90136
6.32142;-14.3828;-0.215889;-1.89297
6.32659;-14.4065;-0.225596;-1.88482
6.32903;-14.4195;-0.230681;-1.88352
6.34686;-14.4811;-0.250427;-1.86912
6.34962;-14.4929;-0.253501;-1.86568
6.37665;-14.5955;-0.277629;-1.85433
6.38941;-14.6419;-0.287973;-1.85143
6.39971;-14.6853;-0.296899;-1.84956
6.40349;-14.7026;-0.300306;-1.84928
6.42272;-14.7844;-0.317899;-1.84718
6.42621;-14.7971;-0.320161;-1.8469
6.43647;-14.8515;-0.329551;-1.84635
6.4405;-14.8651;-0.331948;-1.84616
6.44249;-14.8727;-0.33327;-1.84609
6.44511;-14.8847;-0.334936;-1.84606
6.45736;-14.9321;-0.329358;-1.84151
6.46249;-14.9645;-0.310097;-1.78076
6.45253;-14.9839;-0.295533;-1.72983
6.4445;-14.9991;-0.284273;-1.68158
6.41285;-15.0343;-0.260234;-1.59794
6.39582;-15.0558;-0.247679;-1.54435
6.35647;-15.0948;-0.221812;-1.46654
6.34178;-15.1079;-0.213714;-1.45105
6.32548;-15.1262;-0.204319;-1.41696
6.29523;-15.1567;-0.18969;-1.37349
6.20477;-15.2421;-0.146189;-1.2324
6.07041;-15.3641;-0.0995542;-1.09454
5.96981;-15.4477;-0.0735571;-1.03778
5.89657;-15.5086;-0.0558124;-1.00293
5.82878;-15.5588;-0.0420872;-0.977755
5.76661;-15.6074;-0.0299301;-0.959592
5.74614;-15.622;-0.0258623;-0.953861
5.68284;-15.6669;-0.0144171;-0.942659
5.66465;-15.6803;-0.0112111;-0.939521
5.64667;-15.693;-0.00805838;-0.937678
5.51327;-15.7825;0.0201102;-0.926409
5.48772;-15.7999;0.023747;-0.924898
5.44891;-15.8271;0.0185622;-0.930353
5.44223;-15.842;0.0189274;-0.957481
5.44769;-15.849;0.0197802;-0.980393
5.47906;-15.8649;0.0204433;-1.05989
5.51359;-15.8776;0.0205007;-1.13129
5.53061;-15.8834;0.0204526;-1.14658
5.5469;-15.8892;0.0200399;-1.17855
5.66176;-15.9269;0.0176535;-1.34937
5.74924;-15.9561;0.0178335;-1.47091
5.85083;-15.99;0.0162581;-1.5577
5.92069;-16.0114;0.015344;-1.61342
5.97028;-16.0275;0.0150825;-1.64831
6.07044;-16.0556;0.014284;-1.68706
6.08735;-16.0605;0.0140021;-1.69709
6.15389;-16.078;0.0130261;-1.71658
6.20617;-16.0893;0.0129233;-1.73018
6.2409;-16.0958;0.0134788;-1.7362
6.30122;-16.1097;0.013853;-1.74556
6.37235;-16.1255;0.017081;-1.75142
6.40413;-16.1317;0.0188198;-1.75345
6.43575;-16.1396;0.0179339;-1.75406
6.45903;-16.1501;0.00474612;-1.76243
6.46894;-16.1586;-0.00303449;-1.7706
6.48111;-16.1748;-0.0212816;-1.7908
6.49956;-16.1969;-0.0444681;-1.81824
6.5058;-16.2053;-0.0526527;-1.83032
6.53024;-16.2367;-0.0803164;-1.86116
6.56803;-16.2835;-0.119621;-1.90999
6.61863;-16.3442;-0.165387;-1.95253
6.66278;-16.3967;-0.203437;-1.99161
6.71133;-16.4516;-0.241687;-2.0297
6.7684;-16.5152;-0.282335;-2.06732
6.83313;-16.5832;-0.317029;-2.09846
6.89146;-16.6442;-0.34732;-2.12336
6.9119;-16.6647;-0.357439;-2.13172
6.92686;-16.6798;-0.364754;-2.13838
6.98784;-16.7414;-0.394863;-2.15353
7.11139;-16.8642;-0.453269;-2.17403
7.1622;-16.9135;-0.475339;-2.17924
7.17605;-16.9271;-0.481406;-2.18083
7.24338;-16.9921;-0.510551;-2.1848
7.26511;-17.0129;-0.519984;-2.18592
7.30973;-17.0535;-0.531538;-2.1871
7.33255;-17.075;-0.519237;-2.18765
7.34744;-17.0882;-0.512563;-2.18495
7.35449;-17.0956;-0.510026;-2.18365
7.37677;-17.1391;-0.488331;-2.16137
7.38071;-17.1578;-0.479085;-2.14884
7.39074;-17.2104;-0.460808;-2.12489
7.39422;-17.2408;-0.45215;-2.10648
7.4035;-17.3149;-0.439071;-2.08054
7.40659;-17.3519;-0.433697;-2.06709
7.41173;-17.4084;-0.424869;-2.05496
7.41523;-17.4841;-0.413204;-2.04519
7.41938;-17.5391;-0.406709;-2.04034
7.4199;-17.5548;-0.404858;-2.03879
7.42143;-17.5999;-0.399001;-2.03566
7.4232;-17.6699;-0.388331;-2.03235
7.42485;-17.6943;-0.384116;-2.03133
7.42415;-17.7383;-0.376588;-2.03017
7.42499;-17.7691;-0.371826;-2.02972
7.42463;-17.7775;-0.371129;-2.02968
7.42494;-17.8058;-0.372923;-2.02792
7.42716;-17.8258;-0.365466;-2.01591
7.43058;-17.843;-0.357692;-1.99835
7.43053;-17.849;-0.354837;-1.98945
7.42184;-17.8914;-0.335347;-1.94317
7.41794;-17.914;-0.326778;-1.91362
7.41144;-17.94;-0.318971;-1.89187
7.3986;-17.9883;-0.309755;-1.85931
7.37998;-18.0533;-0.298859;-1.8267
7.36946;-18.0898;-0.291766;-1.81574
7.35006;-18.1521;-0.279545;-1.7969
7.3353;-18.2013;-0.270812;-1.78816
7.32113;-18.2439;-0.263956;-1.78191
7.30728;-18.2882;-0.257201;-1.77774
7.30307;-18.3011;-0.255236;-1.77709
7.2764;-18.3776;-0.243257;-1.77273
7.26425;-18.4076;-0.239083;-1.77224
7.25601;-18.4335;-0.234985;-1.77413
7.25182;-18.453;-0.22812;-1.78261
7.25249;-18.4587;-0.224859;-1.78755
7.26031;-18.4884;-0.209729;-1.81729
7.26339;-18.4965;-0.206315;-1.82752
7.28153;-18.5514;-0.186435;-1.86964
7.28635;-18.5648;-0.182566;-1.88131
7.29713;-18.5983;-0.175431;-1.89757
7.32225;-18.6839;-0.1646;-1.93412
7.34407;-18.7587;-0.155685;-1.95053
7.35606;-18.7939;-0.1516;-1.959
7.37806;-18.8635;-0.144096;-1.9684
7.38901;-18.8956;-0.140967;-1.973
7.40792;-18.9568;-0.135757;-1.97814
7.42255;-19.0014;-0.131982;-1.98111
7.42976;-19.0258;-0.129835;-1.98277
7.43394;-19.0402;-0.128664;-1.98316
7.43678;-19.049;-0.127992;-1.98385
7.44951;-19.0924;-0.124008;-1.98515
7.46056;-19.132;-0.121162;-1.97753
7.45756;-19.1506;-0.120497;-1.94769
7.4414;-19.1614;-0.121451;-1.91797
7.42578;-19.1672;-0.122141;-1.89767
7.37763;-19.1787;-0.124931;-1.84496
7.31126;-19.1909;-0.130154;-1.79858
7.25183;-19.1992;-0.131946;-1.75014
7.2264;-19.2045;-0.131844;-1.72376
7.1392;-19.227;-0.132738;-1.63535
7.09506;-19.2436;-0.132436;-1.59246
7.07337;-19.2536;-0.131922;-1.5623
6.91406;-19.3569;-0.126181;-1.38921
6.87367;-19.3929;-0.124607;-1.32637
6.7936;-19.4797;-0.122835;-1.2502
6.73944;-19.5426;-0.120973;-1.20402
6.68676;-19.61;-0.11896;-1.16991
6.64;-19.6675;-0.117173;-1.14449
6.62121;-19.69;-0.11655;-1.13562
6.55387;-19.7745;-0.114744;-1.1131
6.50414;-19.8374;-0.114412;-1.102
6.4836;-19.8649;-0.113772;-1.09885
6.45247;-19.9044;-0.112955;-1.09515
6.43701;-19.9275;-0.113563;-1.09331
6.41505;-19.9576;-0.113693;-1.09195
6.3943;-19.9938;-0.110231;-1.09259
6.38906;-20.0097;-0.111831;-1.1106
6.39334;-20.0238;-0.11456;-1.14632
6.39631;-20.0278;-0.115405;-1.16613
6.42552;-20.0504;-0.121501;-1.26766
6.44399;-20.0609;-0.124914;-1.33083
6.47395;-20.0769;-0.129797;-1.41043
6.52551;-20.1023;-0.139073;-1.51946
6.57074;-20.1225;-0.146839;-1.61472
6.603;-20.1371;-0.152574;-1.69115
6.68499;-20.1726;-0.16511;-1.79013
6.74116;-20.1963;-0.172635;-1.85417
6.77993;-20.2112;-0.177125;-1.89374
6.79872;-20.2183;-0.179256;-1.90226
6.85709;-20.2398;-0.186173;-1.9389
6.96325;-20.2766;-0.196901;-1.98045
7.0105;-20.2922;-0.201598;-1.99314
7.05491;-20.3061;-0.206512;-2.00092
7.08272;-20.3148;-0.210089;-2.00556
7.12923;-20.3285;-0.215976;-2.01026
7.1653;-20.3391;-0.21934;-2.01233
7.18377;-20.3443;-0.219917;-2.01369
7.2083;-20.3507;-0.217697;-2.01452
7.22484;-20.3569;-0.223759;-2.0116
7.22747;-20.3593;-0.22773;-2.01066
7.23245;-20.3965;-0.258668;-1.99932
7.22808;-20.4266;-0.278652;-1.99109
7.21755;-20.4658;-0.301775;-1.98111
7.20709;-20.518;-0.325352;-1.97023
7.19232;-20.574;-0.343884;-1.96026
7.17725;-20.6381;-0.364318;-1.95244
7.16039;-20.6969;-0.38062;-1.94708
7.14399;-20.7592;-0.395306;-1.94356
7.13853;-20.7774;-0.399742;-1.94239
7.1227;-20.8295;-0.412162;-1.93978
7.09621;-20.9102;-0.430996;-1.93736
7.08227;-20.9537;-0.440611;-1.93635
7.07316;-20.9777;-0.446485;-1.93559
7.05695;-21.0247;-0.457811;-1.93477
7.05316;-21.0347;-0.460069;-1.9346
7.03583;-21.08;-0.462126;-1.93514
7.03111;-21.0924;-0.458378;-1.9375
7.03065;-21.1136;-0.45444;-1.94711
7.03212;-21.1181;-0.452893;-1.95212
7.05362;-21.1568;-0.44027;-1.98279
7.05854;-21.1658;-0.437873;-1.9902
7.08362;-21.2171;-0.427076;-2.01371
7.10304;-21.2604;-0.423127;-2.03047
7.12502;-21.3139;-0.420298;-2.04284
7.13024;-21.3262;-0.419495;-2.04719
7.16571;-21.413;-0.413277;-2.06123
7.17988;-21.4446;-0.411948;-2.06675
7.20711;-21.5081;-0.408804;-2.07302
7.21399;-21.5234;-0.408358;-2.07456
7.22061;-21.5382;-0.407818;-2.07587
7.25729;-21.6231;-0.403328;-2.08058
7.27858;-21.6736;-0.4005;-2.08215
7.28878;-21.6966;-0.399667;-2.0828
7.30675;-21.7379;-0.400803;-2.08295
7.31376;-21.755;-0.402637;-2.07641
7.31892;-21.7811;-0.399465;-2.04331
7.31503;-21.8014;-0.396269;-1.99609
7.31182;-21.8082;-0.395189;-1.97424
7.30765;-21.8152;-0.393744;-1.95011
7.25647;-21.8874;-0.378225;-1.78472
7.22657;-21.9258;-0.375898;-1.70666
7.18748;-21.9708;-0.373871;-1.64414
7.16209;-22.0003;-0.372734;-1.60434
7.10496;-22.0597;-0.369996;-1.55883
7.07885;-22.0864;-0.369692;-1.53496
7.0368;-22.1253;-0.368036;-1.51401
6.98755;-22.1698;-0.365999;-1.4964
6.95014;-22.2008;-0.364151;-1.48653
6.93912;-22.2105;-0.363784;-1.48328
6.91525;-22.2302;-0.362899;-1.48002
6.85683;-22.2772;-0.362316;-1.47257
6.83411;-22.2954;-0.366534;-1.47194
6.8179;-22.315;-0.362404;-1.49192
6.81643;-22.3249;-0.356211;-1.51162
6.819;-22.3362;-0.351967;-1.54086
6.83659;-22.3676;-0.339651;-1.59646
6.85621;-22.3987;-0.325645;-1.64982
6.87247;-22.4229;-0.31538;-1.6998
6.89351;-22.4541;-0.305199;-1.73806
6.9252;-22.5009;-0.295074;-1.79412
6.9909;-22.595;-0.278077;-1.85905
7.02821;-22.6451;-0.269083;-1.88748
7.0411;-22.662;-0.266651;-1.89685
7.10612;-22.7421;-0.253862;-1.92521
7.14146;-22.7834;-0.248249;-1.93657
7.17632;-22.8226;-0.241654;-1.94428
7.21024;-22.8577;-0.236684;-1.95007
7.23815;-22.8858;-0.231529;-1.95361
7.24706;-22.8945;-0.230079;-1.95487
7.27867;-22.9248;-0.227646;-1.95733
7.30273;-22.9488;-0.233906;-1.96097
7.3063;-22.9532;-0.233537;-1.96434
7.31553;-22.9674;-0.229937;-1.98055
7.33281;-22.9986;-0.22353;-2.02374
7.34164;-23.0144;-0.220006;-2.05106
7.3647;-23.0552;-0.210674;-2.09712
7.38847;-23.0934;-0.206866;-2.12939
7.41567;-23.1369;-0.204186;-2.15907
7.42561;-23.1521;-0.203123;-2.16922
7.45938;-23.2019;-0.199729;-2.191
7.50108;-23.261;-0.195706;-2.21331
7.54337;-23.3188;-0.190802;-2.22615
7.57159;-23.3589;-0.185605;-2.2337
7.59864;-23.3951;-0.181347;-2.23886
7.62058;-23.4249;-0.177436;-2.24233
7.6352;-23.4435;-0.175682;-2.24409
7.66752;-23.4859;-0.176058;-2.2462
7.67329;-23.493;-0.178107;-2.24599
7.68333;-23.507;-0.182345;-2.24401
7.68579;-23.5112;-0.18329;-2.24222
7.69852;-23.5603;-0.195409;-2.22328
7.70129;-23.5903;-0.200375;-2.2102
7.70141;-23.6326;-0.206988;-2.19358
7.70223;-23.6838;-0.214654;-2.17418
7.70208;-23.697;-0.216431;-2.1663
7.69905;-23.796;-0.226835;-2.14093
7.69575;-23.8573;-0.232624;-2.13118
7.69358;-23.9121;-0.238204;-2.12476
7.69008;-23.9682;-0.243514;-2.12003
7.6884;-23.9846;-0.244784;-2.11866
7.6816;-24.0685;-0.250681;-2.11539
7.67755;-24.1126;-0.253125;-2.11393
7.67435;-24.1437;-0.25491;-2.11319
7.66824;-24.1968;-0.257206;-2.11267
7.66381;-24.2299;-0.258002;-2.11234
7.66107;-24.2587;-0.256462;-2.11223
7.66037;-24.2742;-0.25542;-2.10841
7.65839;-24.2965;-0.253742;-2.07735
7.65715;-24.3004;-0.253866;-2.06052
7.65474;-24.3037;-0.253723;-2.04166
7.61565;-24.3209;-0.249065;-1.9253
7.56493;-24.3312;-0.24526;-1.8535
7.5514;-24.3337;-0.243633;-1.82937
7.46745;-24.3444;-0.237193;-1.74731
7.4164;-24.3486;-0.23469;-1.7096
7.36064;-24.3516;-0.230266;-1.68121
7.31074;-24.3527;-0.225832;-1.66013
7.25792;-24.3529;-0.220555;-1.645
7.21181;-24.3529;-0.216047;-1.63396
7.19665;-24.3526;-0.214604;-1.63098
7.14098;-24.3515;-0.207669;-1.62313
7.12431;-24.3509;-0.205454;-1.62211
7.07245;-24.3492;-0.197946;-1.61785
7.02878;-24.3467;-0.191015;-1.61543
7.00054;-24.3489;-0.183109;-1.61141
6.99107;-24.356;-0.175571;-1.59894
6.98539;-24.3715;-0.164584;-1.57588
6.97935;-24.3927;-0.152266;-1.54306
6.96868;-24.4235;-0.136555;-1.50352
6.9639;-24.4348;-0.131408;-1.48621
6.94679;-24.4777;-0.114305;-1.43998
6.91538;-24.5423;-0.0872664;-1.37498
6.88751;-24.5983;-0.0658531;-1.32626
6.82278;-24.7115;-0.0254197;-1.24594
6.78974;-24.7653;-0.00721813;-1.2152
6.74116;-24.8401;0.0130143;-1.17027
6.68511;-24.9229;0.031365;-1.13504
6.6486;-24.9733;0.0420981;-1.1112
6.59718;-25.047;0.0564252;-1.08954
6.57556;-25.0764;0.0618337;-1.08506
6.47334;-25.2105;0.0865376;-1.05837
6.42839;-25.2665;0.0967855;-1.05039
6.40044;-25.3012;0.10364;-1.04582
6.34182;-25.3703;0.117564;-1.04094
6.32115;-25.3941;0.122;-1.03892
6.27278;-25.4472;0.132185;-1.03731
6.25645;-25.4652;0.13531;-1.03654
6.21999;-25.5039;0.13386;-1.03582
6.21578;-25.5088;0.132792;-1.03655
6.20521;-25.5248;0.13885;-1.06427
6.20772;-25.545;0.150878;-1.1266
6.21077;-25.5532;0.152863;-1.13619
6.23786;-25.6128;0.178563;-1.2597
6.25484;-25.6528;0.190458;-1.33329
6.27573;-25.7032;0.201981;-1.40187
6.29605;-25.7544;0.210836;-1.45932
6.31975;-25.811;0.22025;-1.49931
6.34071;-25.8621;0.227204;-1.52946
6.34742;-25.8786;0.229128;-1.53995
6.35398;-25.8947;0.231115;-1.54751
6.38718;-25.9688;0.241139;-1.57184
6.41256;-26.0215;0.247802;-1.5845
6.43503;-26.0677;0.253178;-1.59116
6.4402;-26.0778;0.254789;-1.59274
6.45903;-26.117;0.261647;-1.59692
6.47612;-26.1488;0.264499;-1.59653
6.48354;-26.1649;0.255349;-1.59839
6.48729;-26.1723;0.245319;-1.60582
6.48869;-26.1754;0.239224;-1.60802
6.49113;-26.1811;0.224034;-1.62334
6.51008;-26.2067;0.155856;-1.68933
6.52681;-26.2271;0.11386;-1.73069
6.53936;-26.2434;0.0864178;-1.75526
6.58236;-26.2962;0.025314;-1.8102
6.59682;-26.3146;0.00648925;-1.83003
6.63362;-26.3551;-0.0362932;-1.85391
6.6612;-26.3852;-0.0654938;-1.86791
6.6762;-26.4007;-0.0807684;-1.87611
6.69427;-26.4199;-0.0994947;-1.8806
6.71705;-26.4441;-0.121721;-1.88659
6.7454;-26.4756;-0.147557;-1.89175
6.77107;-26.5049;-0.167934;-1.89422
6.78584;-26.5229;-0.162904;-1.89585
6.79383;-26.5332;-0.152674;-1.89378
6.79938;-26.5434;-0.140891;-1.88758
6.80025;-26.5696;-0.103859;-1.85796
6.79092;-26.5892;-0.0692168;-1.82929
6.78136;-26.6051;-0.0413094;-1.79982
6.77384;-26.616;-0.0243226;-1.79222
6.72371;-26.6836;0.0593669;-1.71481
6.69355;-26.7211;0.0923296;-1.68634
6.68313;-26.7337;0.103069;-1.67553
6.63902;-26.7836;0.14347;-1.64908
6.6043;-26.8228;0.172973;-1.6352
6.55975;-26.8698;0.207764;-1.62324
6.53969;-26.8905;0.222229;-1.61783
6.52989;-26.9004;0.229045;-1.6166
6.48254;-26.9478;0.262695;-1.60897
6.47417;-26.9559;0.268548;-1.60848
6.43361;-26.9937;0.296413;-1.6047
6.40584;-27.0187;0.295848;-1.60462
6.4008;-27.0238;0.292444;-1.60485
6.39013;-27.0376;0.277569;-1.60464
6.385;-27.0619;0.241683;-1.59587
6.38575;-27.076;0.218973;-1.58714
6.38893;-27.1018;0.180597;-1.57293
6.39554;-27.152;0.123156;-1.55291
6.40101;-27.1976;0.0863422;-1.53696
6.40284;-27.214;0.0754161;-1.53148
6.40705;-27.2521;0.0529123;-1.5242
6.41574;-27.3414;0.00509004;-1.50803
6.4213;-27.4041;-0.0257753;-1.50207
6.42367;-27.4331;-0.040036;-1.49915
6.42734;-27.4895;-0.06906;-1.49628
6.42838;-27.5284;-0.0883453;-1.49468
6.42943;-27.5613;-0.103712;-1.49362
6.43082;-27.595;-0.117032;-1.49301
6.43183;-27.6229;-0.118683;-1.49254
6.43195;-27.6317;-0.112248;-1.49227
6.43271;-27.6685;-0.0974317;-1.50435
6.43407;-27.681;-0.101416;-1.523
6.44013;-27.7015;-0.104455;-1.55696
6.45569;-27.7389;-0.10514;-1.61138
6.47277;-27.7724;-0.108041;-1.66169
6.49613;-27.8158;-0.112204;-1.71311
6.52188;-27.8614;-0.115247;-1.75606
6.55195;-27.9124;-0.118172;-1.79002
6.58103;-27.959;-0.120814;-1.81692
6.6;-27.9891;-0.122673;-1.83385
6.61197;-28.0072;-0.123759;-1.83742
6.64024;-28.0486;-0.125312;-1.85236
6.695;-28.125;-0.125545;-1.87031
6.71105;-28.1475;-0.12517;-1.8748
6.74268;-28.1904;-0.126014;-1.87929
6.76179;-28.2179;-0.126225;-1.88155
6.78089;-28.2446;-0.126611;-1.883
6.78624;-28.2528;-0.124404;-1.88305
6.80283;-28.2783;-0.112148;-1.87811
6.80557;-28.2851;-0.111873;-1.87532
6.80225;-28.3058;-0.11712;-1.8119
6.78115;-28.3278;-0.123844;-1.7416
6.75538;-28.3489;-0.132662;-1.66709
6.72185;-28.3756;-0.142874;-1.58331
6.68438;-28.4049;-0.153754;-1.49676
6.63741;-28.4417;-0.166519;-1.40182
6.58926;-28.4792;-0.178971;-1.3197
6.53785;-28.5194;-0.190327;-1.24933
6.52042;-28.5327;-0.19395;-1.22308
6.44518;-28.589;-0.210556;-1.15967
6.42779;-28.6014;-0.214264;-1.15231
6.41067;-28.6133;-0.217718;-1.13775
6.35622;-28.6504;-0.229629;-1.11174
6.23513;-28.7276;-0.254405;-1.07431
6.22242;-28.7352;-0.256458;-1.07115
6.16083;-28.7714;-0.267182;-1.0629
6.1283;-28.7889;-0.272704;-1.06
6.10182;-28.8017;-0.273164;-1.05799
6.08153;-28.8119;-0.265557;-1.05742
6.07641;-28.815;-0.263925;-1.05677
6.0637;-28.8292;-0.264161;-1.04625
6.05817;-28.8529;-0.264374;-1.02709
6.05255;-28.879;-0.266461;-1.00541
6.04503;-28.917;-0.271617;-0.983636
6.03557;-28.9598;-0.277192;-0.958804
6.02267;-29.0154;-0.283503;-0.932949
6.00791;-29.074;-0.290585;-0.906577
5.98941;-29.1468;-0.300022;-0.878566
5.97016;-29.2207;-0.309372;-0.848663
5.96304;-29.2474;-0.312568;-0.838342
5.95562;-29.2752;-0.315574;-0.827444
5.90714;-29.4581;-0.33542;-0.776087
5.88926;-29.5277;-0.341974;-0.764971
5.8455;-29.6886;-0.355716;-0.741619
5.82116;-29.775;-0.363189;-0.73128
5.81112;-29.8096;-0.365735;-0.727775
5.78091;-29.9153;-0.374023;-0.718234
5.75966;-29.9881;-0.379188;-0.713489
5.74414;-30.039;-0.382637;-0.711455
5.72315;-30.1067;-0.387565;-0.709078
5.69945;-30.1809;-0.39294;-0.707273
5.67921;-30.2418;-0.392317;-0.70808
5.66984;-30.268;-0.387516;-0.720858
5.66602;-30.281;-0.381772;-0.738975
5.65813;-30.3103;-0.361862;-0.777553
5.65387;-30.3337;-0.34316;-0.819276
5.65069;-30.3518;-0.329377;-0.859918
5.64294;-30.4004;-0.299162;-0.921178
5.63901;-30.4256;-0.289667;-0.959724
5.63036;-30.4849;-0.268487;-1.00585
5.62661;-30.5122;-0.258447;-1.02804
5.61823;-30.5818;-0.233098;-1.05787
5.61563;-30.606;-0.223501;-1.06585
5.61328;-30.6298;-0.214841;-1.07333
5.61004;-30.6731;-0.199407;-1.081
5.60892;-30.6927;-0.1926;-1.0846
5.60764;-30.7282;-0.18239;-1.08783
5.60745;-30.7361;-0.180019;-1.08858
5.60728;-30.7636;-0.177323;-1.09051
5.60722;-30.7714;-0.180575;-1.09092
5.60685;-30.787;-0.182299;-1.10215
5.61178;-30.809;-0.165324;-1.16198
5.62176;-30.8226;-0.156397;-1.2091
5.64646;-30.8516;-0.13495;-1.27889
5.65391;-30.8593;-0.129161;-1.30808
5.6932;-30.9024;-0.103679;-1.40156
5.72742;-30.9364;-0.0910001;-1.4581
5.74304;-30.9521;-0.0858525;-1.46966
5.80803;-31.0153;-0.0682942;-1.5337
5.82434;-31.0307;-0.0645633;-1.53913
5.86259;-31.0663;-0.055827;-1.56232
5.92446;-31.123;-0.0433611;-1.58853
5.96988;-31.1613;-0.0327753;-1.59839
5.9989;-31.1872;-0.0254138;-1.60378
6.02718;-31.2126;-0.018388;-1.60721
6.05021;-31.2324;-0.0119123;-1.60969
6.0644;-31.2453;-0.00816936;-1.61073
6.08447;-31.2608;-0.0127449;-1.61131
6.09656;-31.2725;-0.0203882;-1.61321
6.09934;-31.2751;-0.0207134;-1.61421
6.10416;-31.2816;-0.0219891;-1.62316
6.11185;-31.2932;-0.0283283;-1.63761
6.13895;-31.3294;-0.0440486;-1.67322
6.15964;-31.3567;-0.0532807;-1.69291
6.20006;-31.4081;-0.0678185;-1.72022
6.23521;-31.4503;-0.0799893;-1.74235
6.27729;-31.5003;-0.0925872;-1.76481
6.30802;-31.5361;-0.10142;-1.78372
6.36526;-31.6024;-0.116242;-1.80795
6.42801;-31.6715;-0.131273;-1.83176
6.49272;-31.7431;-0.144861;-1.85523
6.56115;-31.8172;-0.158533;-1.88019
6.66597;-31.9309;-0.17934;-1.90878
6.75037;-32.0221;-0.196198;-1.93261
6.83782;-32.1165;-0.210888;-1.95008
6.91809;-32.2024;-0.222171;-1.96476
6.99603;-32.2857;-0.23346;-1.97709
7.07558;-32.3704;-0.246191;-1.98679
7.09904;-32.3952;-0.24952;-1.99028
7.14441;-32.4429;-0.256209;-1.99427
7.27708;-32.5815;-0.276164;-2.00381
7.34796;-32.6549;-0.285569;-2.00739
7.37975;-32.688;-0.289306;-2.00853
7.4266;-32.7368;-0.293198;-2.00955
7.45269;-32.7636;-0.294689;-2.01007
7.47702;-32.7896;-0.295541;-2.01033
7.52611;-32.846;-0.298517;-2.00236
7.5297;-32.8521;-0.299863;-1.99826
7.53821;-32.8828;-0.310467;-1.97088
7.53613;-32.9016;-0.318219;-1.95682
7.52634;-32.9437;-0.333105;-1.91899
7.51623;-32.9856;-0.347336;-1.88582
7.51171;-33.0056;-0.353119;-1.88078
7.48852;-33.121;-0.376267;-1.8291
7.48178;-33.1544;-0.381666;-1.81615
7.47271;-33.1975;-0.38801;-1.80825
7.45181;-33.2895;-0.398335;-1.79298
7.44378;-33.3215;-0.400804;-1.78825
7.42754;-33.3829;-0.405832;-1.78292
7.42373;-33.3964;-0.406988;-1.78135
7.41325;-33.4335;-0.410665;-1.77881
7.40224;-33.4695;-0.414635;-1.77666
7.39027;-33.5073;-0.419642;-1.77464
7.37883;-33.5413;-0.421204;-1.77459
7.37356;-33.5601;-0.418807;-1.77527
7.37214;-33.5685;-0.419642;-1.77232
7.37027;-33.5768;-0.42329;-1.7662
7.3661;-33.5958;-0.429151;-1.73781
7.35634;-33.6176;-0.433322;-1.7079
7.34205;-33.6495;-0.43818;-1.67289
7.31691;-33.7049;-0.442098;-1.62923
7.29352;-33.7552;-0.444711;-1.59666
7.2704;-33.8039;-0.446561;-1.57222
7.24469;-33.8567;-0.447745;-1.55438
7.22139;-33.903;-0.447907;-1.54004
7.20631;-33.9324;-0.44851;-1.53155
7.17482;-33.9924;-0.449895;-1.5221
7.16131;-34.0182;-0.450866;-1.51768
7.13357;-34.0708;-0.453732;-1.51263
7.12762;-34.082;-0.454173;-1.51143
7.10428;-34.1247;-0.454212;-1.50905
7.0876;-34.1543;-0.452219;-1.50884
7.07133;-34.1856;-0.456996;-1.51444
7.06708;-34.2037;-0.467722;-1.52807
7.06835;-34.2249;-0.48286;-1.54845
7.07264;-34.2402;-0.49536;-1.56987
7.08144;-34.2691;-0.515685;-1.59927
7.10138;-34.3202;-0.551169;-1.63993
7.11256;-34.3475;-0.570339;-1.6702
7.13507;-34.3992;-0.604859;-1.71241
7.1689;-34.4776;-0.653201;-1.76336
7.19734;-34.5422;-0.689894;-1.80556
7.23107;-34.619;-0.731169;-1.84874
7.26516;-34.696;-0.773852;-1.89509
7.30537;-34.7861;-0.821204;-1.94106
7.33178;-34.8459;-0.848213;-1.97207
7.39015;-34.9748;-0.896886;-2.00905
7.43459;-35.0715;-0.931198;-2.03336
7.47442;-35.1553;-0.961035;-2.05262
7.48732;-35.182;-0.970473;-2.05829
7.51259;-35.2332;-0.9891;-2.06645
7.57344;-35.3547;-1.03273;-2.08349
7.60809;-35.4203;-1.05568;-2.08959
7.63687;-35.4748;-1.07437;-2.0935
7.66413;-35.5238;-1.09211;-2.09638
7.68259;-35.5571;-1.10366;-2.09754
7.72046;-35.6213;-1.1058;-2.09931
7.7346;-35.6461;-1.09261;-2.09196
7.73926;-35.6574;-1.08801;-2.06989
7.73937;-35.6626;-1.08531;-2.06303
7.72998;-35.6697;-1.07423;-2.01832
7.66904;-35.6742;-1.04073;-1.89139
7.61753;-35.6758;-1.0229;-1.81608
7.59904;-35.6762;-1.01658;-1.78821
7.49332;-35.6789;-0.990681;-1.66828
7.41606;-35.6835;-0.973784;-1.59694
7.36726;-35.6894;-0.961413;-1.54098
7.29971;-35.7047;-0.945173;-1.47618
7.20672;-35.7414;-0.921768;-1.40336
7.18605;-35.7521;-0.916144;-1.37959
7.10038;-35.8108;-0.895375;-1.30246
7.01996;-35.8805;-0.881237;-1.25412
6.98367;-35.9168;-0.874008;-1.22999
6.91169;-35.9899;-0.860097;-1.20254
6.86538;-36.04;-0.851359;-1.18752
6.83723;-36.0718;-0.846202;-1.17811
6.78279;-36.1365;-0.83584;-1.16819
6.74608;-36.1824;-0.829117;-1.1628
6.72516;-36.2089;-0.825118;-1.15974
6.68636;-36.26;-0.819412;-1.15693
6.678;-36.2712;-0.817985;-1.15622
6.64308;-36.3188;-0.822359;-1.15358
6.63825;-36.3264;-0.823049;-1.15189
6.62431;-36.3507;-0.819529;-1.1402
6.61068;-36.374;-0.815369;-1.12072
6.59585;-36.3943;-0.813292;-1.10072
6.57399;-36.4222;-0.80835;-1.07811
6.54827;-36.453;-0.801988;-1.05388
6.5271;-36.4781;-0.797519;-1.03304
6.51308;-36.4938;-0.794933;-1.02889
6.44456;-36.5699;-0.784916;-0.982138
6.39314;-36.6257;-0.778012;-0.956805
6.31727;-36.7077;-0.771437;-0.931286
6.26228;-36.7652;-0.767577;-0.914362
6.20729;-36.8229;-0.763691;-0.902516
6.15106;-36.8817;-0.762043;-0.893175
6.1013;-36.9328;-0.761021;-0.88665
6.05039;-36.9827;-0.758659;-0.881887
6.0354;-36.9977;-0.757787;-0.880362
6.02077;-37.0126;-0.75689;-0.879157
5.9526;-37.0776;-0.753906;-0.875951
5.9182;-37.1083;-0.752749;-0.874832
5.86404;-37.1555;-0.752227;-0.873691
5.84927;-37.167;-0.756076;-0.875226
5.83661;-37.1798;-0.760849;-0.892381
5.8419;-37.1825;-0.766232;-0.93751
5.85196;-37.1848;-0.769267;-0.980174
5.87494;-37.1834;-0.773719;-1.03898
5.90728;-37.1887;-0.777521;-1.11522
5.96084;-37.1949;-0.782844;-1.21367
5.98895;-37.2033;-0.785453;-1.28712
6.05613;-37.2178;-0.791341;-1.4062
6.07291;-37.2237;-0.792809;-1.44142
6.16793;-37.2559;-0.800079;-1.59828
6.20585;-37.273;-0.802953;-1.66738
6.28966;-37.3023;-0.809842;-1.7432
6.35112;-37.3297;-0.814386;-1.79089
6.40524;-37.3529;-0.818191;-1.82583
6.45695;-37.3712;-0.821704;-1.85053
6.47306;-37.3778;-0.82276;-1.85825
6.52461;-37.3935;-0.825351;-1.87326
6.59915;-37.4149;-0.827554;-1.8882
6.62556;-37.4199;-0.82801;-1.89243
6.67207;-37.4318;-0.829384;-1.89621
6.70646;-37.4381;-0.830405;-1.89791
6.7314;-37.4437;-0.831895;-1.89948
6.74965;-37.4467;-0.839773;-1.90456
6.76085;-37.452;-0.848769;-1.91785
6.77344;-37.4629;-0.859461;-1.93905
6.7772;-37.4686;-0.863545;-1.94894
6.80454;-37.505;-0.887987;-1.99376
6.81954;-37.531;-0.900856;-2.01619
6.85364;-37.5816;-0.928469;-2.05313
6.8841;-37.6304;-0.952412;-2.08762
6.89561;-37.6477;-0.960831;-2.1014
6.96317;-37.7555;-1.00594;-2.15614
7.01139;-37.8319;-1.03635;-2.18906
7.02699;-37.8573;-1.04588;-2.20308
7.04294;-37.8836;-1.05545;-2.21691
7.1359;-38.0285;-1.10492;-2.26852
7.2128;-38.1466;-1.13725;-2.30256
7.23672;-38.1833;-1.14634;-2.30661
7.31653;-38.3037;-1.17512;-2.32994
7.4034;-38.4331;-1.20438;-2.34757
7.42008;-38.4574;-1.21017;-2.35031
7.48403;-38.5526;-1.23178;-2.35813
7.54074;-38.6395;-1.25116;-2.3619
7.54966;-38.6535;-1.25416;-2.36278
7.60735;-38.7439;-1.2734;-2.36503
7.61681;-38.759;-1.27641;-2.36526
7.65783;-38.8274;-1.27435;-2.36585
7.67265;-38.856;-1.2744;-2.36307
7.67603;-38.8641;-1.27456;-2.361
7.6857;-38.9041;-1.26701;-2.34986
7.6884;-38.9236;-1.26317;-2.34163
7.69061;-38.9452;-1.25902;-2.33475
7.69664;-39.0219;-1.24582;-2.31003
7.70156;-39.0826;-1.23747;-2.29298
7.70525;-39.1256;-1.233;-2.27747
7.70775;-39.1539;-1.22995;-2.27291
7.71418;-39.2278;-1.22128;-2.25409
7.71644;-39.2549;-1.21824;-2.24647
7.73861;-39.5045;-1.19092;-2.19646
7.74981;-39.6163;-1.18047;-2.17561
7.76192;-39.7255;-1.1723;-2.15538
7.7708;-39.7982;-1.16788;-2.14028
7.78912;-39.9489;-1.1589;-2.12338
7.80088;-40.0578;-1.1522;-2.11458
7.80796;-40.1198;-1.14833;-2.11014
7.81073;-40.1515;-1.14692;-2.10911
7.82493;-40.2995;-1.13826;-2.10451
7.83377;-40.4091;-1.13129;-2.10319
7.83938;-40.4772;-1.12681;-2.10248
7.84426;-40.5462;-1.12204;-2.10195
7.84825;-40.602;-1.11796;-2.10176
7.85147;-40.6573;-1.11545;-2.10137
7.8538;-40.6997;-1.12007;-2.10358
7.85359;-40.7346;-1.12386;-2.12376
7.85319;-40.7413;-1.12485;-2.13567
7.85072;-40.7527;-1.12754;-2.16107
7.84873;-40.7572;-1.1292;-2.18138
7.82142;-40.7467;-1.14209;-2.35845
7.81155;-40.7321;-1.14601;-2.42341
7.78286;-40.696;-1.15444;-2.53773
7.75697;-40.6562;-1.16182;-2.63069
7.74794;-40.6435;-1.16414;-2.67403
7.69701;-40.5604;-1.1775;-2.82917
7.66429;-40.5068;-1.1845;-2.92928
7.62626;-40.4423;-1.19248;-3.03091
7.6135;-40.4222;-1.19501;-3.07212
7.60074;-40.4013;-1.19749;-3.11348
7.51977;-40.2668;-1.21482;2.96297
7.48781;-40.2128;-1.22155;2.8989
7.42706;-40.1148;-1.23175;2.75016
7.36155;-40.0061;-1.24234;2.62803
7.32939;-39.955;-1.24747;2.54347
7.26096;-39.8439;-1.25929;2.4249
7.2263;-39.7924;-1.26474;2.34284
7.14862;-39.6732;-1.27893;2.21902
7.13493;-39.6536;-1.28164;2.17758
7.06052;-39.5396;-1.29758;2.03646
7.00456;-39.4602;-1.3072;1.93564
6.92788;-39.3461;-1.32095;1.81418
6.88992;-39.2926;-1.32725;1.73287
6.81105;-39.1774;-1.34128;1.61277
6.7538;-39.0967;-1.35238;1.52075
6.69347;-39.0098;-1.36377;1.43982
6.63271;-38.9264;-1.37347;1.37574
6.57953;-38.8542;-1.38144;1.33038
6.56134;-38.8314;-1.38401;1.31706
6.54827;-38.8146;-1.38588;1.30537
6.49692;-38.7459;-1.39353;1.27906
6.46089;-38.7019;-1.39703;1.26871
6.36688;-38.5849;-1.40437;1.24309
6.32053;-38.5278;-1.40759;1.23746
6.28819;-38.4901;-1.40987;1.23533
6.26285;-38.4593;-1.41047;1.2345
6.2543;-38.45;-1.40906;1.2336
6.2298;-38.4228;-1.40199;1.2077
6.22686;-38.4203;-1.4009;1.20085
6.22002;-38.4233;-1.39769;1.1573
6.2148;-38.4392;-1.39502;1.09852
6.21332;-38.4997;-1.38683;0.952761
6.21699;-38.5423;-1.3807;0.868148
6.2209;-38.5867;-1.37459;0.776986
6.22974;-38.642;-1.36788;0.682006
6.23856;-38.6981;-1.36107;0.582981
6.25207;-38.7658;-1.35435;0.484509
6.26005;-38.8094;-1.34995;0.406399
6.26644;-38.838;-1.34695;0.386526
6.27073;-38.8555;-1.34517;0.342793
6.31607;-39.0423;-1.32601;0.104086
6.33533;-39.121;-1.31741;0.00238884
6.35082;-39.1752;-1.31226;-0.0578701
6.39065;-39.3213;-1.29667;-0.217781
6.41739;-39.4144;-1.28693;-0.318834
6.43298;-39.4725;-1.28092;-0.400846
6.45026;-39.5313;-1.27509;-0.463004
6.48681;-39.6568;-1.26186;-0.612865
6.49599;-39.6866;-1.25873;-0.629793
6.53528;-39.8138;-1.24888;-0.767721
6.54456;-39.8435;-1.24734;-0.800662
6.56657;-39.9093;-1.24419;-0.843775
6.64506;-40.127;-1.22961;-0.95505
6.67478;-40.2;-1.22363;-0.975587
6.68169;-40.2158;-1.2224;-0.981712
6.72554;-40.3166;-1.21365;-0.997296
6.74153;-40.3501;-1.21092;-1.00152
6.76411;-40.3991;-1.20568;-1.00441
6.77776;-40.4262;-1.20292;-1.00516
6.79812;-40.4655;-1.19922;-1.00547
6.82134;-40.5066;-1.19613;-1.00453
6.83265;-40.5269;-1.19308;-1.00431
6.83742;-40.5351;-1.19113;-1.00516
6.85228;-40.565;-1.18232;-1.03355
6.85385;-40.5717;-1.17949;-1.05651
6.86423;-40.5956;-1.16443;-1.17832
6.87789;-40.6169;-1.15612;-1.25477
6.88913;-40.6339;-1.1491;-1.32104
6.89594;-40.6436;-1.14522;-1.33883
6.91201;-40.6658;-1.13735;-1.4142
6.99454;-40.7764;-1.11312;-1.61861
7.03733;-40.8315;-1.10131;-1.71244
7.10761;-40.9182;-1.08574;-1.8457
7.14421;-40.9617;-1.081;-1.89967
7.20746;-41.0354;-1.07488;-1.96592
7.26793;-41.1031;-1.06913;-2.01858
7.30803;-41.1467;-1.06554;-2.05109
7.38972;-41.2321;-1.05887;-2.08746
7.40786;-41.2505;-1.05739;-2.09649
7.42565;-41.2683;-1.05585;-2.10495
7.54303;-41.3819;-1.04696;-2.13057
7.55748;-41.3954;-1.04584;-2.1335
7.61543;-41.4471;-1.04057;-2.13928
7.66639;-41.4907;-1.03623;-2.14143
7.67773;-41.4999;-1.03531;-2.14177
7.72645;-41.5401;-1.03116;-2.14333
7.7404;-41.5554;-1.03496;-2.13192
7.74066;-41.561;-1.03846;-2.11278
7.72376;-41.5732;-1.04912;-2.07066
7.69304;-41.5827;-1.06243;-2.02564
7.64926;-41.5941;-1.07735;-1.97589
7.59799;-41.6069;-1.09257;-1.92047
7.57937;-41.6115;-1.09836;-1.89656
7.46286;-41.6402;-1.13248;-1.79468
7.4114;-41.6526;-1.14664;-1.74087
7.28897;-41.6833;-1.17805;-1.66055
7.19441;-41.7073;-1.202;-1.59107
7.08506;-41.7358;-1.22994;-1.52566
6.97999;-41.7636;-1.2534;-1.47283
6.86594;-41.7935;-1.27528;-1.4282
6.76382;-41.819;-1.29337;-1.39185
6.65805;-41.8445;-1.31027;-1.36616
6.56582;-41.8664;-1.32384;-1.34649
6.47295;-41.8881;-1.3356;-1.33199
6.39287;-41.9071;-1.34552;-1.32188
6.34415;-41.9182;-1.35175;-1.31593
6.29108;-41.9299;-1.35791;-1.31256
6.20281;-41.9482;-1.36739;-1.30723
6.18307;-41.9524;-1.36925;-1.30668
6.16426;-41.9564;-1.37105;-1.3057
6.07449;-41.9757;-1.35152;-1.30582
6.05722;-41.9826;-1.34477;-1.30432
6.04624;-41.996;-1.33193;-1.29425
6.04486;-42.0478;-1.29732;-1.25538
6.04643;-42.072;-1.28596;-1.2379
6.05025;-42.1365;-1.25672;-1.20793
6.05049;-42.1726;-1.24178;-1.18663
6.04978;-42.2616;-1.20918;-1.15488
6.04883;-42.2847;-1.20087;-1.14406
6.04524;-42.3596;-1.17331;-1.11529
6.0388;-42.4488;-1.14578;-1.08746
6.02326;-42.6095;-1.10016;-1.04449
6.0115;-42.7068;-1.07918;-1.02357
5.99755;-42.813;-1.05912;-1.00767
5.98364;-42.9081;-1.04257;-0.995102
5.96896;-43.0045;-1.02669;-0.984327
5.95986;-43.06;-1.0175;-0.977864
5.94742;-43.137;-1.00414;-0.971887
5.94155;-43.1672;-0.998813;-0.971147
5.92847;-43.2348;-0.98693;-0.966983
5.90677;-43.3542;-0.967762;-0.962012
5.89711;-43.4072;-0.957962;-0.96069
5.89238;-43.4364;-0.952634;-0.959995
5.88494;-43.4749;-0.952698;-0.960099
5.88265;-43.488;-0.95534;-0.959983
5.87744;-43.516;-0.950521;-0.999107
5.87771;-43.519;-0.947816;-1.00492
5.88639;-43.5331;-0.937873;-1.09523
5.89094;-43.5379;-0.934642;-1.1049
5.90043;-43.5467;-0.92692;-1.15998
5.9399;-43.5871;-0.90004;-1.32867
5.95553;-43.6031;-0.89157;-1.38227
6.00708;-43.6554;-0.875233;-1.49964
6.02802;-43.6753;-0.869165;-1.5444
6.04177;-43.6881;-0.865392;-1.55169
6.10912;-43.7483;-0.850321;-1.61783
6.11971;-43.7574;-0.848008;-1.62731
6.17204;-43.8;-0.835205;-1.65159
6.18163;-43.8076;-0.832779;-1.65538
6.20895;-43.8289;-0.824969;-1.66361
6.25298;-43.8619;-0.813369;-1.67134
6.26792;-43.8727;-0.812019;-1.67238
6.28598;-43.8876;-0.811281;-1.674
6.29777;-43.9033;-0.806144;-1.68303
6.29964;-43.9075;-0.80464;-1.68863
6.30821;-43.9287;-0.798922;-1.71878
6.31179;-43.9377;-0.797276;-1.724
6.33231;-43.9877;-0.789301;-1.77978
6.33946;-44.0041;-0.787173;-1.78642
6.35936;-44.049;-0.784473;-1.81686
6.40035;-44.1383;-0.782751;-1.85353
6.433;-44.2108;-0.783045;-1.87133
6.4566;-44.2597;-0.784079;-1.88214
6.47208;-44.2906;-0.785682;-1.88864
6.50352;-44.3514;-0.788124;-1.89542
6.52568;-44.3933;-0.789793;-1.8993
6.53848;-44.4173;-0.789821;-1.90137
6.55595;-44.4506;-0.78979;-1.90325
6.5683;-44.4735;-0.789206;-1.90397
6.57355;-44.4831;-0.788898;-1.90438
6.60234;-44.5399;-0.790935;-1.89482
6.60335;-44.5545;-0.79097;-1.86788
6.59668;-44.57;-0.790937;-1.83024
6.58123;-44.5919;-0.790582;-1.77847
6.57498;-44.6001;-0.79059;-1.75179
6.53171;-44.656;-0.793474;-1.63779
6.52147;-44.6695;-0.794804;-1.6059
6.47547;-44.7317;-0.800858;-1.52672
6.45043;-44.7651;-0.803289;-1.49702
6.42139;-44.8031;-0.805013;-1.47444
6.36969;-44.8683;-0.807839;-1.43278
6.35698;-44.8837;-0.808475;-1.42345
6.28471;-44.9678;-0.81187;-1.39116
6.23883;-45.018;-0.813749;-1.37923
6.20724;-45.0512;-0.81405;-1.37281
6.17883;-45.0806;-0.814518;-1.36827
6.17078;-45.0891;-0.814488;-1.36694
6.13327;-45.1285;-0.813922;-1.36402
6.12733;-45.135;-0.813753;-1.36409
6.12335;-45.1396;-0.813412;-1.36548
6.11147;-45.1784;-0.798422;-1.39029
6.11602;-45.1914;-0.791815;-1.40404
6.13088;-45.2288;-0.778616;-1.42725
6.14074;-45.2521;-0.771211;-1.44458
6.14568;-45.2643;-0.766729;-1.44925
6.18461;-45.359;-0.742822;-1.49126
6.19921;-45.3927;-0.736974;-1.50387
6.23191;-45.4661;-0.723824;-1.51823
6.23968;-45.483;-0.720658;-1.52215
6.2474;-45.4996;-0.717612;-1.52564
6.30228;-45.6166;-0.696193;-1.53877
6.32235;-45.658;-0.688091;-1.54241
6.34284;-45.6991;-0.679588;-1.54501
6.36054;-45.7337;-0.672685;-1.54695
6.37226;-45.7552;-0.668267;-1.5481
6.37904;-45.7679;-0.665746;-1.54838
6.38913;-45.7871;-0.661916;-1.5493
6.41432;-45.8298;-0.660007;-1.54864
6.42054;-45.8415;-0.66097;-1.54884
6.42285;-45.8466;-0.661028;-1.5493
6.42505;-45.8735;-0.663744;-1.55709
6.42114;-45.8978;-0.667495;-1.5673
6.41902;-45.9072;-0.668984;-1.57218
6.39471;-46.015;-0.685525;-1.60924
6.391;-46.032;-0.687186;-1.61454
6.36824;-46.1326;-0.696189;-1.63089
6.35624;-46.187;-0.700503;-1.63735
6.34794;-46.2224;-0.703432;-1.64097
6.34049;-46.2559;-0.706436;-1.64303
6.33665;-46.2722;-0.708017;-1.64428
6.30988;-46.3824;-0.716489;-1.64812
6.30022;-46.4203;-0.718959;-1.64882
6.2912;-46.4569;-0.721179;-1.6493
6.28336;-46.487;-0.722825;-1.6494
6.27612;-46.5157;-0.720751;-1.64994
6.2714;-46.5369;-0.714326;-1.64828
6.27077;-46.5481;-0.711672;-1.6388
6.27859;-46.5698;-0.710027;-1.60802
6.28287