0;0;0
37.988;0.18;643.072
41.968;0.28;643.072
47.172;0.104;647.168
52.108;0.136;688.128
54.968;0.16;688.128
59.696;0.128;696.32
64.844;0.448;761.856
67.896;0.248;765.952
71.016;0.22;770.048
74.948;0.432;774.144
81.252;0.204;786.432
85.836;0.18;790.528
90.316;0.28;790.528
96.268;0.136;811.008
101.504;0.128;823.296
105.128;0.124;839.68
108.508;0.48;872.448
111.316;0.108;876.544
116.344;0.124;876.544
122.668;0.516;901.12
125.74;0.372;909.312
128.836;0.372;909.312
134.7;0.364;909.312
137.724;0.324;909.312
141.636;0.308;913.408
146.9;0.248;913.408
151.712;0.212;917.504
156.4;0.184;917.504
159.836;0.196;917.504
163.16;0.204;917.504
168.276;0.608;970.752
171.24;0.264;970.752
174.208;0.228;970.752
177.084;0.176;970.752
183.472;0.164;974.848
186.456;0.148;983.04
191.624;0.152;983.04
194.792;0.14;983.04
199.82;0.12;983.04
205.08;0.116;1048.58
208.744;0.116;1048.58
212.196;0.152;1056.77
215.144;0.148;1056.77
218.448;0.404;1056.77
223.672;0.124;1056.77
229.436;0.136;1073.15
232.572;0.116;1077.25
235.94;0.368;1138.69
241.68;0.124;1138.69
246.5;0.12;1138.69
250.008;0.104;1138.69
256.336;0.428;1212.42
261.836;0.1;1220.61
265.34;0.104;1220.61
269.344;0.096;1220.61
273.46;0.112;1220.61
277.652;0.092;1323.01
281.52;0.224;1335.3
287.396;0.172;1339.39
291.864;0.26;1339.39
295.448;0.58;1339.39
299.452;0.096;1339.39
304.16;0.096;1339.39
309.884;0.524;1343.49
315.28;0.392;1343.49
318.68;0.1;1343.49
322.3;0.116;1343.49
326.996;0.096;1343.49
332.252;0.132;1343.49
336.584;0.532;1343.49
340.764;0.18;1359.87
346.78;0.108;1359.87
350.6;0.12;1359.87
355.852;0.144;1404.93
360.992;0.132;1413.12
367.108;0.412;1429.5
373.232;0.096;1441.79
377.436;0.204;1441.79
379.82;0.084;1445.89
385.704;0.18;1474.56
388.592;0.088;1478.66
391.868;0.376;1495.04
396.912;0.12;1519.62
401.064;0.144;1519.62
405.04;0.676;1519.62
408.6;0.26;1519.62
411.544;0.24;1519.62
415.668;0.196;1519.62
420.892;0.216;1519.62
426.34;0.188;1523.71
429.192;0.152;1523.71
433.624;0.132;1527.81
439.44;0.116;1527.81
442.628;0.088;1527.81
446.816;0.288;1527.81
451.948;0.128;1527.81
456.076;0.108;1527.81
463.4;1.924;1527.81
467.348;1.224;1527.81
470.668;0.62;1527.81
474.38;0.584;1527.81
477.64;0.56;1527.81
481.096;0.54;1527.81
485.912;0.516;1527.81
490.7;0.488;1527.81
496.8;0.5;1527.81
500.876;0.476;1527.81
507.076;0.432;1527.81
510.244;0.424;1527.81
516.344;0.292;1527.81
519.44;0.392;1527.81
522.796;0.352;1527.81
525.864;0.36;1527.81
529.712;0.348;1527.81
532.724;0.308;1527.81
538.236;0.28;1527.81
541.712;0.26;1527.81
547.268;0.256;1527.81
553.404;0.236;1527.81
558.324;0.216;1527.81
562.336;0.196;1527.81
567.8;0.164;1527.81
570.76;0.124;1527.81
573.928;0.124;1540.1
576.732;0.1;1540.1
582.508;0.368;1544.19
585.324;0.116;1544.19
588.12;0.096;1544.19
592.428;0.096;1544.19
598.732;0.5;1593.34
603.14;0.108;1597.44
609.148;0.092;1597.44
614.972;0.996;1626.11
619.36;0.388;1630.21
624.772;0.404;1630.21
631.152;0.368;1630.21
636.676;0.364;1630.21
642.58;0.304;1630.21
647.092;0.292;1630.21
653.62;0.312;1630.21
659.28;0.26;1630.21
665.624;0.244;1630.21
670.328;0.2;1630.21
675.524;0.188;1630.21
678.488;0.16;1630.21
681.62;0.128;1630.21
686.436;0.108;1630.21
689.944;0.108;1630.21
692.848;0.104;1630.21
696.364;0.112;1630.21
699.436;0.124;1630.21
704.524;0.384;1662.98
707.44;0.216;1683.46
712.556;0.216;1687.55
717.976;0.164;1687.55
723.936;0.16;1687.55
729.788;0.152;1687.55
734.812;0.116;1687.55
739.252;0.116;1687.55
743.768;0.112;1687.55
748.976;0.108;1687.55
753.12;0.12;1687.55
757.332;0.108;1716.22
760.244;0.152;1732.61
766.964;0.616;1757.18
770.156;0.092;1757.18
772.96;0.104;1757.18
777.66;0.1;1757.18
782.06;0.092;1830.91
787.048;0.888;1835.01
794;0.748;1835.01
796.94;0.136;1839.1
802.152;0.112;1843.2
805.264;0.1;1843.2
808.052;0.088;1843.2
812.572;1.768;1843.2
816.404;0.096;1843.2
821.856;1.648;1843.2
826.24;0.44;1843.2
829.656;0.416;1843.2
835.856;0.396;1843.2
841.54;0.376;1843.2
847.392;0.352;1855.49
852.036;0.344;1855.49
857.748;0.296;1855.49
863.852;0.296;1855.49
868.336;0.28;1855.49
873.888;0.252;1859.58
877.516;0.204;1859.58
881.02;0.204;1859.58
883.968;0.248;1859.58
889.664;0.172;1859.58
892.452;0.148;1859.58
895.288;0.128;1859.58
901.004;0.108;1859.58
904.912;0.108;1859.58
910.428;0.104;1859.58
914.432;0.104;1859.58
918.432;0.1;1859.58
921.424;0.092;1859.58
926.148;0.124;1859.58
929.932;0.084;1859.58
932.744;0.108;1884.16
936.48;0.136;1937.41
939.3;0.12;1941.5
945.36;0.16;1953.79
948.164;0.104;1957.89
952.508;0.14;1982.46
955.32;0.112;1994.75
962.84;3.2;2002.94
966.248;0.708;2002.94
972.844;0.684;2002.94
978.368;0.624;2002.94
984.264;0.588;2002.94
988.9;0.592;2002.94
995.084;0.58;2002.94
1000.34;0.456;2002.94
1005.38;0.536;2002.94
1009.19;0.512;2007.04
1013.68;0.492;2007.04
1018.46;0.472;2007.04
1022.12;0.46;2007.04
1025.26;0.432;2007.04
1028.77;0.404;2007.04
1034.54;0.372;2007.04
1037.6;0.36;2007.04
1042.05;0.348;2007.04
1047.69;0.336;2007.04
1052.18;1.688;2007.04
1058.68;0.296;2007.04
1061.64;0.26;2007.04
1065.3;0.256;2007.04
1071.37;0.228;2007.04
1077.4;3.336;2007.04
1082.14;0.336;2007.04
1085.16;0.32;2007.04
1090.6;0.288;2007.04
1095.08;0.252;2007.04
1097.91;0.236;2007.04
1101.25;0.224;2007.04
1107.66;0.2;2007.04
1112.56;0.188;2007.04
1117.52;0.156;2007.04
1121.46;0.136;2007.04
1124.78;0.12;2007.04
1128.3;0.116;2007.04
1133.34;0.12;2007.04
1136.14;0.1;2007.04
1142.14;0.096;2023.42
1147.34;0.092;2023.42
1150.17;0.124;2023.42
1156.45;0.084;2035.71
1160.46;0.104;2035.71
1166.35;0.092;2035.71
1170.55;0.084;2048
1176.42;0.172;2052.1
1179.23;0.08;2052.1
1182.92;0.088;2056.19
1188.43;0.108;2056.19
1195.53;1.5;2150.4
1198.81;0.084;2150.4
1201.6;0.084;2150.4
1206.32;0.112;2150.4
1209.93;0.28;2166.78
1213.43;0.096;2174.98
1217.34;0.504;2174.98
1224.98;2.444;2174.98
1230.63;0.24;2174.98
1236.68;3;2174.98
1241.68;2.308;2174.98
1244.62;0.128;2174.98
1249.75;0.104;2174.98
1255.46;0.1;2174.98
1258.36;0.092;2174.98
1261.16;0.1;2174.98
1271.91;4.652;2174.98
1274.89;0.284;2174.98
1278.04;0.248;2174.98
1281.29;0.248;2174.98
1290.08;4.088;2174.98
1294.52;0.136;2174.98
1300.54;0.12;2174.98
1306.85;0.1;2174.98
1309.66;0.104;2174.98
1315.44;0.088;2191.36
1320.66;0.104;2191.36
1324.83;0.176;2215.94
1328.33;0.092;2240.51
1332.83;0.18;2240.51
1339.07;0.092;2244.61
1342.36;0.084;2244.61
1347.35;0.092;2281.47
1351.7;0.648;2338.82
1358.01;0.108;2338.82
1361.83;0.112;2338.82
1366.45;0.112;2367.49
1371.15;0.104;2367.49
1377.24;0.692;2396.16
1382.08;0.088;2396.16
1387.29;0.096;2396.16
1390.08;0.084;2396.16
1393.29;0.108;2400.26
1396.1;0.108;2469.89
1402.31;0.104;2473.98
1407.6;0.092;2478.08
1411.39;0.088;2535.42
1414.19;0.1;2535.42
1418.55;0.152;2535.42
1423.18;0.132;2543.62
1429.44;0.124;2572.29
1435.3;0.248;2580.48
1439.3;0.148;2600.96
1443.63;0.124;2605.06
1448.74;0.088;2605.06
1453.26;0.108;2605.06
1457.87;0.108;2641.92
1461.96;0.088;2641.92
1464.96;0.1;2641.92
1469.26;0.104;2666.5
1473.76;1.776;2674.69
1478.16;0.104;2678.78
1481.68;0.1;2682.88
1486.06;0.084;2682.88
1491.77;0.108;2682.88
1496.67;0.1;2682.88
1499.73;0.16;2744.32
1505.98;0.136;2748.42
1512.39;0.508;2748.42
1515.31;0.116;2752.51
1519.1;0.092;2752.51
1525.41;0.092;2752.51
1528.58;0.472;2752.51
1532.14;0.84;2752.51
1535.79;0.552;2752.51
1539.67;0.084;2752.51
1545.89;1.616;2752.51
1551.02;0.132;2752.51
1555.25;0.104;2752.51
1558.14;0.088;2752.51
1561.32;0.072;2752.51
1564.5;0.08;2752.51
1569.82;0.12;2793.47
1575.91;0.092;2793.47
1579.8;0.092;2793.47
1583.4;0.088;2826.24
1586.82;0.112;2826.24
1590.52;0.1;2826.24
1594.44;0.412;2826.24
1596.95;0.112;2838.53
1600.84;0.096;2842.62
1604.65;0.108;2850.82
1608.09;0.104;2863.1
1613.32;0.128;2871.3
1617.65;0.132;2871.3
1622.38;0.124;2998.27
1627.01;0.124;3063.81
1633.86;1.356;3117.06
1636.68;0.116;3117.06
1640.41;0.404;3162.11
1644.81;0.476;3166.21
1650.06;0.128;3170.3
1655.47;0.112;3174.4
1662.06;0.48;3203.07
1668.54;0.38;3211.26
1672.9;0.148;3211.26
1678.26;0.564;3211.26
1684.36;0.104;3211.26
1687.78;0.116;3211.26
1692.2;0.108;3231.74
1697.41;0.092;3231.74
1701.64;0.124;3284.99
1707.6;0.112;3354.62
1712.99;0.472;3354.62
1719.01;0.316;3354.62
1726.31;1.892;3354.62
1729.46;0.312;3354.62
1733.55;1.18;3354.62
1738.27;0.116;3354.62
1741.11;0.112;3354.62
1746.83;0.112;3354.62
1777.79;27.464;3354.62
1783.76;0.436;3358.72
1789.62;0.44;3358.72
1795.29;0.372;3358.72
1798.36;0.368;3358.72
1801.31;0.244;3358.72
1807.36;0.352;3358.72
1813.38;0.32;3358.72
1817.8;0.3;3358.72
1821.27;0.26;3358.72
1832.03;6.048;3358.72
1836.63;0.296;3358.72
1842.91;0.256;3358.72
1846.26;0.248;3358.72
1851.72;0.228;3358.72
1855.92;0.192;3358.72
1859.1;0.176;3358.72
1861.98;0.156;3358.72
1868.56;1.88;3358.72
1873.59;0.116;3358.72
1877;0.108;3358.72
1881.23;0.096;3358.72
1884.85;0.704;3383.3
1889.57;0.088;3383.3
1895.08;0.084;3395.58
1897.9;0.08;3416.06
1904.29;0.076;3448.83
1909.33;0.728;3485.7
1913.34;0.096;3506.18
1918.15;0.108;3506.18
1924.46;0.108;3551.23
1929.5;0.136;3551.23
1936.3;0.596;3559.42
1942.12;0.516;3563.52
1945.1;0.084;3563.52
1950.89;0.076;3584
1955.73;0.412;3608.58
1958.94;0.104;3608.58
1963.09;0.096;3624.96
1967.92;0.108;3629.06
1974.32;2.392;3629.06
1977.24;0.216;3629.06
1980.15;0.204;3629.06
1984.2;0.152;3629.06
1994.64;6.032;3645.44
1999.59;0.144;3645.44
2005.54;0.132;3649.54
2010.15;0.104;3657.73
2014.95;0.104;3657.73
2017.72;0.068;3657.73
2020.77;0.052;3657.73
2024.46;0.084;3657.73
2030.13;0.072;3657.73
2083.24;48.204;3657.73
2088.78;1.432;3657.73
2095.06;1.232;3657.73
2101.74;1.256;3657.73
2108.88;1.224;3657.73
2112.82;1.224;3657.73
2118.2;1.168;3657.73
2123.57;1.16;3657.73
2127.46;1.14;3657.73
2132.21;1.152;3657.73
2138.29;0.876;3657.73
2144.56;1.06;3657.73
2151.43;1.068;3657.73
2155.06;0.92;3657.73
2161.01;1.028;3657.73
2164.51;1;3657.73
2170.2;0.992;3657.73
2176.94;0.916;3657.73
2184;0.956;3657.73
2189.4;0.904;3657.73
2193.08;0.88;3657.73
2196.92;0.844;3657.73
2202.38;0.848;3657.73
2230.3;22.52;3657.73
2234.68;1.848;3657.73
2239.17;1.796;3657.73
2245.67;1.688;3657.73
2252.61;1.736;3657.73
2256.99;1.672;3657.73
2262.97;1.68;3657.73
2270.26;1.68;3657.73
2276.9;1.648;3661.82
2284.37;1.664;3661.82
2291.3;1.628;3661.82
2295.61;1.6;3661.82
2301.71;1.6;3661.82
2306.15;1.544;3661.82
2311.77;1.516;3661.82
2318.24;1.476;3661.82
2322.26;1.512;3661.82
2329.22;1.464;3661.82
2333.38;1.46;3661.82
2340.33;1.44;3661.82
2344.57;1.412;3661.82
2349.99;1.324;3661.82
2356.42;1.324;3661.82
2363.14;1.32;3661.82
2369.62;1.276;3661.82
2376.28;1.128;3661.82
2381.32;1.24;3661.82
2385.56;1.24;3661.82
2391.78;1.22;3661.82
2398.33;2.448;3661.82
2405.6;1.164;3661.82
2410.72;1.12;3661.82
2414.44;1.02;3661.82
2425.48;5.228;3661.82
2442.6;10.912;3661.82
2445.98;0.272;3661.82
2451.32;0.236;3661.82
2454.43;0.2;3661.82
2458.1;0.168;3661.82
2460.74;0.144;3661.82
2467.11;0.128;3661.82
2471.33;0.12;3661.82
2474.12;0.084;3661.82
2479.31;0.092;3661.82
2483.12;0.104;3661.82
2493.19;4.152;3661.82
2497.14;1.532;3661.82
2503.91;4.164;3661.82
2509.09;0.868;3661.82
2513.87;0.856;3661.82
2518.98;0.812;3661.82
2522.48;0.8;3661.82
2527.96;0.76;3661.82
2531.73;0.752;3661.82
2537.06;0.724;3661.82
2540.65;0.672;3661.82
2546.34;0.676;3661.82
2551.92;0.672;3661.82
2556.26;0.612;3661.82
2562.12;0.62;3661.82
2565.72;0.568;3661.82
2571.99;0.568;3661.82
2574.96;0.564;3661.82
2578.96;0.4;3661.82
2581.87;0.508;3661.82
2586.64;0.464;3661.82
2592.01;0.46;3661.82
2600.74;4.016;3661.82
2603.88;0.448;3661.82
2607.03;0.444;3661.82
2613.04;0.4;3661.82
2617.43;0.384;3661.82
2623.18;0.352;3661.82
2629.73;0.34;3661.82
2635.64;0.308;3661.82
2638.84;0.296;3661.82
2643.25;0.272;3661.82
2649.38;0.228;3661.82
2653.7;0.208;3661.82
2659.99;0.184;3661.82
2666.06;0.168;3661.82
2670.02;0.148;3661.82
2676.04;0.124;3661.82
2679.95;0.096;3661.82
2685.57;1.908;3661.82
2691.97;0.4;3661.82
2695.74;0.372;3661.82
2701.13;0.376;3661.82
2704.6;0.36;3661.82
2709.9;0.304;3661.82
2712.89;0.284;3661.82
2716.14;0.252;3661.82
2721.99;0.248;3661.82
2725.2;0.212;3661.82
2731.4;0.188;3661.82
2737.08;0.168;3661.82
2739.97;0.152;3661.82
2746.3;0.124;3661.82
2750.94;0.116;3661.82
2756.69;0.148;3661.82
2761.2;0.108;3661.82
2765.62;0.508;3661.82
2768.53;0.112;3674.11
2774.86;0.132;3674.11
2784.98;4.992;3719.17
2787.91;0.084;3739.65
2792.1;0.076;3747.84
2794.91;0.084;3747.84
2797.81;0.092;3747.84
2800.54;0.128;3747.84
2807.05;0.384;3772.42
2809.86;0.108;3772.42
2816.18;0.108;3772.42
2819.99;0.112;3780.61
2823.02;0.128;3780.61
2828.22;0.2;3862.53
2831.04;0.112;3878.91
2836.41;1.464;3895.3
2840.94;0.1;3895.3
2844.95;0.112;3899.39
2849.33;0.084;3899.39
2852.92;0.088;3899.39
2859;0.264;3948.54
2862.49;0.088;3973.12
2866.9;0.088;3973.12
2872.6;0.096;3973.12
2878.02;0.116;3985.41
2880.84;0.128;3997.7
2884.72;0.668;4009.98
2888.58;1.148;4026.37
2894.86;0.276;4034.56
2898.01;0.256;4034.56
2904.33;0.216;4038.66
2910.45;0.212;4038.66
2915.54;0.188;4038.66
2918.84;0.176;4038.66
2922.4;0.156;4046.85
2925.23;0.136;4046.85
2930.27;0.12;4046.85
2937.46;0.976;4055.04
2941.38;0.12;4055.04
2944.44;0.1;4055.04
2947.84;0.108;4055.04
2951.18;0.136;4055.04
2956.17;2.088;4055.04
2959.77;0.28;4055.04
2966.15;0.276;4059.14
2970.78;0.236;4059.14
2975.73;0.232;4059.14
2978.88;0.2;4059.14
2985.19;0.2;4059.14
2991.07;0.176;4063.23
2996.66;0.16;4063.23
3002;0.136;4063.23
3006.04;0.136;4063.23
3010.65;0.108;4063.23
3014.6;0.096;4063.23
3020.2;0.104;4067.33
3026.2;0.092;4067.33
3029.44;0.092;4067.33
3032.03;0.096;4067.33
3035.07;0.232;4091.9
3040.38;0.608;4132.86
3046.18;0.08;4136.96
3051.86;0.088;4136.96
3054.68;0.116;4165.63
3057.7;0.212;4198.4
3063.09;0.088;4198.4
3068.67;0.068;4210.69
3071.46;0.092;4210.69
3074.28;0.108;4210.69
3079.98;0.1;4210.69
3085.67;0.088;4210.69
3090.85;0.28;4210.69
3093.66;0.116;4214.78
3099.94;0.268;4214.78
3106.29;0.104;4218.88
3111.99;0.1;4218.88
3116;0.1;4218.88
3120.3;0.1;4222.98
3123.01;0.108;4222.98
3128.01;0.396;4222.98
3132.04;0.136;4255.74
3135.64;0.136;4263.94
3141.14;0.12;4272.13
3145.86;0.12;4272.13
3151.88;0.12;4288.51
3155.58;0.092;4292.61
3158.78;0.388;4292.61
3163.2;0.424;4300.8
3166.3;0.1;4300.8
3171.2;0.096;4300.8
3173.6;0.096;4300.8
3178.5;0.1;4300.8
3182.11;0.104;4300.8
3186.36;0.212;4325.38
3189.44;0.38;4341.76
3195.13;0.088;4362.24
3198.54;0.104;4362.24
3204.21;0.372;4374.53
3208.38;0.268;4390.91
3218.11;3.82;4403.2
3221.53;0.12;4403.2
3226.45;0.096;4403.2
3229.96;0.116;4403.2
3234.42;0.148;4403.2
3239.36;0.14;4403.2
3244.43;0.164;4415.49
3247.97;0.128;4435.97
3252.89;0.312;4481.02
3255.98;0.076;4481.02
3258.75;0.072;4481.02
3262.64;0.076;4485.12
3265.64;0.092;4485.12
3268.44;0.088;4485.12
3273.86;0.316;4521.98
3280.14;0.072;4521.98
3284.74;0.072;4521.98
3292.47;2.028;4558.85
3297.36;0.092;4558.85
3302.14;0.776;4558.85
3307.8;0.144;4558.85
3314.82;3.412;4558.85
3319.9;0.068;4558.85
3322.78;0.08;4558.85
3326.35;0.076;4558.85
3335.42;3.916;4558.85
3362.91;24.488;4558.85
3368.46;2.152;4558.85
3373.35;1.984;4558.85
3378.04;1.988;4558.85
3386.09;1.916;4558.85
3391.85;1.96;4558.85
3397.86;1.896;4558.85
3405.83;1.872;4558.85
3411.53;1.856;4558.85
3417.76;1.824;4558.85
3425.49;1.824;4558.85
3430.74;1.848;4558.85
3436.73;1.688;4558.85
3444.04;1.812;4558.85
3448.49;1.744;4558.85
3456.28;1.764;4558.85
3461.77;1.688;4558.85
3466.08;1.58;4558.85
3472.17;1.664;4558.85
3477.16;1.636;4558.85
3483.9;1.624;4558.85
3489.68;1.584;4558.85
3494.97;1.584;4558.85
3501.65;1.58;4558.85
3507.04;1.58;4558.85
3511.44;1.5;4558.85
3515.68;1.496;4558.85
3520.77;1.492;4558.85
3525.44;1.468;4558.85
3530.63;1.472;4558.85
3537.61;1.452;4558.85
3541.4;1.392;4558.85
3548.5;1.4;4558.85
3553.71;1.356;4558.85
3558.48;1.36;4558.85
3565.52;1.336;4558.85
3570.23;1.316;4558.85
3577.52;1.332;4558.85
3582.74;1.328;4558.85
3588.93;1.248;4558.85
3593.91;1.244;4558.85
3598.64;1.232;4558.85
3605.67;1.224;4558.85
3613.08;1.2;4558.85
3618.47;1.188;4558.85
3623.35;1.16;4558.85
3627.37;1.112;4558.85
3633.75;1.068;4558.85
3640.42;1.068;4558.85
3644.58;1.06;4558.85
3666.99;16.716;4558.85
3671.64;1.052;4558.85
3678.54;0.996;4562.94
3685.25;1;4562.94
3691.4;0.952;4562.94
3695.12;0.92;4562.94
3699.1;0.876;4562.94
3705.47;0.868;4575.23
3712.09;0.816;4579.33
3717.18;0.784;4579.33
3723.09;0.812;4579.33
3726.2;0.812;4579.33
3730.54;0.736;4579.33
3736.3;0.752;4579.33
3742.2;0.6;4579.33
3746.3;0.696;4579.33
3752.88;0.664;4579.33
3757.66;0.668;4579.33
3763.83;0.644;4579.33
3768.26;0.596;4579.33
3773.43;0.568;4583.42
3780.09;0.564;4583.42
3783.72;0.528;4583.42
3789.05;0.516;4583.42
3793.04;0.484;4583.42
3797.11;0.432;4583.42
3800.34;0.436;4583.42
3805.75;0.404;4583.42
3811.22;0.372;4583.42
3814.25;0.328;4583.42
3818.77;0.32;4583.42
3821.76;0.284;4583.42
3827.33;0.272;4583.42
3830.28;0.248;4583.42
3833.8;0.22;4583.42
3837.6;0.2;4583.42
3842.38;0.188;4583.42
3847.77;0.184;4583.42
3853.93;0.16;4583.42
3859.17;0.132;4583.42
3864.62;1.34;4583.42
3870.82;0.204;4583.42
3875.01;0.18;4583.42
3881.35;1.64;4583.42
3885.68;0.324;4583.42
3890.08;0.296;4583.42
3894.96;0.18;4583.42
3900.11;0.252;4583.42
3904.66;0.24;4583.42
3909.98;0.22;4583.42
3913.32;0.448;4583.42
3919.15;0.208;4583.42
3925.67;0.316;4583.42
3929.69;0.212;4583.42
3935.46;0.176;4583.42
3938.74;0.172;4583.42
3943.49;0.136;4583.42
3946.92;0.12;4583.42
3952.88;0.364;4583.42
3956.52;0.832;4583.42
3961.01;0.284;4583.42
3964.74;0.528;4583.42
3968.58;0.344;4583.42
3973.4;0.32;4583.42
3978.38;0.272;4583.42
3984.28;0.264;4583.42
3988.34;0.256;4583.42
3992.25;0.208;4583.42
3998.65;0.196;4583.42
4003.06;1.108;4583.42
4006.91;0.352;4583.42
4011.48;0.364;4583.42
4017.02;0.328;4583.42
4024.83;5.212;4583.42
4031.95;0.916;4583.42
4036.64;0.264;4583.42
4041.59;0.252;4587.52
4044.53;0.244;4587.52
4052.29;2.86;4587.52
4055.95;0.252;4587.52
4058.88;0.232;4587.52
4064.48;0.196;4587.52
4070.54;0.16;4587.52
4076.3;0.16;4587.52
4081.33;0.136;4587.52
4085.64;0.412;4587.52
4091.36;0.104;4587.52
4096.95;0.092;4587.52
4103.26;0.08;4587.52
4107.77;0.076;4587.52
4111.45;0.076;4587.52
4114.03;0.072;4587.52
4119.99;0.064;4587.52
4126.17;0.08;4587.52
4131.34;0.072;4599.81
4136.82;0.072;4608
4139.94;0.1;4608
4146.04;0.088;4636.67
4149.54;0.1;4640.77
4154.9;2.46;4640.77
4157.7;0.1;4640.77
4162.84;0.124;4640.77
4165.46;0.092;4640.77
4171.45;0.076;4653.06
4178.28;1.012;4653.06
4181.88;0.096;4653.06
4185.4;0.128;4653.06
4191.32;1.42;4689.92
4194.14;0.112;4694.02
4198.65;0.104;4694.02
4203.85;0.152;4698.11
4209.58;0.116;4698.11
4226.55;0.156;4730.88
4230.35;0.092;4730.88
4233.53;0.076;4730.88
4236.32;0.096;4730.88
4240.71;0.076;4788.22
4244.5;0.388;4820.99
4250.18;0.088;4829.18
4256.24;0.144;4853.76
4259.03;0.088;4853.76
4263.94;0.084;4853.76
4269.36;0.104;4853.76
4273.56;0.104;4853.76
4277.57;0.108;4853.76
4283.52;0.32;4894.72
4286.32;0.096;4898.82
4291.26;0.336;4902.91
4296.66;0.092;4902.91
4300.95;0.088;4902.91
4306.25;0.188;4931.58
4311.55;0.096;4931.58
4317.78;0.076;4935.68
4320.68;0.088;4935.68
4326.99;0.092;4935.68
4329.81;0.116;4935.68
4335.91;0.276;4988.93
4340.2;0.088;4993.02
4343.87;0.076;4993.02
4348.95;0.072;5001.22
4354.53;0.08;5046.27
4359.68;0.152;5050.37
4363.44;1.064;5050.37
4367.44;0.092;5050.37
4370.4;0.164;5050.37
4375.3;0.096;5054.46
4377.72;0.192;5054.46
4381.96;0.096;5079.04
4385.95;0.096;5083.14
4388.8;0.1;5115.9
4392.12;0.092;5128.19
4396.24;0.112;5128.19
4402.17;0.132;5177.34
4406.09;0.1;5177.34
4410.69;0.1;5214.21
4415.45;1.864;5230.59
4418.79;0.6;5234.69
4423.32;0.132;5234.69
4427.13;0.108;5234.69
4432.72;0.092;5234.69
4439.8;0.944;5234.69
4443.4;0.104;5234.69
4447.18;0.972;5234.69
4451.02;0.144;5234.69
4457.27;0.132;5234.69
4462.32;0.12;5234.69
4467.81;0.088;5234.69
4471.5;0.088;5234.69
4474.28;0.084;5234.69
4480.3;0.212;5246.98
4483.79;0.088;5251.07
4487.86;0.068;5263.36
4495.04;1.076;5267.46
4500.65;0.404;5292.03
4505.54;0.08;5292.03
4509.45;0.076;5292.03
4514.93;1.28;5337.09
4520.78;0.228;5337.09
4523.79;0.08;5337.09
4527.62;0.084;5341.18
4530.5;0.132;5341.18
4536;0.092;5394.43
4538.82;0.12;5410.82
4543.3;1.776;5410.82
4546.11;0.068;5419.01
4552.14;0.092;5427.2
4557.96;0.104;5427.2
4561.93;0.148;5435.39
4564.71;0.08;5439.49
4567.68;0.064;5439.49
4573.08;0.092;5447.68
4576.42;0.136;5447.68
4580.33;0.108;5484.54
4583.48;0.124;5484.54
4587.04;0.848;5484.54
4590.5;0.16;5484.54
4593.99;0.092;5484.54
4598.1;0.072;5484.54
4602.5;0.088;5488.64
4608.29;0.084;5488.64
4614.66;0.124;5488.64
4620.82;0.104;5488.64
4624.19;0.144;5488.64
4629.15;0.108;5488.64
4634.19;0.14;5488.64
4639.3;0.1;5488.64
4644.93;0.232;5488.64
4647.77;0.124;5488.64
4653.43;0.14;5488.64
4656.48;0.124;5488.64
4674.88;12.888;5488.64
4679.93;0.716;5488.64
4685.78;0.64;5488.64
4692.39;0.6;5488.64
4697.37;0.576;5488.64
4702.64;0.568;5488.64
4705.91;0.54;5488.64
4711.98;0.564;5488.64
4718.41;0.532;5488.64
4723.54;0.492;5488.64
4729.85;0.496;5488.64
4734.92;0.472;5488.64
4738.08;0.46;5488.64
4742.75;0.464;5488.64
4748.31;0.444;5488.64
4754.36;0.444;5488.64
4758.78;0.416;5488.64
4762.16;0.388;5488.64
4768.44;0.38;5488.64
4772.9;0.36;5488.64
4775.88;0.36;5488.64
4781.13;0.336;5488.64
4785.47;0.336;5488.64
4789.08;0.312;5488.64
4794.07;0.284;5488.64
4800.27;0.296;5488.64
4806.02;0.252;5488.64
4810.12;0.236;5488.64
4813.33;0.216;5488.64
4816.46;0.216;5488.64
4822.44;0.188;5492.74
4827.22;0.172;5492.74
4830.16;0.14;5492.74
4833.3;0.14;5492.74
4836.14;0.128;5492.74
4838.96;0.1;5492.74
4844.05;0.092;5492.74
4849.53;0.064;5492.74
4854.83;0.096;5492.74
4874.16;15.42;5492.74
4880.66;0.904;5492.74
4886.96;1.196;5492.74
4892.19;0.736;5492.74
4909.24;11.94;5492.74
4914.53;0.784;5492.74
4920.84;0.708;5492.74
4926.06;0.696;5492.74
4932.9;0.7;5492.74
4936;0.696;5492.74
4941.76;0.556;5492.74
4945.12;0.66;5492.74
4950.22;0.592;5492.74
4956.35;0.628;5492.74
4962.88;0.62;5492.74
4966.57;0.572;5492.74
4971.36;0.58;5492.74
4975.7;0.544;5492.74
4978.71;0.508;5492.74
4982.21;0.504;5492.74
4988.9;0.484;5492.74
4994.1;0.488;5492.74
4999.76;0.456;5492.74
5021.59;19.128;5492.74
5025.21;0.916;5492.74
5030.38;0.84;5492.74
5036.92;0.724;5492.74
5043.42;0.788;5492.74
5047.48;0.764;5492.74
5053.22;0.74;5492.74
5058.27;0.728;5492.74
5063.09;0.716;5492.74
5075.42;6.22;5492.74
5080.05;0.228;5492.74
5083.77;0.22;5492.74
5086.68;0.204;5492.74
5092.05;0.176;5492.74
5095.92;0.164;5492.74
5104.47;2.852;5492.74
5109.64;0.368;5492.74
5113.06;0.324;5492.74
5116.28;0.324;5492.74
5120.33;0.744;5492.74
5123.97;0.332;5492.74
5126.94;0.228;5492.74
5129.94;0.296;5492.74
5133.21;0.776;5492.74
5138.99;0.276;5492.74
5143.34;0.244;5492.74
5148.29;0.24;5492.74
5153.72;0.224;5492.74
5158.32;0.184;5492.74
5161.22;0.172;5492.74
5167.16;0.136;5492.74
5173.33;0.128;5492.74
5212.79;33.348;5492.74
5217.98;0.388;5492.74
5221.05;0.34;5492.74
5225.88;0.324;5492.74
5231.9;0.32;5492.74
5236.9;0.296;5492.74
5240.86;0.26;5492.74
5245.78;0.228;5492.74
5263.23;14.244;5492.74
5269.25;0.124;5492.74
5274.41;2.456;5492.74
5278.72;0.108;5492.74
5284.71;0.992;5492.74
5288.71;1.668;5492.74
5292.94;0.408;5492.74
5299.13;0.388;5492.74
5302.9;0.356;5492.74
5308.57;0.36;5492.74
5313.49;0.292;5492.74
5318.78;0.256;5492.74
5324.92;0.144;5492.74
5330.88;0.248;5492.74
5336.12;0.236;5492.74
5339;0.184;5492.74
5346.61;4.072;5492.74
5353.4;0.776;5492.74
5357.92;0.724;5492.74
5364.41;0.684;5492.74
5370.03;0.716;5492.74
5381.7;8.964;5492.74
5387.08;1.684;5492.74
5395.79;6.004;5492.74
5399.36;0.368;5492.74
5403.61;1.444;5492.74
5408.28;0.368;5492.74
5412.56;0.348;5492.74
5416.21;0.332;5492.74
5419.5;0.292;5492.74
5425.46;0.256;5492.74
5431.24;0.268;5492.74
5437.48;0.244;5492.74
5443.93;0.208;5492.74
5448.93;0.188;5492.74
5451.9;0.176;5492.74
5455.45;0.144;5492.74
5459.16;0.112;5492.74
5463.69;0.12;5492.74
5467.8;0.08;5492.74
5477.12;4.3;5492.74
5488.18;8.456;5492.74
5494.18;0.096;5492.74
5496.97;0.076;5492.74
5503.62;0.648;5500.93
5533.36;27.248;5500.93
5538.56;0.176;5500.93
5544.04;0.164;5500.93
5549.26;0.12;5500.93
5553.68;0.112;5500.93
5562.92;3.536;5500.93
5570.28;4.86;5500.93
5582.67;9.592;5500.93
5588.7;0.428;5500.93
5594.87;0.656;5500.93
5601.23;0.456;5500.93
5604.36;0.432;5500.93
5608.17;0.396;5500.93
5611.58;0.368;5500.93
5618.13;0.352;5500.93
5622.56;0.324;5500.93
5626.24;0.284;5500.93
5631.65;0.284;5500.93
5634.63;0.264;5500.93
5637.36;0.228;5500.93
5640.97;0.204;5500.93
5643.88;0.172;5500.93
5646.74;0.168;5500.93
5649.61;0.14;5500.93
5679.03;23.62;5500.93
5683.83;0.904;5500.93
5690.78;0.836;5500.93
5708.22;13.636;5500.93
5712.56;1.64;5500.93
5717.19;0.496;5500.93
5723.46;0.428;5500.93
5727.17;0.412;5500.93
5730.98;0.404;5500.93
5735.48;0.396;5500.93
5741.44;0.36;5500.93
5744.88;0.344;5500.93
5747.87;0.288;5500.93
5752.49;0.284;5500.93
5756.66;0.268;5500.93
5761.61;0.248;5500.93
5764.54;0.236;5500.93
5769.94;0.2;5500.93
5775.32;0.176;5500.93
5778.17;0.14;5500.93
5783.93;1.052;5500.93
5788.78;2.052;5500.93
5793.69;0.112;5500.93
5796.69;0.1;5500.93
5799.98;0.076;5500.93
5811.41;6.2;5500.93
5818.53;4.72;5500.93
5821.56;0.528;5500.93
5827.28;0.408;5500.93
5836.18;4.4;5500.93
5840.96;0.424;5500.93
5844.03;0.368;5500.93
5847.09;0.36;5500.93
5852.74;0.332;5500.93
5859.18;0.304;5500.93
5861.96;0.256;5500.93
5867.24;0.256;5500.93
5872.09;0.224;5500.93
5875.74;0.208;5500.93
5881.94;0.2;5500.93
5885.3;0.156;5500.93
5888.25;0.14;5500.93
5893.26;0.112;5500.93
5896.55;0.092;5500.93
5901.36;0.108;5500.93
5905.79;0.428;5500.93
5909.7;0.108;5500.93
5920.93;8.528;5500.93
5929.78;5.644;5500.93
5938.61;5.724;5500.93
5948.15;7.088;5500.93
5951.76;0.884;5500.93
5956.37;0.804;5500.93
5962.04;0.772;5500.93
5967.91;0.768;5500.93
5973.14;0.724;5500.93
5977.46;0.716;5500.93
5981.88;0.72;5500.93
5985.22;0.636;5500.93
5990.19;0.668;5500.93
5996.54;0.632;5500.93
5999.88;0.636;5500.93
6003.14;0.56;5500.93
6007.96;0.564;5500.93
6013.22;0.516;5500.93
6017.63;0.512;5500.93
6021.87;0.504;5500.93
6026.76;0.484;5500.93
6033.09;0.428;5500.93
6036.18;0.396;5500.93
6039.38;0.396;5500.93
6042.34;0.364;5500.93
6045.89;0.344;5500.93
6052.02;0.324;5500.93
6055.44;0.308;5500.93
6058.43;0.292;5500.93
6061.9;0.268;5500.93
6066.65;0.252;5500.93
6073.1;0.224;5500.93
6076.01;0.208;5500.93
6081.9;0.184;5500.93
6087.7;0.164;5500.93
6091.69;0.156;5500.93
6094.64;0.112;5500.93
6099.75;0.108;5500.93
6102.57;0.116;5500.93
6107.67;0.1;5505.02
6117.85;6.372;5513.22
6122.39;0.636;5525.5
6125.19;0.1;5529.6
6130.4;0.108;5529.6
6133.64;0.104;5529.6
6140.62;0.748;5562.37
6143.72;0.096;5562.37
6148.22;0.1;5562.37
6153.06;0.248;5603.33
6158.23;0.364;5627.9
6161.01;0.08;5636.1
6166.62;0.088;5681.15
6169.39;0.076;5693.44
6173.26;0.212;5693.44
6177.78;0.08;5697.54
6182.28;0.08;5697.54
6187.06;0.072;5705.73
6191.65;0.18;5767.17
6197.64;1.768;5783.55
6201.51;0.068;5795.84
6206.49;0.08;5799.94
6212.32;0.124;5816.32
6217.6;0.064;5820.42
6224.8;1;5820.42
6229.55;0.052;5869.57
6234.85;0.096;5869.57
6240.62;0.076;5881.86
6244.52;0.092;5885.95
6247.35;0.132;5894.14
6252.96;0.088;5931.01
6258.07;0.108;5939.2
6262.18;0.112;5939.2
6268.06;0.976;5943.3
6270.9;0.14;5943.3
6275.92;0.116;5943.3
6282.14;0.092;5943.3
6286.48;0.096;5943.3
6288.96;0.084;5943.3
6292.86;0.096;5955.58
6297.5;0.532;5963.78
6303.12;1.216;5967.87
6307.01;0.092;5967.87
6310.51;0.096;5967.87
6315.22;0.116;5967.87
6318.97;0.448;5967.87
6323.48;0.108;5967.87
6329.28;0.092;6008.83
6334;0.416;6008.83
6337.03;0.324;6008.83
6341.97;0.104;6008.83
6346.66;0.088;6008.83
6350.46;0.092;6008.83
6353.87;0.096;6008.83
6357.83;0.36;6021.12
6362.22;0.092;6021.12
6367.13;0.012;6033.41
6369.93;0.1;6033.41
6374.34;0.1;6090.75
6377.13;0.084;6090.75
6379.96;0.088;6094.85
6384.66;0.092;6094.85
6390.46;0.084;6098.94
6393.25;0.092;6098.94
6397.61;0.156;6098.94
6403.84;0.224;6103.04
6413.98;0.652;6103.04
6418.48;0.084;6115.33
6423.95;0.364;6131.71
6429.15;0.092;6144
6434.27;0.896;6148.1
6438.39;0.82;6184.96
6444.68;0.084;6189.06
6447.78;0.068;6189.06
6452.48;0.092;6189.06
6457.89;0.8;6246.4
6461.25;0.152;6250.5
6467.16;0.112;6254.59
6471.86;0.148;6316.03
6475.67;0.112;6332.42
6480.06;0.48;6344.7
6483.53;0.076;6348.8
6488.04;0.096;6348.8
6490.82;0.088;6348.8
6494.78;0.156;6406.14
6497.86;0.08;6422.53
6502.04;0.076;6426.62
6505.22;0.072;6426.62
6509.32;0.096;6430.72
6515.31;0.092;6488.06
6519.07;0.152;6496.26
6522.58;0.108;6496.26
6525.38;0.1;6496.26
6528.44;0.164;6496.26
6532.04;0.088;6520.83
6538.22;0.076;6561.79
6544.23;0.104;6565.89
6548.32;0.084;6565.89
6552.15;0.096;6565.89
6555.35;0.1;6565.89
6560.58;0.112;6565.89
6563.8;0.22;6565.89
6567.86;0.564;6590.46
6571.2;1.128;6590.46
6575.34;0.448;6598.66
6579.84;0.092;6598.66
6582.62;0.08;6598.66
6587.64;0.08;6598.66
6638.06;46.42;6602.75
6641.81;0.852;6615.04
6647.4;0.78;6615.04
6650.84;0.744;6615.04
6657.15;0.696;6615.04
6661.15;0.6;6615.04
6664.86;0.708;6615.04
6671.08;0.696;6615.04
6676.05;0.664;6619.14
6681.89;0.64;6619.14
6685.22;0.628;6619.14
6690.84;0.628;6619.14
6695.98;0.588;6619.14
6701.36;0.576;6619.14
6704.93;0.56;6619.14
6710.19;0.556;6619.14
6713.66;0.568;6623.23
6717.22;0.556;6623.23
6721.13;0.512;6623.23
6724.94;0.504;6623.23
6731.66;0.52;6623.23
6736.92;0.464;6627.33
6742.89;0.472;6627.33
6746.54;0.444;6627.33
6750.88;0.448;6627.33
6754.09;0.408;6627.33
6758.98;0.388;6627.33
6801.49;38.208;6627.33
6805.69;0.392;6639.62
6812.07;0.36;6639.62
6816.9;0.336;6643.71
6822.65;0.344;6643.71
6826.08;0.32;6643.71
6831.66;0.268;6643.71
6834.84;0.276;6643.71
