6.34188;-6.64523;0.507657;-2.27159;0.006;6.42931;-7.6414;0.506756;-1.92849
5.65177;-9.35539;0.766727;-2.78585;0;6.31062;-8.60324;0.753274;1.78332
6.07119;-10.2617;0.715161;-1.24213;0;5.65177;-9.35539;0.766727;-2.78585
5.73413;-7.04205;0.32274;-3.11853;0.006;6.34188;-6.64523;0.507657;-2.27159
4.72422;-9.72813;0.739701;-0.44013;0;5.65177;-9.35539;0.766727;-2.78585
3.72711;-9.79559;0.7049;2.8568;0;4.72422;-9.72813;0.739701;-0.44013
2.74367;-9.97681;0.702953;-1.66962;0;3.72711;-9.79559;0.7049;2.8568
1.76919;-9.75232;0.704028;-0.555896;0;2.74367;-9.97681;0.702953;-1.66962
1.82438;-9.88446;0.777404;-2.82615;0;1.76919;-9.75232;0.704028;-0.555896
5.7888;-10.4567;0.418606;-0.698697;0;6.07119;-10.2617;0.715161;-1.24213
2.79111;-10.9668;0.570407;0.482916;0;2.74367;-9.97681;0.702953;-1.66962
2.20751;-10.4993;0.510194;-2.66448;0;2.79111;-10.9668;0.570407;0.482916
2.43977;-10.2274;0.158872;-1.50266;0;2.20751;-10.4993;0.510194;-2.66448
2.15433;-11.7356;0.629861;2.64526;0;2.79111;-10.9668;0.570407;0.482916
5.91692;-8.23764;0.219156;1.08415;0.043;6.31062;-8.60324;0.753274;1.78332
4.32685;-10.4073;0.680603;0.279683;0.003;4.72422;-9.72813;0.739701;-0.44013
5.82594;-8.624;0.405323;-2.21197;0.043;5.91692;-8.23764;0.219156;1.08415
5.88673;-8.09029;0.403126;-0.23945;0.043;5.91692;-8.23764;0.219156;1.08415
6.07871;-7.65568;0.572916;2.67952;0.003;6.42931;-7.6414;0.506756;-1.92849
2.02691;-9.74982;0.73351;-1.38557;0;1.82438;-9.88446;0.777404;-2.82615
3.03332;-12.204;0.540805;2.22861;0;2.15433;-11.7356;0.629861;2.64526
2.03813;-9.84475;0.276248;1.82799;0.001;2.02691;-9.74982;0.73351;-1.38557
6.39156;-6.79036;0.72948;2.78103;0.012;6.34188;-6.64523;0.507657;-2.27159
4.03184;-12.2206;0.59264;-1.45504;0;3.03332;-12.204;0.540805;2.22861
6.19482;-8.11566;0.456839;-1.27291;0.043;5.88673;-8.09029;0.403126;-0.23945
2.21804;-10.5626;0.345694;-1.40615;0;2.20751;-10.4993;0.510194;-2.66448
6.51104;-6.56346;0.220002;-1.08231;0.006;6.34188;-6.64523;0.507657;-2.27159
5.7431;-9.36692;0.439136;1.60268;0.002;5.65177;-9.35539;0.766727;-2.78585
6.38879;-5.57383;0.295417;-0.173486;0.006;6.51104;-6.56346;0.220002;-1.08231
6.18094;-8.30353;0.244007;2.38358;0.061;5.91692;-8.23764;0.219156;1.08415
2.23697;-10.1854;0.431252;-1.4701;0;2.20751;-10.4993;0.510194;-2.66448
6.35393;-8.89903;0.329692;-2.94193;0.001;6.31062;-8.60324;0.753274;1.78332
3.24338;-9.49108;0.697576;-1.13649;0;3.72711;-9.79559;0.7049;2.8568
6.2331;-10.2294;0.553432;-2.38801;0;6.07119;-10.2617;0.715161;-1.24213
2.59966;-12.469;0.311273;1.50856;0;3.03332;-12.204;0.540805;2.22861
4.74735;-12.3665;0.778975;1.42243;0;4.03184;-12.2206;0.59264;-1.45504
5.92575;-10.1068;0.626303;-1.88858;0;6.07119;-10.2617;0.715161;-1.24213
2.46204;-11.7257;0.498167;-0.233379;0;2.15433;-11.7356;0.629861;2.64526
3.91392;-10.1057;0.3606;-2.77035;0;3.72711;-9.79559;0.7049;2.8568
3.57052;-12.2036;0.521089;-2.26281;0;4.03184;-12.2206;0.59264;-1.45504
5.64064;-8.88573;0.460462;0.800071;0.052;5.82594;-8.624;0.405323;-2.21197
6.21237;-9.4506;0.815574;-1.98135;0;5.65177;-9.35539;0.766727;-2.78585
3.49073;-12.1524;0.311038;2.64309;0;3.57052;-12.2036;0.521089;-2.26281
2.72848;-11.8306;0.33317;-1.13487;0;2.46204;-11.7257;0.498167;-0.233379
3.92771;-12.1458;0.223862;-2.38606;0;4.03184;-12.2206;0.59264;-1.45504
6.0096;-9.69391;0.325978;-0.632254;0.002;5.7431;-9.36692;0.439136;1.60268
4.40548;-12.5265;0.792523;-1.45006;0;4.74735;-12.3665;0.778975;1.42243
6.39222;-7.89132;0.507829;-3.06358;0.003;6.42931;-7.6414;0.506756;-1.92849
4.31856;-12.5524;0.433259;0.559907;0;4.40548;-12.5265;0.792523;-1.45006
4.28635;-9.8707;0.745444;-0.275116;0;4.72422;-9.72813;0.739701;-0.44013
5.73696;-12.4684;0.677485;-2.95042;0;4.74735;-12.3665;0.778975;1.42243
4.22808;-10.1483;0.458256;3.12037;0;3.91392;-10.1057;0.3606;-2.77035
2.7056;-10.9834;0.475907;0.237924;0;2.79111;-10.9668;0.570407;0.482916
6.40201;-11.738;0.521523;0.473414;0;5.73696;-12.4684;0.677485;-2.95042
7.38427;-11.5546;0.482782;2.45645;0;6.40201;-11.738;0.521523;0.473414
8.37824;-11.6625;0.502407;2.18531;0;7.38427;-11.5546;0.482782;2.45645
2.48379;-11.89;0.612495;-2.81114;0;2.46204;-11.7257;0.498167;-0.233379
9.36335;-11.833;0.524477;-2.43657;0;8.37824;-11.6625;0.502407;2.18531
6.35191;-8.9862;0.739724;2.07943;0.01;6.31062;-8.60324;0.753274;1.78332
10.3607;-11.8551;0.45569;1.50527;0;9.36335;-11.833;0.524477;-2.43657
11.3496;-11.7126;0.498823;-2.062;0;10.3607;-11.8551;0.45569;1.50527
5.64667;-10.4315;0.643885;0.597079;0;5.7888;-10.4567;0.418606;-0.698697
6.01806;-12.1912;0.591772;-1.35703;0;5.73696;-12.4684;0.677485;-2.95042
11.0926;-12.0684;0.543167;2.79011;0;11.3496;-11.7126;0.498823;-2.062
4.65738;-12.2874;0.552283;-1.10004;0;4.74735;-12.3665;0.778975;1.42243
7.0191;-12.227;0.678728;-0.918964;0;7.38427;-11.5546;0.482782;2.45645
2.52647;-11.5382;0.420104;-1.34791;0;2.46204;-11.7257;0.498167;-0.233379
2.20149;-11.5955;0.731396;1.98226;0;2.15433;-11.7356;0.629861;2.64526
10.4808;-12.1251;0.699535;-0.499149;0;10.3607;-11.8551;0.45569;1.50527
5.09433;-11.6164;0.63218;2.00856;0;4.65738;-12.2874;0.552283;-1.10004
5.4189;-9.9139;0.637657;-3.1376;0;5.92575;-10.1068;0.626303;-1.88858
4.53067;-10.294;0.619947;1.46381;0.006;4.32685;-10.4073;0.680603;0.279683
4.87201;-10.0562;0.839298;0.157385;0;4.72422;-9.72813;0.739701;-0.44013
2.84565;-11.849;0.610347;-1.22642;0;2.72848;-11.8306;0.33317;-1.13487
5.46371;-10.4588;0.750491;-2.79292;0;5.64667;-10.4315;0.643885;0.597079
6.20208;-7.03278;0.446737;1.48926;0.186;6.34188;-6.64523;0.507657;-2.27159
10.8755;-11.8498;0.241816;-1.09155;0;11.0926;-12.0684;0.543167;2.79011
2.60288;-10.6614;0.587215;-2.75501;0;2.7056;-10.9834;0.475907;0.237924
10.8496;-11.9492;0.757641;2.08333;0;11.0926;-12.0684;0.543167;2.79011
12.3351;-11.8813;0.478547;-0.623497;0;11.3496;-11.7126;0.498823;-2.062
9.95267;-12.3689;0.315814;-1.13836;0;10.3607;-11.8551;0.45569;1.50527
9.21874;-11.9008;0.783366;-1.07597;0;9.36335;-11.833;0.524477;-2.43657
6.13265;-8.56519;0.822772;-2.33425;0;6.31062;-8.60324;0.753274;1.78332
5.04771;-12.119;0.34875;-2.70228;0;4.65738;-12.2874;0.552283;-1.10004
6.20582;-8.60746;0.318869;1.27924;0.082;6.18094;-8.30353;0.244007;2.38358
6.14014;-8.71638;0.677326;0.0197708;0;6.13265;-8.56519;0.822772;-2.33425
12.9792;-12.0589;0.348475;0.0994071;0;12.3351;-11.8813;0.478547;-0.623497
13.8449;-11.5584;0.339747;2.91383;0;12.9792;-12.0589;0.348475;0.0994071
3.42756;-12.031;0.746458;0.228723;0;3.57052;-12.2036;0.521089;-2.26281
13.6693;-10.6821;0.190972;-1.8515;0;13.8449;-11.5584;0.339747;2.91383
4.09625;-9.9435;0.793833;1.72853;0;4.28635;-9.8707;0.745444;-0.275116
4.77768;-9.66493;0.81033;-2.96685;0;4.72422;-9.72813;0.739701;-0.44013
5.87625;-9.27103;0.827935;-2.21229;0;5.65177;-9.35539;0.766727;-2.78585
8.88924;-12.3709;0.455466;-0.595684;0;9.21874;-11.9008;0.783366;-1.07597
13.8923;-9.71326;0.298522;1.89706;0;13.6693;-10.6821;0.190972;-1.8515
1.77085;-12.2786;0.841881;1.22927;0;2.15433;-11.7356;0.629861;2.64526
6.35839;-11.6659;0.706364;-1.70776;0;6.40201;-11.738;0.521523;0.473414
8.45305;-12.4063;0.641347;0.828219;0;8.88924;-12.3709;0.455466;-0.595684
1.88159;-12.039;0.742795;1.01518;0;1.77085;-12.2786;0.841881;1.22927
13.7195;-11.2655;0.777704;-0.0340917;0;13.8449;-11.5584;0.339747;2.91383
9.11178;-12.3132;0.197509;2.43768;0;8.88924;-12.3709;0.455466;-0.595684
9.30276;-12.4184;0.178828;-2.44252;0;9.11178;-12.3132;0.197509;2.43768
8.28439;-12.1604;0.438302;-0.63094;0;8.45305;-12.4063;0.641347;0.828219
11.4985;-11.9269;0.70018;2.58948;0;11.3496;-11.7126;0.498823;-2.062
9.62058;-12.1399;0.602679;-2.7439;0;9.36335;-11.833;0.524477;-2.43657
3.15956;-10.0243;0.604062;0.900733;0;2.74367;-9.97681;0.702953;-1.66962
4.93479;-9.61988;0.791224;-1.1954;0;4.77768;-9.66493;0.81033;-2.96685
7.06494;-11.4914;0.370656;-0.689871;0;7.38427;-11.5546;0.482782;2.45645
4.62053;-9.99836;0.256808;-0.732602;0;4.22808;-10.1483;0.458256;3.12037
3.99115;-10.3502;0.596708;0.82139;0.003;4.22808;-10.1483;0.458256;3.12037
6.05554;-9.24315;0.425161;-0.948318;0.002;5.7431;-9.36692;0.439136;1.60268
13.9746;-12.0789;0.383258;0.263076;0;13.8449;-11.5584;0.339747;2.91383
8.05798;-11.8536;0.381384;-2.44382;0;8.28439;-12.1604;0.438302;-0.63094
6.18275;-8.63577;0.729463;-0.434557;0;6.14014;-8.71638;0.677326;0.0197708
1.9354;-10.9993;0.66804;0.368398;0;2.20751;-10.4993;0.510194;-2.66448
2.15816;-10.9489;0.556448;-1.99442;0;1.9354;-10.9993;0.66804;0.368398
13.2053;-11.9497;0.29833;-0.746077;0;12.9792;-12.0589;0.348475;0.0994071
5.09664;-9.93516;0.617274;2.39436;0;5.4189;-9.9139;0.637657;-3.1376
3.8586;-12.7066;0.445885;2.45749;0;4.31856;-12.5524;0.433259;0.559907
2.58559;-10.2266;0.597884;0.11958;0;2.74367;-9.97681;0.702953;-1.66962
2.79946;-10.223;0.399623;1.86315;0;2.58559;-10.2266;0.597884;0.11958
13.2294;-12.1506;0.191025;-2.96546;0;13.2053;-11.9497;0.29833;-0.746077
6.43812;-12.0281;0.304095;1.14861;0;6.40201;-11.738;0.521523;0.473414
5.61556;-8.91948;0.470095;-2.31834;0.052;5.64064;-8.88573;0.460462;0.800071
13.9184;-10.3642;0.708972;0.415852;0;13.6693;-10.6821;0.190972;-1.8515
2.64761;-10.5689;0.276479;-2.74959;0;2.60288;-10.6614;0.587215;-2.75501
1.75235;-11.9979;0.771877;-2.31144;0;1.88159;-12.039;0.742795;1.01518
11.5405;-12.3938;0.187324;1.78479;0;11.0926;-12.0684;0.543167;2.79011
14.1772;-10.5667;0.286314;2.10881;0;13.6693;-10.6821;0.190972;-1.8515
13.665;-10.4563;0.421934;-1.39483;0;13.6693;-10.6821;0.190972;-1.8515
3.7754;-9.97867;0.229898;1.0351;0;3.91392;-10.1057;0.3606;-2.77035
3.91975;-12.2686;0.800568;-2.02631;0;4.03184;-12.2206;0.59264;-1.45504
2.66142;-10.9477;0.508476;-0.270336;0;2.7056;-10.9834;0.475907;0.237924
13.9174;-10.9552;0.73708;0.298971;0;13.7195;-11.2655;0.777704;-0.0340917
5.94461;-9.70589;0.677837;0.809853;0.002;6.0096;-9.69391;0.325978;-0.632254
13.5476;-11.5438;0.654828;-3.03361;0;13.7195;-11.2655;0.777704;-0.0340917
11.835;-11.8106;0.396843;-2.10885;0;11.4985;-11.9269;0.70018;2.58948
10.1165;-11.7507;0.76464;0.236821;0;10.3607;-11.8551;0.45569;1.50527
2.69569;-12.0532;0.662059;-2.85156;0;2.84565;-11.849;0.610347;-1.22642
2.02477;-10.6913;0.79525;0.425447;0;1.9354;-10.9993;0.66804;0.368398
13.1435;-10.3828;0.602604;0.695692;0;13.665;-10.4563;0.421934;-1.39483
12.199;-10.0724;0.494815;2.16541;0;13.1435;-10.3828;0.602604;0.695692
4.1059;-12.3319;0.81241;3.02125;0;3.91975;-12.2686;0.800568;-2.02631
11.9346;-11.7255;0.181693;-1.39196;0;11.835;-11.8106;0.396843;-2.10885
3.33039;-9.90192;0.383515;1.54799;0;3.15956;-10.0243;0.604062;0.900733
7.76801;-12.3244;0.7054;-2.69732;0;8.28439;-12.1604;0.438302;-0.63094
3.48051;-10.4384;0.425728;-0.872609;0.003;3.99115;-10.3502;0.596708;0.82139
6.94983;-11.9898;0.750429;1.99338;0;7.0191;-12.227;0.678728;-0.918964
6.26581;-12.1305;0.719554;-0.966657;0;6.01806;-12.1912;0.591772;-1.35703
1.95711;-10.4189;0.531691;1.13918;0.001;2.20751;-10.4993;0.510194;-2.66448
11.2386;-10.1594;0.230065;1.19713;0;12.199;-10.0724;0.494815;2.16541
13.595;-9.93426;0.515918;-0.694839;0;13.8923;-9.71326;0.298522;1.89706
2.3377;-11.7552;0.382418;-2.72066;0;2.46204;-11.7257;0.498167;-0.233379
9.72424;-11.7623;0.773359;-0.885371;0;10.1165;-11.7507;0.76464;0.236821
4.7633;-10.2725;0.545753;-2.11628;0.006;4.53067;-10.294;0.619947;1.46381
10.3261;-9.8179;0.455376;-0.748127;0;11.2386;-10.1594;0.230065;1.19713
12.6981;-12.4579;0.786633;-0.320954;0;12.9792;-12.0589;0.348475;0.0994071
13.54;-11.8488;0.354201;0.550355;0;13.2053;-11.9497;0.29833;-0.746077
2.33193;-11.1288;0.648674;-2.47661;0;2.15816;-10.9489;0.556448;-1.99442
13.2345;-9.69612;0.608972;0.776066;0;13.595;-9.93426;0.515918;-0.694839
1.88905;-9.89529;0.400984;1.4639;0.001;2.03813;-9.84475;0.276248;1.82799
10.6358;-11.7547;0.421924;2.83282;0;10.3607;-11.8551;0.45569;1.50527
11.2453;-9.79747;0.446826;0.0275788;0;11.2386;-10.1594;0.230065;1.19713
6.49601;-11.7879;0.64211;-1.69273;0;6.40201;-11.738;0.521523;0.473414
14.4091;-10.573;0.60601;1.07218;0;14.1772;-10.5667;0.286314;2.10881
10.7815;-9.87882;0.186465;2.53385;0;10.3261;-9.8179;0.455376;-0.748127
11.0882;-11.939;0.287512;-1.3483;0;10.8755;-11.8498;0.241816;-1.09155
11.8035;-10.2923;0.743448;2.31254;0;12.199;-10.0724;0.494815;2.16541
9.35166;-9.77955;0.676689;2.12414;0;10.3261;-9.8179;0.455376;-0.748127
12.1555;-9.84755;0.46605;1.74385;0;12.199;-10.0724;0.494815;2.16541
4.11717;-11.7426;0.250919;0.535197;0;3.92771;-12.1458;0.223862;-2.38606
10.1283;-9.91419;0.215882;-2.71358;0;10.3261;-9.8179;0.455376;-0.748127
1.75338;-10.7514;0.458502;0.172157;0;1.9354;-10.9993;0.66804;0.368398
14.1595;-12.4128;0.566687;1.50981;0;13.9746;-12.0789;0.383258;0.263076
12.9116;-11.9117;0.409085;-0.0648249;0;12.9792;-12.0589;0.348475;0.0994071
12.3206;-10.0154;0.675194;0.459331;0;12.199;-10.0724;0.494815;2.16541
1.77942;-10.44;0.401421;2.14447;0.001;1.95711;-10.4189;0.531691;1.13918
4.07964;-10.3362;0.307092;2.26291;0;4.22808;-10.1483;0.458256;3.12037
12.1254;-11.967;0.345496;-1.60809;0;12.3351;-11.8813;0.478547;-0.623497
12.0287;-9.6856;0.508167;0.430792;0;12.1555;-9.84755;0.46605;1.74385
5.18124;-11.9965;0.813791;-0.899901;0;5.09433;-11.6164;0.63218;2.00856
8.41585;-10.0778;0.488731;-0.488257;0;9.35166;-9.77955;0.676689;2.12414
4.23509;-9.77491;0.796257;-1.74441;0;4.28635;-9.8707;0.745444;-0.275116
8.91296;-12.0015;0.659866;-0.0500476;0;9.21874;-11.9008;0.783366;-1.07597
6.28319;-10.2873;0.41798;1.61493;0.003;6.2331;-10.2294;0.553432;-2.38801
6.01828;-7.4524;0.41722;-2.49956;0.005;6.07871;-7.65568;0.572916;2.67952
6.01426;-9.18919;0.527802;-0.411332;0.002;6.05554;-9.24315;0.425161;-0.948318
3.78869;-10.3383;0.6645;2.37445;0.003;3.99115;-10.3502;0.596708;0.82139
12.0574;-9.71751;0.779482;-2.67513;0;12.0287;-9.6856;0.508167;0.430792
5.88444;-7.79645;0.486427;-2.41555;0.003;6.07871;-7.65568;0.572916;2.67952
6.13382;-7.72022;0.168662;0.498664;0.005;6.01828;-7.4524;0.41722;-2.49956
8.21392;-9.98735;0.588534;-1.77075;0;8.41585;-10.0778;0.488731;-0.488257
4.90671;-12.259;0.430654;-2.80537;0;5.04771;-12.119;0.34875;-2.70228
14.1983;-9.95168;0.348602;-0.972644;0;13.8923;-9.71326;0.298522;1.89706
1.92169;-11.5111;0.218428;1.54335;0;2.3377;-11.7552;0.382418;-2.72066
10.7978;-12.0944;0.463984;-1.90367;0;11.0926;-12.0684;0.543167;2.79011
7.38013;-11.8785;0.749351;0.890281;0;7.38427;-11.5546;0.482782;2.45645
7.92606;-12.3693;0.172317;-1.92346;0;8.28439;-12.1604;0.438302;-0.63094
13.8563;-10.208;0.419542;2.48997;0;13.665;-10.4563;0.421934;-1.39483
5.12714;-10.1411;0.568249;-2.24993;0;5.09664;-9.93516;0.617274;2.39436
12.6658;-11.7833;0.544563;2.38595;0;12.9116;-11.9117;0.409085;-0.0648249
4.47518;-11.6789;0.686716;2.14733;0;4.11717;-11.7426;0.250919;0.535197
5.23528;-9.60428;0.62545;-0.691082;0;4.93479;-9.61988;0.791224;-1.1954
13.7317;-10.0812;0.811478;-2.66826;0;13.9184;-10.3642;0.708972;0.415852
3.93493;-9.96263;0.419406;2.86349;0;3.91392;-10.1057;0.3606;-2.77035
9.27404;-12.1794;0.439905;-1.05214;0;9.11178;-12.3132;0.197509;2.43768
14.5158;-11.269;0.168959;-1.16385;0;13.8449;-11.5584;0.339747;2.91383
2.45032;-11.4044;0.20779;3.12227;0;2.52647;-11.5382;0.420104;-1.34791
3.34056;-10.4613;0.777312;-2.98331;0.003;3.48051;-10.4384;0.425728;-0.872609
13.7973;-11.4164;0.813704;-2.59586;0;13.7195;-11.2655;0.777704;-0.0340917
3.76162;-12.4157;0.473973;1.4791;0;3.57052;-12.2036;0.521089;-2.26281
14.2524;-9.93611;0.206349;-0.804504;0;14.1983;-9.95168;0.348602;-0.972644
13.2362;-10.1511;0.325107;-1.5327;0;13.1435;-10.3828;0.602604;0.695692
7.93555;-9.54978;0.372245;-2.49212;0;8.21392;-9.98735;0.588534;-1.77075
3.88435;-10.067;0.680886;0.141394;0.002;4.09625;-9.9435;0.793833;1.72853
5.46088;-11.5505;0.761846;2.55808;0;5.09433;-11.6164;0.63218;2.00856
6.36325;-9.99316;0.407651;-0.534739;0.003;6.28319;-10.2873;0.41798;1.61493
8.31573;-8.62512;0.350471;-3.05404;0;7.93555;-9.54978;0.372245;-2.49212
8.70512;-7.70477;0.386815;0.391378;0;8.31573;-8.62512;0.350471;-3.05404
3.23144;-12.3888;0.36261;0.125845;0;3.03332;-12.204;0.540805;2.22861
13.3171;-10.2007;0.285486;-2.21357;0;13.2362;-10.1511;0.325107;-1.5327
6.36472;-8.10502;0.794384;-2.95036;0.003;6.39222;-7.89132;0.507829;-3.06358
3.04413;-10.1838;0.513821;-2.50575;0;3.15956;-10.0243;0.604062;0.900733
7.26878;-11.6644;0.824665;-2.3072;0;7.38013;-11.8785;0.749351;0.890281
10.5399;-10.1147;0.674923;-3.12534;0;10.3261;-9.8179;0.455376;-0.748127
14.1079;-9.77641;0.527605;-2.80886;0;14.1983;-9.95168;0.348602;-0.972644
12.8423;-9.99323;0.51014;1.6155;0;13.2362;-10.1511;0.325107;-1.5327
8.54895;-8.02856;0.181835;0.458211;0;8.70512;-7.70477;0.386815;0.391378
6.03742;-7.78885;0.240495;-1.62942;0.008;6.13382;-7.72022;0.168662;0.498664
11.7506;-9.70944;0.826781;1.58223;0;12.0574;-9.71751;0.779482;-2.67513
9.14409;-11.9777;0.372598;2.06227;0;9.27404;-12.1794;0.439905;-1.05214
6.39152;-7.54535;0.457302;1.85964;0.133;6.42931;-7.6414;0.506756;-1.92849
4.7063;-9.68069;0.205779;0.487447;0.001;4.62053;-9.99836;0.256808;-0.732602
3.55657;-11.7342;0.480397;2.23205;0;3.42756;-12.031;0.746458;0.228723
10.1258;-9.66991;0.169687;-1.11429;0;10.1283;-9.91419;0.215882;-2.71358
6.74474;-11.7635;0.447378;2.05106;0;6.49601;-11.7879;0.64211;-1.69273
12.1774;-10.4223;0.767537;-1.65242;0;11.8035;-10.2923;0.743448;2.31254
8.41651;-8.67771;0.433862;2.27881;0;8.31573;-8.62512;0.350471;-3.05404
11.4854;-10.3652;0.4988;1.79513;0;11.8035;-10.2923;0.743448;2.31254
5.58366;-9.01215;0.80433;-1.97506;0.052;5.61556;-8.91948;0.470095;-2.31834
3.28317;-11.6911;0.510568;-0.471389;0;3.55657;-11.7342;0.480397;2.23205
11.6254;-12.267;0.452502;0.944939;0;11.5405;-12.3938;0.187324;1.78479
10.2098;-12.5406;0.779349;-0.376085;0;10.4808;-12.1251;0.699535;-0.499149
4.71616;-11.6639;0.795868;-2.77131;0;4.47518;-11.6789;0.686716;2.14733
9.38038;-7.88334;0.375858;2.3122;0;8.70512;-7.70477;0.386815;0.391378
9.48924;-9.78314;0.841698;0.75324;0;9.35166;-9.77955;0.676689;2.12414
14.2098;-10.4705;0.283682;-1.10163;0;14.1772;-10.5667;0.286314;2.10881
6.09533;-6.93972;0.335737;1.97671;0.362;6.20208;-7.03278;0.446737;1.48926
4.31151;-12.2528;0.734718;0.0504067;0;4.1059;-12.3319;0.81241;3.02125
14.2174;-11.4935;0.581098;-1.00682;0;13.8449;-11.5584;0.339747;2.91383
9.79861;-12.3302;0.607176;1.36034;0;9.62058;-12.1399;0.602679;-2.7439
11.0182;-10.2086;0.271325;0.450494;0;11.2386;-10.1594;0.230065;1.19713
7.37507;-12.4271;0.350304;-2.71279;0;7.0191;-12.227;0.678728;-0.918964
8.60395;-12.4418;0.659499;1.94886;0;8.45305;-12.4063;0.641347;0.828219
11.7944;-9.66133;0.369638;1.55576;0;12.0287;-9.6856;0.508167;0.430792
2.61732;-10.9369;0.322781;-1.39514;0;2.7056;-10.9834;0.475907;0.237924
3.3563;-9.59778;0.637481;-1.75117;0;3.24338;-9.49108;0.697576;-1.13649
2.80244;-11.5756;0.581616;2.73206;0;2.84565;-11.849;0.610347;-1.22642
6.26439;-8.33073;0.334438;-2.11689;0.062;6.18094;-8.30353;0.244007;2.38358
4.46006;-12.2777;0.358133;1.89526;0;4.65738;-12.2874;0.552283;-1.10004
9.20703;-9.9491;0.761617;-1.99142;0;9.35166;-9.77955;0.676689;2.12414
11.2431;-12.2339;0.69757;2.55763;0;11.0926;-12.0684;0.543167;2.79011
6.39427;-9.00689;0.849858;2.78853;0.01;6.35191;-8.9862;0.739724;2.07943
14.3759;-11.9756;0.180438;0.0884443;0;13.9746;-12.0789;0.383258;0.263076
7.98609;-8.05718;0.459904;-1.63501;0;8.54895;-8.02856;0.181835;0.458211
10.6403;-9.91477;0.194431;-0.592137;0;10.7815;-9.87882;0.186465;2.53385
10.3432;-8.10412;0.531245;1.71548;0;9.38038;-7.88334;0.375858;2.3122
1.99874;-10.9187;0.773025;0.00938598;0;1.9354;-10.9993;0.66804;0.368398
3.10622;-12.1691;0.382176;1.46564;0;3.03332;-12.204;0.540805;2.22861
7.67743;-11.539;0.561386;-0.842867;0;7.38427;-11.5546;0.482782;2.45645
2.1675;-11.9999;0.213635;-2.43782;0;2.3377;-11.7552;0.382418;-2.72066
7.0126;-11.7659;0.719926;-0.15703;0;6.94983;-11.9898;0.750429;1.99338
8.6842;-8.03217;0.472526;-0.184778;0;8.54895;-8.02856;0.181835;0.458211
14.2039;-12.5854;0.690237;-0.881788;0;14.1595;-12.4128;0.566687;1.50981
9.5329;-7.87092;0.613875;1.51472;0;9.38038;-7.88334;0.375858;2.3122
8.33378;-8.39313;0.318377;-0.223274;0;8.31573;-8.62512;0.350471;-3.05404
12.1202;-11.622;0.645189;-2.23121;0;12.3351;-11.8813;0.478547;-0.623497
4.94007;-12.5695;0.815922;-0.713036;0;4.74735;-12.3665;0.778975;1.42243
3.76305;-10.3552;0.522668;-2.56289;0.003;3.78869;-10.3383;0.6645;2.37445
4.78762;-12.3698;0.583822;0.877854;0;4.65738;-12.2874;0.552283;-1.10004
6.39185;-9.09843;0.525415;2.97173;0.01;6.35191;-8.9862;0.739724;2.07943
11.3453;-9.72945;0.468255;-1.1419;0;11.2453;-9.79747;0.446826;0.0275788
8.83171;-11.81;0.481499;1.32799;0;8.91296;-12.0015;0.659866;-0.0500476
9.86867;-9.81694;0.376888;-1.54479;0;10.1283;-9.91419;0.215882;-2.71358
8.66411;-7.80996;0.337949;-1.79309;0;8.70512;-7.70477;0.386815;0.391378
7.4609;-11.8001;0.472845;-1.31442;0;7.38427;-11.5546;0.482782;2.45645
2.1479;-12.3098;0.776087;1.36873;0;1.88159;-12.039;0.742795;1.01518
2.00748;-11.1468;0.214473;-1.34016;0;1.92169;-11.5111;0.218428;1.54335
14.2844;-12.167;0.719434;1.21639;0;14.1595;-12.4128;0.566687;1.50981
4.96264;-12.0502;0.439277;0.74817;0;5.04771;-12.119;0.34875;-2.70228
14.1852;-11.4957;0.501257;2.37076;0;14.2174;-11.4935;0.581098;-1.00682
5.40309;-12.325;0.840489;-0.328748;0;5.18124;-11.9965;0.813791;-0.899901
9.48515;-7.809;0.709198;-2.122;0;9.5329;-7.87092;0.613875;1.51472
7.56708;-11.593;0.727218;1.51031;0;7.67743;-11.539;0.561386;-0.842867
2.43304;-12.5405;0.802326;-0.00412671;0;2.1479;-12.3098;0.776087;1.36873
6.21364;-11.5576;0.833578;-2.02396;0;6.35839;-11.6659;0.706364;-1.70776
8.56262;-12.4965;0.655335;-3.01483;0;8.60395;-12.4418;0.659499;1.94886
13.0742;-11.8731;0.795047;0.611603;0;12.9116;-11.9117;0.409085;-0.0648249
3.68481;-12.0847;0.817162;1.86521;0;3.42756;-12.031;0.746458;0.228723
3.90297;-9.66081;0.591407;1.5359;0;3.72711;-9.79559;0.7049;2.8568
5.84989;-7.4569;0.760611;-1.26779;0.003;6.07871;-7.65568;0.572916;2.67952
9.75079;-9.68886;0.756161;-2.02486;0;9.48924;-9.78314;0.841698;0.75324
11.5552;-11.8747;0.210911;-1.72881;0;11.835;-11.8106;0.396843;-2.10885
6.82498;-11.8793;0.46577;-0.408332;0;6.74474;-11.7635;0.447378;2.05106
12.521;-10.1109;0.817473;-1.54251;0;12.3206;-10.0154;0.675194;0.459331
2.79803;-9.5184;0.822701;2.2859;0;3.24338;-9.49108;0.697576;-1.13649
10.9902;-12.4277;0.562894;-2.66905;0;11.2431;-12.2339;0.69757;2.55763
13.0103;-10.0113;0.51305;-0.846816;0;12.8423;-9.99323;0.51014;1.6155
6.92107;-12.2112;0.5337;2.12666;0;7.0191;-12.227;0.678728;-0.918964
8.10186;-9.32671;0.236202;2.16283;0;7.93555;-9.54978;0.372245;-2.49212
11.1231;-12.1592;0.345005;0.820301;0;11.0926;-12.0684;0.543167;2.79011
3.56393;-9.84544;0.645759;0.81309;0;3.72711;-9.79559;0.7049;2.8568
7.62677;-8.42898;0.751448;-1.87017;0;7.98609;-8.05718;0.459904;-1.63501
14.1865;-11.5685;0.623966;-2.8708;0;14.2174;-11.4935;0.581098;-1.00682
2.76396;-11.5667;0.660079;1.72395;0;2.80244;-11.5756;0.581616;2.73206
10.4318;-12.135;0.745576;2.14648;0;10.4808;-12.1251;0.699535;-0.499149
6.37834;-7.13965;0.276408;-2.50485;0.189;6.20208;-7.03278;0.446737;1.48926
8.32003;-9.42447;0.552508;0.518465;0;8.10186;-9.32671;0.236202;2.16283
2.20876;-9.95628;0.571983;2.91554;0;2.23697;-10.1854;0.431252;-1.4701
2.0673;-10.213;0.598426;2.73083;0;2.23697;-10.1854;0.431252;-1.4701
11.7298;-12.4132;0.785986;-0.359782;0;11.6254;-12.267;0.452502;0.944939
8.01625;-12.3172;0.374205;1.52075;0;7.92606;-12.3693;0.172317;-1.92346
7.13649;-12.516;0.713363;-1.3413;0;7.0191;-12.227;0.678728;-0.918964
6.33751;-5.94181;0.167661;0.169232;0.006;6.38879;-5.57383;0.295417;-0.173486
6.34236;-8.76639;0.738458;-2.98801;0;6.31062;-8.60324;0.753274;1.78332
14.5637;-9.80824;0.448098;-0.810309;0;14.1983;-9.95168;0.348602;-0.972644
13.9872;-11.7951;0.747391;1.33713;0;14.1865;-11.5685;0.623966;-2.8708
9.75191;-11.7378;0.834172;1.92891;0;9.72424;-11.7623;0.773359;-0.885371
8.78883;-7.74057;0.800161;-0.448428;0;8.70512;-7.70477;0.386815;0.391378
5.91372;-8.79822;0.325359;2.3395;0.047;5.82594;-8.624;0.405323;-2.21197
5.15086;-9.56355;0.826147;-1.22899;0;5.23528;-9.60428;0.62545;-0.691082
5.28015;-9.55117;0.591321;-2.96168;0;5.23528;-9.60428;0.62545;-0.691082
3.04342;-10.1959;0.444423;-0.669314;0;3.04413;-10.1838;0.513821;-2.50575
4.55945;-11.5521;0.396735;1.49169;0;4.47518;-11.6789;0.686716;2.14733
9.33181;-10.405;0.747552;0.639;0;9.20703;-9.9491;0.761617;-1.99142
6.02159;-11.7915;0.270757;0.445452;0;6.40201;-11.738;0.521523;0.473414
7.95311;-9.80035;0.275001;-3.13662;0;7.93555;-9.54978;0.372245;-2.49212
13.8017;-9.5847;0.21473;-0.192569;0;13.8923;-9.71326;0.298522;1.89706
7.46182;-11.5776;0.686065;2.50249;0;7.56708;-11.593;0.727218;1.51031
2.81826;-11.9893;0.610851;2.08993;0;2.84565;-11.849;0.610347;-1.22642
3.2286;-9.90594;0.655289;1.56649;0;3.15956;-10.0243;0.604062;0.900733
4.75327;-9.90105;0.501088;1.11622;0.003;4.62053;-9.99836;0.256808;-0.732602
12.2852;-10.4527;0.818245;-3.08485;0;12.1774;-10.4223;0.767537;-1.65242
4.63016;-11.7467;0.3854;0.0398248;0;4.55945;-11.5521;0.396735;1.49169
9.96765;-12.3533;0.248071;1.89459;0;9.95267;-12.3689;0.315814;-1.13836
6.12072;-8.85278;0.586006;2.77223;0;6.14014;-8.71638;0.677326;0.0197708
10.8907;-11.9316;0.648186;0.891088;0;10.8496;-11.9492;0.757641;2.08333
12.1691;-9.93648;0.842965;1.62211;0;12.3206;-10.0154;0.675194;0.459331
14.5393;-9.88925;0.791858;0.0805071;0;14.5637;-9.80824;0.448098;-0.810309
4.54165;-9.59011;0.468178;0.648983;0.002;4.7063;-9.68069;0.205779;0.487447
2.153;-10.8838;0.747726;0.508122;0;1.99874;-10.9187;0.773025;0.00938598
3.2231;-12.0027;0.443924;2.83941;0;3.10622;-12.1691;0.382176;1.46564
11.8998;-12.402;0.588959;1.15715;0;11.7298;-12.4132;0.785986;-0.359782
2.73048;-9.73959;0.471218;-0.0517204;0;2.74367;-9.97681;0.702953;-1.66962
8.29036;-8.36596;0.45376;1.92124;0;8.33378;-8.39313;0.318377;-0.223274
9.59197;-9.6606;0.458058;2.01221;0;9.86867;-9.81694;0.376888;-1.54479
4.50715;-10.3371;0.679311;-1.79835;0.006;4.53067;-10.294;0.619947;1.46381
2.85844;-10.5407;0.594388;-0.0343836;0;2.60288;-10.6614;0.587215;-2.75501
9.45181;-9.79867;0.563467;-0.282497;0;9.35166;-9.77955;0.676689;2.12414
14.3881;-12.3949;0.45664;-1.48464;0;14.1595;-12.4128;0.566687;1.50981
14.0377;-10.9197;0.370079;1.6133;0;13.9174;-10.9552;0.73708;0.298971
2.03289;-10.3485;0.496145;-2.34402;0.001;1.95711;-10.4189;0.531691;1.13918
14.0953;-11.4713;0.377089;-0.887777;0;14.1852;-11.4957;0.501257;2.37076
8.88921;-11.9277;0.36937;-0.0133706;0;8.83171;-11.81;0.481499;1.32799
11.9837;-9.98496;0.258122;-2.47221;0;12.1555;-9.84755;0.46605;1.74385
11.8129;-12.1364;0.827393;-1.87221;0;11.7298;-12.4132;0.785986;-0.359782
7.70555;-8.59455;0.775131;-0.572431;0;7.62677;-8.42898;0.751448;-1.87017
6.91202;-11.4881;0.607475;-3.13779;0;7.06494;-11.4914;0.370656;-0.689871
8.14256;-12.5999;0.781585;0.992701;0;8.45305;-12.4063;0.641347;0.828219
7.37382;-11.7112;0.356493;-0.977764;0;7.4609;-11.8001;0.472845;-1.31442
9.00287;-8.36931;0.185661;-1.17433;0;8.6842;-8.03217;0.472526;-0.184778
10.1775;-12.5642;0.827964;-0.188585;0;10.2098;-12.5406;0.779349;-0.376085
4.22672;-10.5283;0.761731;1.89322;0.003;4.32685;-10.4073;0.680603;0.279683
2.44155;-10.548;0.378263;-1.87761;0;2.21804;-10.5626;0.345694;-1.40615
11.3567;-9.9934;0.661075;1.8662;0;11.2453;-9.79747;0.446826;0.0275788
6.1664;-9.04936;0.410759;0.848354;0.002;6.05554;-9.24315;0.425161;-0.948318
10.7774;-9.90977;0.569065;-0.782895;0;10.5399;-10.1147;0.674923;-3.12534
8.86946;-11.7174;0.207274;-0.821009;0;8.88921;-11.9277;0.36937;-0.0133706
4.67516;-9.91651;0.53531;-0.419964;0.003;4.75327;-9.90105;0.501088;1.11622
7.26418;-12.3271;0.284443;-0.32736;0;7.37507;-12.4271;0.350304;-2.71279
7.67372;-8.36434;0.831718;2.86037;0;7.62677;-8.42898;0.751448;-1.87017
2.42269;-12.0755;0.804649;-0.789163;0;2.48379;-11.89;0.612495;-2.81114
5.75544;-10.358;0.27103;1.31638;0.003;5.7888;-10.4567;0.418606;-0.698697
7.84424;-9.25275;0.254582;-0.204901;0;8.10186;-9.32671;0.236202;2.16283
13.4529;-11.5775;0.734166;-0.850346;0;13.5476;-11.5438;0.654828;-3.03361
9.69804;-12.0578;0.397151;3.05996;0;9.62058;-12.1399;0.602679;-2.7439
7.99165;-9.00222;0.687457;1.97736;0;7.70555;-8.59455;0.775131;-0.572431
10.2389;-7.68834;0.551727;2.47463;0;10.3432;-8.10412;0.531245;1.71548
14.4468;-9.98667;0.264307;-0.967329;0;14.2524;-9.93611;0.206349;-0.804504
7.8697;-8.59999;0.297977;2.89799;0;8.31573;-8.62512;0.350471;-3.05404
12.8162;-12.1107;0.759799;0.220779;0;13.0742;-11.8731;0.795047;0.611603
3.10111;-9.65142;0.596;-0.466964;0;3.24338;-9.49108;0.697576;-1.13649
6.24028;-8.41523;0.267699;2.53293;0.062;6.26439;-8.33073;0.334438;-2.11689
1.82702;-9.72327;0.522784;-0.796865;0;1.76919;-9.75232;0.704028;-0.555896
5.16029;-11.7176;0.347114;-1.12701;0;5.09433;-11.6164;0.63218;2.00856
11.218;-7.4857;0.531424;2.27613;0;10.2389;-7.68834;0.551727;2.47463
6.91427;-12.1544;0.343987;2.38521;0;6.92107;-12.2112;0.5337;2.12666
14.1837;-9.84901;0.229614;0.599168;0;14.2524;-9.93611;0.206349;-0.804504
2.47315;-11.2826;0.399088;-1.00608;0;2.45032;-11.4044;0.20779;3.12227
10.8315;-12.4718;0.795804;2.1406;0;10.9902;-12.4277;0.562894;-2.66905
2.38043;-10.2308;0.265682;0.552102;0;2.43977;-10.2274;0.158872;-1.50266
9.15889;-8.42016;0.319586;-1.04701;0;9.00287;-8.36931;0.185661;-1.17433
3.18605;-10.1941;0.357049;1.2191;0;3.04342;-10.1959;0.444423;-0.669314
7.6572;-8.02802;0.211881;0.818287;0;7.98609;-8.05718;0.459904;-1.63501
13.2423;-11.8248;0.774542;-1.48192;0;13.0742;-11.8731;0.795047;0.611603
2.5763;-11.3483;0.337081;-1.2286;0;2.47315;-11.2826;0.399088;-1.00608
1.97504;-10.4685;0.689371;-0.029725;0.001;1.95711;-10.4189;0.531691;1.13918
2.61388;-12.2153;0.348778;0.555776;0;2.59966;-12.469;0.311273;1.50856
3.81741;-12.2794;0.346306;0.325577;0;3.76162;-12.4157;0.473973;1.4791
2.36164;-10.2761;0.251996;0.125065;0;2.38043;-10.2308;0.265682;0.552102
5.18285;-10.3721;0.686468;0.26405;0;5.12714;-10.1411;0.568249;-2.24993
2.80288;-9.50139;0.711552;-0.238526;0;2.79803;-9.5184;0.822701;2.2859
2.6691;-12.3267;0.340889;-2.31873;0;2.61388;-12.2153;0.348778;0.555776
7.97144;-11.748;0.833261;-0.426837;0;7.56708;-11.593;0.727218;1.51031
13.7169;-9.81511;0.337455;-2.26111;0;13.8923;-9.71326;0.298522;1.89706
5.83005;-7.38707;0.222721;-0.944384;0.006;6.01828;-7.4524;0.41722;-2.49956
3.37592;-12.0419;0.415285;2.63145;0;3.2231;-12.0027;0.443924;2.83941
11.3363;-10.1772;0.644163;0.383743;0;11.3567;-9.9934;0.661075;1.8662
9.23754;-9.99526;0.269939;0.822186;0;9.45181;-9.79867;0.563467;-0.282497
8.26563;-9.35256;0.659498;-2.99654;0;8.32003;-9.42447;0.552508;0.518465
5.9876;-8.4993;0.33679;2.13789;0.074;5.82594;-8.624;0.405323;-2.21197
9.04937;-11.8169;0.70625;1.34626;0;9.21874;-11.9008;0.783366;-1.07597
5.95583;-10.3743;0.288246;-2.53545;0.003;5.75544;-10.358;0.27103;1.31638
11.6606;-9.614;0.489332;1.09884;0;11.7944;-9.66133;0.369638;1.55576
10.9114;-7.81;0.192448;-2.88071;0;11.218;-7.4857;0.531424;2.27613
2.45014;-9.92404;0.479972;-2.86245;0;2.20876;-9.95628;0.571983;2.91554
8.30436;-9.9952;0.732123;0.092008;0;8.21392;-9.98735;0.588534;-1.77075
11.7046;-8.08879;0.670815;1.77366;0;11.218;-7.4857;0.531424;2.27613
9.89158;-10.3177;0.519699;-1.7577;0;9.86867;-9.81694;0.376888;-1.54479
7.59598;-8.47311;0.632718;-2.36726;0;7.62677;-8.42898;0.751448;-1.87017
7.40938;-12.0487;0.678923;-0.264977;0;7.38013;-11.8785;0.749351;0.890281
4.96668;-10.279;0.462321;-0.628522;0.006;4.7633;-10.2725;0.545753;-2.11628
7.72076;-9.58621;0.581459;-2.42792;0;7.93555;-9.54978;0.372245;-2.49212
13.2686;-12.169;0.751849;-1.60479;0;13.2423;-11.8248;0.774542;-1.48192
7.21923;-11.7293;0.4718;-1.07395;0;7.37382;-11.7112;0.356493;-0.977764
7.54902;-8.63399;0.683026;1.92565;0;7.59598;-8.47311;0.632718;-2.36726
5.11698;-12.5838;0.647799;-0.413113;0;4.94007;-12.5695;0.815922;-0.713036
12.5794;-9.77662;0.277111;0.184424;0;12.8423;-9.99323;0.51014;1.6155
3.65451;-11.9646;0.776804;2.72715;0;3.68481;-12.0847;0.817162;1.86521
1.83571;-10.5355;0.631377;2.58135;0.001;1.97504;-10.4685;0.689371;-0.029725
7.76608;-10.03;0.832979;0.762574;0;8.21392;-9.98735;0.588534;-1.77075
2.76152;-10.3841;0.659899;1.60916;0;2.85844;-10.5407;0.594388;-0.0343836
11.4852;-8.44242;0.838949;2.40265;0;11.7046;-8.08879;0.670815;1.77366
5.83706;-9.9777;0.319488;-1.95167;0.002;6.0096;-9.69391;0.325978;-0.632254
12.1768;-7.67011;0.224269;-0.406077;0;11.7046;-8.08879;0.670815;1.77366
11.9515;-11.7968;0.541571;-1.95858;0;11.835;-11.8106;0.396843;-2.10885
8.83387;-9.56644;0.400172;-1.77466;0;8.32003;-9.42447;0.552508;0.518465
11.9059;-8.0317;0.81095;-2.64319;0;11.7046;-8.08879;0.670815;1.77366
14.2047;-10.6989;0.241195;-1.2418;0;14.1772;-10.5667;0.286314;2.10881
6.04995;-9.16408;0.46531;-2.17451;0.002;6.01426;-9.18919;0.527802;-0.411332
3.49271;-11.6508;0.222967;-2.61501;0;3.55657;-11.7342;0.480397;2.23205
12.3027;-9.76034;0.728447;-2.12071;0;12.1691;-9.93648;0.842965;1.62211
14.155;-12.2395;0.151003;-0.499467;0;13.9746;-12.0789;0.383258;0.263076
11.1153;-12.2724;0.633213;2.70095;0;11.2431;-12.2339;0.69757;2.55763
9.57324;-12.1091;0.723029;1.82727;0;9.62058;-12.1399;0.602679;-2.7439
3.95968;-11.7586;0.310076;1.58065;0;4.11717;-11.7426;0.250919;0.535197
7.2026;-12.2057;0.707908;-1.94551;0;7.0191;-12.227;0.678728;-0.918964
7.53212;-11.6944;0.765163;-2.48496;0;7.56708;-11.593;0.727218;1.51031
13.2761;-12.3198;0.157533;0.0719317;0;13.2294;-12.1506;0.191025;-2.96546
6.31296;-6.68695;0.245913;2.17678;0.17;6.51104;-6.56346;0.220002;-1.08231
5.21844;-12.065;0.386029;-0.297795;0;5.04771;-12.119;0.34875;-2.70228
2.82996;-10.7723;0.731402;2.47154;0;2.79111;-10.9668;0.570407;0.482916
13.708;-10.8922;0.540972;0.761492;0;13.9174;-10.9552;0.73708;0.298971
7.6769;-9.79605;0.778771;1.74484;0;7.76608;-10.03;0.832979;0.762574
3.25059;-11.6129;0.722483;-1.24973;0;3.28317;-11.6911;0.510568;-0.471389
10.4246;-12.0121;0.54318;1.1596;0;10.3607;-11.8551;0.45569;1.50527
13.9774;-12.4924;0.257104;2.26933;0;14.155;-12.2395;0.151003;-0.499467
13.7569;-10.7384;0.741958;-2.51229;0;13.708;-10.8922;0.540972;0.761492
7.55495;-7.7131;0.229495;-0.00468158;0;7.6572;-8.02802;0.211881;0.818287
9.7724;-12.232;0.553203;1.05664;0;9.79861;-12.3302;0.607176;1.36034
13.1189;-7.43109;0.459166;-2.86572;0.001;12.1768;-7.67011;0.224269;-0.406077
6.17721;-9.13964;0.840903;1.75832;0.016;6.35191;-8.9862;0.739724;2.07943
14.3468;-9.69963;0.73055;-1.33855;0;14.5393;-9.88925;0.791858;0.0805071
1.64622;-11.8528;0.377099;0.931711;0;1.75235;-11.9979;0.771877;-2.31144
12.4321;-10.0275;0.629936;2.19376;0;12.3206;-10.0154;0.675194;0.459331
13.2477;-12.107;0.619428;-0.962229;0;13.2686;-12.169;0.751849;-1.60479
14.3771;-10.6108;0.620105;2.5481;0;14.4091;-10.573;0.60601;1.07218
12.3681;-7.83256;0.764508;-0.887227;0;11.9059;-8.0317;0.81095;-2.64319
6.373;-12.1539;0.347174;-2.16921;0;6.43812;-12.0281;0.304095;1.14861
6.33982;-7.23783;0.167645;-0.872527;0.189;6.37834;-7.13965;0.276408;-2.50485
4.92772;-11.5752;0.661604;-1.48364;0;5.09433;-11.6164;0.63218;2.00856
13.1744;-9.56954;0.222973;0.81467;0;13.2345;-9.69612;0.608972;0.776066
7.94032;-8.94562;0.595221;-2.33086;0;7.99165;-9.00222;0.687457;1.97736
9.18433;-7.52547;0.657054;2.82396;0;9.48515;-7.809;0.709198;-2.122
14.5221;-9.97681;0.631203;-0.295044;0;14.5393;-9.88925;0.791858;0.0805071
9.5921;-10.3013;0.634138;2.69462;0;9.33181;-10.405;0.747552;0.639
6.05375;-9.09191;0.548708;-0.254885;0.002;6.01426;-9.18919;0.527802;-0.411332
9.70981;-7.81456;0.631935;2.23723;0;9.5329;-7.87092;0.613875;1.51472
9.18043;-10.0047;0.527199;0.506518;0;9.20703;-9.9491;0.761617;-1.99142
12.2035;-10.4624;0.431414;-3.08542;0;12.1774;-10.4223;0.767537;-1.65242
11.0106;-10.3327;0.485633;1.39936;0;11.0182;-10.2086;0.271325;0.450494
8.01623;-12.2003;0.391358;2.8554;0;8.01625;-12.3172;0.374205;1.52075
7.50556;-12.3314;0.308817;0.899308;0;7.37507;-12.4271;0.350304;-2.71279
14.3704;-11.9344;0.269658;0.351573;0;14.3759;-11.9756;0.180438;0.0884443
14.126;-11.3729;0.340297;-0.86767;0;14.0953;-11.4713;0.377089;-0.887777
3.347;-12.3952;0.652675;-2.97694;0;3.23144;-12.3888;0.36261;0.125845
11.3609;-12.2548;0.202797;-2.75892;0;11.5405;-12.3938;0.187324;1.78479
7.13069;-12.3393;0.782169;0.201003;0;7.2026;-12.2057;0.707908;-1.94551
5.95267;-7.27226;0.367601;1.20887;0.175;6.01828;-7.4524;0.41722;-2.49956
13.8342;-7.78231;0.290759;-0.541488;0.001;13.1189;-7.43109;0.459166;-2.86572
12.3385;-10.1454;0.454321;-0.808706;0;12.199;-10.0724;0.494815;2.16541
12.897;-7.64478;0.189129;1.68344;0.122;13.1189;-7.43109;0.459166;-2.86572
14.2461;-12.3011;0.818094;1.39766;0;14.2844;-12.167;0.719434;1.21639
3.8462;-10.1799;0.44004;2.78156;0;3.91392;-10.1057;0.3606;-2.77035
4.71991;-9.87183;0.648196;1.90806;0.003;4.67516;-9.91651;0.53531;-0.419964
7.92861;-7.54295;0.280229;2.52313;0;7.55495;-7.7131;0.229495;-0.00468158
13.8572;-11.9342;0.49318;2.09906;0;13.9746;-12.0789;0.383258;0.263076
13.3332;-7.74666;0.574883;1.74835;0.243;13.1189;-7.43109;0.459166;-2.86572
11.5696;-8.29509;0.60605;2.84557;0;11.7046;-8.08879;0.670815;1.77366
14.2369;-10.3366;0.469607;0.578643;0;14.2098;-10.4705;0.283682;-1.10163
11.4859;-7.93795;0.657088;2.15949;0;11.7046;-8.08879;0.670815;1.77366
10.334;-12.5078;0.709945;2.66413;0;10.2098;-12.5406;0.779349;-0.376085
3.38588;-12.2484;0.757735;-0.634844;0;3.347;-12.3952;0.652675;-2.97694
14.2882;-11.791;0.467864;1.40184;0;14.3704;-11.9344;0.269658;0.351573
11.1522;-10.2656;0.551145;2.91202;0;11.0106;-10.3327;0.485633;1.39936
14.4398;-7.59302;0.766822;-0.955731;0.001;13.8342;-7.78231;0.290759;-0.541488
13.834;-7.60264;0.744184;0.85307;0.118;13.8342;-7.78231;0.290759;-0.541488
2.20348;-10.9956;0.784691;-2.53924;0;2.153;-10.8838;0.747726;0.508122
10.8033;-7.5612;0.696215;1.55195;0;11.218;-7.4857;0.531424;2.27613
5.88131;-10.1488;0.555515;-0.731926;0;5.92575;-10.1068;0.626303;-1.88858
2.62403;-9.9867;0.322931;-1.387;0;2.45014;-9.92404;0.479972;-2.86245
8.69313;-11.8042;0.371447;1.69382;0;8.83171;-11.81;0.481499;1.32799
4.90905;-9.81793;0.220368;-2.91701;0.001;4.7063;-9.68069;0.205779;0.487447
2.67425;-12.2337;0.222423;1.85689;0;2.61388;-12.2153;0.348778;0.555776
7.01708;-11.5652;0.36688;2.83855;0;7.06494;-11.4914;0.370656;-0.689871
13.2684;-11.9009;0.409295;0.115212;0;13.2053;-11.9497;0.29833;-0.746077
7.70693;-12.4441;0.596702;-0.387703;0;7.76801;-12.3244;0.7054;-2.69732
14.2595;-10.0872;0.383423;-0.982113;0;14.1983;-9.95168;0.348602;-0.972644
10.3279;-11.7737;0.360172;2.75783;0;10.3607;-11.8551;0.45569;1.50527
5.70541;-12.0769;0.443062;1.4952;0;6.01806;-12.1912;0.591772;-1.35703
14.5505;-8.04623;0.315962;-2.94305;0.002;14.4398;-7.59302;0.766822;-0.955731
14.088;-10.2895;0.408114;-2.32373;0;14.2369;-10.3366;0.469607;0.578643
12.9231;-10.0931;0.450276;-2.16075;0;13.0103;-10.0113;0.51305;-0.846816
5.99047;-7.32043;0.742505;2.45672;0.021;5.84989;-7.4569;0.760611;-1.26779
5.60736;-12.5692;0.233642;1.65384;0;5.73696;-12.4684;0.677485;-2.95042
11.2524;-10.0259;0.217281;1.06223;0;11.2386;-10.1594;0.230065;1.19713
13.968;-11.1623;0.643685;0.645589;0;13.9174;-10.9552;0.73708;0.298971
14.25;-10.812;0.540279;-0.397951;0;14.3771;-10.6108;0.620105;2.5481
11.8275;-12.4599;0.32978;1.69879;0;11.8998;-12.402;0.588959;1.15715
14.0141;-11.2363;0.687205;-2.35098;0;13.968;-11.1623;0.643685;0.645589
7.87004;-7.7126;0.401373;2.35527;0;7.92861;-7.54295;0.280229;2.52313
14.3276;-12.4147;0.791073;-0.600242;0;14.2461;-12.3011;0.818094;1.39766
5.70854;-9.11066;0.35018;-1.33128;0.052;5.61556;-8.91948;0.470095;-2.31834
10.4857;-12.0747;0.518577;-0.0224929;0;10.4246;-12.0121;0.54318;1.1596
2.60346;-12.6089;0.461401;-0.0622847;0;2.59966;-12.469;0.311273;1.50856
10.6115;-7.78762;0.374751;2.44577;0;10.9114;-7.81;0.192448;-2.88071
11.8519;-12.1605;0.689912;1.93105;0;11.8129;-12.1364;0.827393;-1.87221
3.55227;-12.6093;0.360473;-0.828394;0;3.76162;-12.4157;0.473973;1.4791
13.8589;-6.60318;0.722688;-1.84121;0.118;13.834;-7.60264;0.744184;0.85307
3.03663;-12.4146;0.203279;-2.70714;0;3.23144;-12.3888;0.36261;0.125845
11.8647;-12.2213;0.821065;2.56131;0;11.8129;-12.1364;0.827393;-1.87221
13.1287;-9.74562;0.189225;0.233419;0;13.1744;-9.56954;0.222973;0.81467
13.3197;-12.4937;0.488877;2.10056;0;13.2761;-12.3198;0.157533;0.0719317
2.56547;-10.6951;0.42895;-2.79167;0;2.60288;-10.6614;0.587215;-2.75501
8.9467;-9.74544;0.187096;-0.767743;0;8.83387;-9.56644;0.400172;-1.77466
14.4859;-6.99938;0.245753;0.702552;0.001;14.4398;-7.59302;0.766822;-0.955731
2.84957;-11.7976;0.777768;-0.551093;0;2.84565;-11.849;0.610347;-1.22642
8.75292;-8.38099;0.235223;1.25401;0;9.00287;-8.36931;0.185661;-1.17433
8.26746;-8.07439;0.77826;-2.57682;0;7.98609;-8.05718;0.459904;-1.63501
13.624;-8.22403;0.634052;0.833102;0.418;13.3332;-7.74666;0.574883;1.74835
8.7165;-11.7462;0.471135;3.04574;0;8.69313;-11.8042;0.371447;1.69382
14.1932;-6.20769;0.352396;0.445065;0.118;13.8589;-6.60318;0.722688;-1.84121
10.771;-12.5022;0.270785;1.60683;0;10.9902;-12.4277;0.562894;-2.66905
5.5567;-10.4635;0.692544;2.91794;0;5.64667;-10.4315;0.643885;0.597079
3.50373;-10.1395;0.44846;-2.69778;0.003;3.48051;-10.4384;0.425728;-0.872609
2.32145;-11.026;0.448243;0.942039;0;2.15816;-10.9489;0.556448;-1.99442
9.61219;-7.81688;0.698924;1.06125;0;9.70981;-7.81456;0.631935;2.23723
10.8776;-7.9727;0.806211;1.36082;0;10.8033;-7.5612;0.696215;1.55195
11.2943;-8.12626;0.580107;0.403695;0;11.4859;-7.93795;0.657088;2.15949
5.80053;-7.30378;0.513123;1.07634;0.335;5.95267;-7.27226;0.367601;1.20887
5.83538;-12.3077;0.785635;-0.392336;0;5.73696;-12.4684;0.677485;-2.95042
7.81525;-7.67562;0.483322;1.40889;0;7.87004;-7.7126;0.401373;2.35527
8.03462;-12.3905;0.610545;-2.8337;0;8.01625;-12.3172;0.374205;1.52075
12.1479;-11.7407;0.840185;1.76745;0;12.1202;-11.622;0.645189;-2.23121
14.3594;-7.95372;0.739463;-2.08109;0.001;14.4398;-7.59302;0.766822;-0.955731
7.55329;-7.78382;0.771491;2.44489;0;7.81525;-7.67562;0.483322;1.40889
14.5566;-12.0908;0.175119;1.44666;0;14.3759;-11.9756;0.180438;0.0884443
3.35856;-10.3245;0.28408;-2.49682;0.003;3.48051;-10.4384;0.425728;-0.872609
2.18115;-12.2297;0.388698;-1.42928;0;2.1675;-11.9999;0.213635;-2.43782
3.70931;-12.2232;0.757622;0.170663;0;3.68481;-12.0847;0.817162;1.86521
11.7488;-8.3216;0.286022;1.60661;0.001;11.5696;-8.29509;0.60605;2.84557
4.36846;-10.0839;0.737429;0.209691;0.002;4.28635;-9.8707;0.745444;-0.275116
9.9456;-12.2101;0.308439;-2.3154;0;9.96765;-12.3533;0.248071;1.89459
14.1554;-6.17214;0.782907;-1.12867;0.118;14.1932;-6.20769;0.352396;0.445065
4.01767;-12.3862;0.79241;-3.0505;0;4.1059;-12.3319;0.81241;3.02125
14.6671;-6.64409;0.528608;0.142371;0.001;14.4859;-6.99938;0.245753;0.702552
4.4903;-11.8002;0.271052;1.10476;0;4.63016;-11.7467;0.3854;0.0398248
2.9428;-11.9115;0.650169;-0.701525;0;2.84565;-11.849;0.610347;-1.22642
13.8005;-11.464;0.261061;0.767001;0;13.8449;-11.5584;0.339747;2.91383
14.3598;-8.16157;0.525614;1.01011;0.092;14.3594;-7.95372;0.739463;-2.08109
9.70578;-10.3783;0.469112;-1.49182;0;9.89158;-10.3177;0.519699;-1.7577
11.2416;-9.80673;0.207675;-1.41164;0;11.2524;-10.0259;0.217281;1.06223
10.948;-11.6464;0.45294;-2.86273;0;10.8755;-11.8498;0.241816;-1.09155
13.807;-6.74224;0.3536;1.21702;0.327;13.8589;-6.60318;0.722688;-1.84121
11.4534;-12.239;0.662033;0.396357;0;11.2431;-12.2339;0.69757;2.55763
13.1462;-11.7309;0.496968;0.803664;0;13.2684;-11.9009;0.409295;0.115212
14.2049;-10.2532;0.808897;-3.03669;0;13.9184;-10.3642;0.708972;0.415852
2.1736;-11.6822;0.412255;0.925506;0;2.3377;-11.7552;0.382418;-2.72066
11.313;-10.4544;0.39919;-1.4551;0;11.4854;-10.3652;0.4988;1.79513
9.36009;-8.12345;0.607953;1.30169;0;9.5329;-7.87092;0.613875;1.51472
10.743;-8.182;0.661624;-1.02733;0;10.8776;-7.9727;0.806211;1.36082
14.0788;-7.41842;0.418189;-1.87291;0.118;13.834;-7.60264;0.744184;0.85307
5.91657;-9.10682;0.558496;1.39627;0.008;6.01426;-9.18919;0.527802;-0.411332
14.1307;-9.78324;0.582129;-1.00836;0;14.1079;-9.77641;0.527605;-2.80886
7.6075;-9.49731;0.777837;-0.645432;0;7.72076;-9.58621;0.581459;-2.42792
8.77631;-8.64925;0.603667;0.102974;0;8.41651;-8.67771;0.433862;2.27881
4.83615;-10.1471;0.239315;-2.90023;0;4.62053;-9.99836;0.256808;-0.732602
8.43147;-10.0834;0.497414;-1.47222;0;8.41585;-10.0778;0.488731;-0.488257
12.4249;-7.76898;0.770772;2.52329;0;12.3681;-7.83256;0.764508;-0.887227
13.3587;-9.76149;0.321614;1.28176;0;13.1287;-9.74562;0.189225;0.233419
6.22975;-11.7876;0.181648;-0.528673;0;6.02159;-11.7915;0.270757;0.445452
3.58227;-12.6713;0.539024;-1.7191;0;3.55227;-12.6093;0.360473;-0.828394
3.13903;-9.98476;0.312811;-0.507328;0;3.18605;-10.1941;0.357049;1.2191
4.84506;-11.5898;0.688806;3.05355;0;4.92772;-11.5752;0.661604;-1.48364
14.4108;-10.0831;0.226595;0.2067;0;14.4468;-9.98667;0.264307;-0.967329
6.42613;-7.51562;0.52798;-2.98913;0.133;6.39152;-7.54535;0.457302;1.85964
13.4254;-8.05275;0.617586;2.68067;0.419;13.624;-8.22403;0.634052;0.833102
9.00816;-8.61864;0.796158;-1.91136;0;8.77631;-8.64925;0.603667;0.102974
8.71927;-12.5811;0.627776;2.37194;0;8.56262;-12.4965;0.655335;-3.01483
11.7066;-8.40393;0.526631;-1.4768;0;11.5696;-8.29509;0.60605;2.84557
8.86842;-7.76279;0.283368;-1.23564;0;8.70512;-7.70477;0.386815;0.391378
13.6826;-10.8818;0.188655;-2.81356;0;13.6693;-10.6821;0.190972;-1.8515
10.7683;-7.974;0.278096;3.05559;0;10.9114;-7.81;0.192448;-2.88071
10.9899;-12.5981;0.355559;0.0806923;0;10.771;-12.5022;0.270785;1.60683
8.02644;-8.10392;0.492692;2.35753;0;7.98609;-8.05718;0.459904;-1.63501
5.97669;-9.60658;0.780689;0.75935;0.002;5.94461;-9.70589;0.677837;0.809853
2.66063;-11.5674;0.45579;-1.18452;0;2.52647;-11.5382;0.420104;-1.34791
6.7407;-12.3892;0.410536;2.73688;0;6.92107;-12.2112;0.5337;2.12666
14.2403;-7.36956;0.454078;1.53568;0.371;14.0788;-7.41842;0.418189;-1.87291
4.36509;-10.0527;0.470696;0.568652;0.003;4.22808;-10.1483;0.458256;3.12037
8.99412;-7.74696;0.271915;-0.350421;0.001;8.86842;-7.76279;0.283368;-1.23564
6.02777;-7.98598;0.223932;-0.389871;0.008;6.03742;-7.78885;0.240495;-1.62942
12.5086;-10.26;0.332363;-0.165825;0;12.3385;-10.1454;0.454321;-0.808706
3.09574;-9.65639;0.813992;1.0352;0;3.10111;-9.65142;0.596;-0.466964
7.68639;-9.51077;0.629958;-0.331829;0;7.72076;-9.58621;0.581459;-2.42792
11.0749;-7.98396;0.227915;-0.803778;0;10.9114;-7.81;0.192448;-2.88071
8.16186;-8.79818;0.539774;-2.57504;0;7.94032;-8.94562;0.595221;-2.33086
12.0129;-8.01194;0.830573;-0.255457;0;11.9059;-8.0317;0.81095;-2.64319
7.68687;-10.1701;0.300158;-3.1133;0;7.95311;-9.80035;0.275001;-3.13662
8.38152;-8.36871;0.396058;2.44987;0;8.33378;-8.39313;0.318377;-0.223274
7.35368;-11.7487;0.839118;2.97375;0;7.26878;-11.6644;0.824665;-2.3072
6.82255;-11.5995;0.21673;-1.32378;0;7.01708;-11.5652;0.36688;2.83855
14.3189;-7.03377;0.174707;-2.60725;0.001;14.4859;-6.99938;0.245753;0.702552
12.9361;-12.3643;0.20055;-0.925154;0;12.9792;-12.0589;0.348475;0.0994071
4.54441;-12.6096;0.806059;1.48842;0;4.40548;-12.5265;0.792523;-1.45006
13.2925;-8.26935;0.41664;2.97924;0.42;13.4254;-8.05275;0.617586;2.68067
12.9158;-8.07279;0.235376;-0.918036;0.122;12.897;-7.64478;0.189129;1.68344
5.22777;-12.048;0.692329;-0.770345;0;5.18124;-11.9965;0.813791;-0.899901
2.86099;-12.0765;0.727901;0.977602;0;2.81826;-11.9893;0.610851;2.08993
12.328;-11.8222;0.499993;-0.143607;0;12.3351;-11.8813;0.478547;-0.623497
10.6085;-8.22444;0.190565;1.47881;0;10.7683;-7.974;0.278096;3.05559
2.48661;-10.9309;0.289938;0.407773;0;2.61732;-10.9369;0.322781;-1.39514
5.56336;-9.65301;0.546895;1.8954;0;5.28015;-9.55117;0.591321;-2.96168
4.04233;-9.82158;0.352206;-1.08638;0;3.93493;-9.96263;0.419406;2.86349
14.5562;-11.3527;0.813273;-0.878823;0;14.2174;-11.4935;0.581098;-1.00682
9.77667;-7.77603;0.648638;2.1005;0;9.70981;-7.81456;0.631935;2.23723
14.1541;-10.6458;0.656169;0.324358;0;14.25;-10.812;0.540279;-0.397951
8.91311;-10.0335;0.59892;0.375364;0;9.18043;-10.0047;0.527199;0.506518
9.2538;-9.71034;0.172167;-2.40066;0;9.23754;-9.99526;0.269939;0.822186
2.03242;-10.1874;0.390516;-2.95285;0.001;2.03289;-10.3485;0.496145;-2.34402
14.0113;-9.79242;0.788736;1.31796;0;14.1307;-9.78324;0.582129;-1.00836
9.01852;-9.81396;0.747818;-0.570283;0;9.20703;-9.9491;0.761617;-1.99142
4.19937;-10.1053;0.269189;-1.94315;0;4.22808;-10.1483;0.458256;3.12037
10.3102;-12.0388;0.5204;-0.898463;0;10.4246;-12.0121;0.54318;1.1596
2.94662;-12.4925;0.547735;1.34186;0;3.03332;-12.204;0.540805;2.22861
14.0305;-12.3526;0.51955;-0.848859;0;14.1595;-12.4128;0.566687;1.50981
14.3338;-12.211;0.478131;1.61055;0;14.3881;-12.3949;0.45664;-1.48464
11.9743;-10.4751;0.610965;-2.86997;0;12.1774;-10.4223;0.767537;-1.65242
11.7066;-11.6009;0.73144;2.7905;0;11.9515;-11.7968;0.541571;-1.95858
6.26026;-12.1203;0.291692;-2.48271;0;6.373;-12.1539;0.347174;-2.16921
2.80799;-12.56;0.658321;-1.63214;0;2.94662;-12.4925;0.547735;1.34186
14.0217;-11.0157;0.617635;-2.87745;0;13.968;-11.1623;0.643685;0.645589
8.58767;-11.7696;0.475059;1.78772;0;8.7165;-11.7462;0.471135;3.04574
2.4016;-12.0373;0.243175;-1.62768;0;2.1675;-11.9999;0.213635;-2.43782
13.9657;-7.36326;0.230577;0.290548;0.118;14.0788;-7.41842;0.418189;-1.87291
2.5863;-11.2815;0.437529;0.0742632;0;2.47315;-11.2826;0.399088;-1.00608
10.8187;-8.37518;0.440317;0.437039;0.001;10.743;-8.182;0.661624;-1.02733
14.364;-5.87674;0.522747;-2.38437;0.118;14.1932;-6.20769;0.352396;0.445065
2.47525;-10.5576;0.379217;2.75359;0;2.44155;-10.548;0.378263;-1.87761
8.32824;-12.4764;0.512882;-1.61892;0;8.45305;-12.4063;0.641347;0.828219
6.29189;-6.12849;0.444765;0.182403;0.006;6.33751;-5.94181;0.167661;0.169232
8.3701;-8.47449;0.660245;-2.78658;0;8.29036;-8.36596;0.45376;1.92124
6.82502;-12.3459;0.801039;-1.80572;0;7.0191;-12.227;0.678728;-0.918964
2.57244;-11.3969;0.373026;-0.302756;0;2.5763;-11.3483;0.337081;-1.2286
10.7289;-12.1639;0.460188;1.72339;0;10.7978;-12.0944;0.463984;-1.90367
9.20695;-7.97006;0.502031;0.726552;0.001;9.38038;-7.88334;0.375858;2.3122
13.7367;-6.91029;0.380472;1.91971;0.578;13.807;-6.74224;0.3536;1.21702
