-11.6968;9.9712;0.806377;-1.2398;0;-11.983;10.9289;0.834495;2.44287
-10.7617;9.61684;0.797962;2.48571;0;-11.6968;9.9712;0.806377;-1.2398
-9.76434;9.5444;0.791233;-1.29177;0;-10.7617;9.61684;0.797962;2.48571
-8.78324;9.35119;0.780645;-1.77223;0;-9.76434;9.5444;0.791233;-1.29177
-7.79457;9.48785;0.718482;-1.30801;0;-8.78324;9.35119;0.780645;-1.77223
-6.80156;9.37104;0.701632;2.16985;0;-7.79457;9.48785;0.718482;-1.30801
-5.85921;9.70565;0.699286;-1.35108;0;-6.80156;9.37104;0.701632;2.16985
-6.59187;8.39328;0.705319;-0.48356;0;-6.80156;9.37104;0.701632;2.16985
-5.82809;7.74817;0.683259;-2.32712;0;-6.59187;8.39328;0.705319;-0.48356
-5.00324;10.2223;0.678455;-2.89575;0.004;-5.85921;9.70565;0.699286;-1.35108
-4.09371;10.6361;0.639488;2.52938;0.004;-5.00324;10.2223;0.678455;-2.89575
-7.30856;7.69826;0.762858;0.220857;0;-6.59187;8.39328;0.705319;-0.48356
-3.10744;10.4711;0.63342;1.40862;0.004;-4.09371;10.6361;0.639488;2.52938
-3.99387;11.6284;0.565941;0.568397;0.004;-4.09371;10.6361;0.639488;2.52938
-3.1097;12.0952;0.582234;1.17675;0.164;-3.99387;11.6284;0.565941;0.568397
-2.11876;10.3304;0.58113;1.41248;0.004;-3.10744;10.4711;0.63342;1.40862
-6.0711;10.1222;0.236979;0.873014;0;-5.85921;9.70565;0.699286;-1.35108
-3.97758;9.6602;0.454572;0.101298;0.004;-4.09371;10.6361;0.639488;2.52938
-12.2744;11.2331;0.62089;1.47869;0.052;-11.983;10.9289;0.834495;2.44287
-8.01675;10.0137;0.277174;-0.525982;0.004;-7.79457;9.48785;0.718482;-1.30801
-2.22699;12.5627;0.534076;-2.53183;0.164;-3.1097;12.0952;0.582234;1.17675
-1.93628;12.2861;0.208823;-2.36556;0.164;-2.22699;12.5627;0.534076;-2.53183
-5.85472;8.70121;0.816044;-2.96;0;-6.59187;8.39328;0.705319;-0.48356
-4.78489;11.4855;0.786552;1.84751;0.1;-3.99387;11.6284;0.565941;0.568397
-4.12774;9.59009;0.241222;2.66664;0.008;-3.97758;9.6602;0.454572;0.101298
-11.8494;12.3471;0.683269;-2.69549;0;-11.9172;12.7319;0.425252;-0.870492
-6.47252;11.0372;0.197117;-1.19188;0.004;-6.0711;10.1222;0.236979;0.873014
-6.21399;8.1991;0.347076;0.418525;0;-6.59187;8.39328;0.705319;-0.48356
-8.23442;7.57588;0.405351;-2.88923;0.004;-7.30856;7.69826;0.762858;0.220857
-4.56475;10.3154;0.183095;-0.602169;0.004;-5.00324;10.2223;0.678455;-2.89575
-10.7243;9.61535;0.234503;0.465102;0;-10.7617;9.61684;0.797962;2.48571
-12.6885;9.8457;0.780158;-0.132474;0;-11.6968;9.9712;0.806377;-1.2398
-3.71218;12.016;0.439076;1.3075;0.164;-3.99387;11.6284;0.565941;0.568397
-11.761;12.7253;0.691623;-0.0947421;0;-11.9172;12.7319;0.425252;-0.870492
-5.09844;12.4151;0.593111;0.895664;0.287;-4.78489;11.4855;0.786552;1.84751
-13.3955;10.4559;0.422679;-0.928723;0;-12.6885;9.8457;0.780158;-0.132474
-10.9411;10.432;0.382357;-0.452789;0;-10.7243;9.61535;0.234503;0.465102
-6.06128;12.3465;0.331901;2.97955;0.287;-5.09844;12.4151;0.593111;0.895664
-8.87853;9.63898;0.286327;1.33915;0.123;-8.78324;9.35119;0.780645;-1.77223
-14.1653;9.81766;0.417044;-2.05769;0;-13.3955;10.4559;0.422679;-0.928723
-11.4828;9.94768;0.656127;-2.65444;0;-11.6968;9.9712;0.806377;-1.2398
-11.8685;11.3972;0.545078;-2.44327;0.052;-12.2744;11.2331;0.62089;1.47869
-11.6972;12.9598;0.714616;1.71053;0.226;-11.761;12.7253;0.691623;-0.0947421
-13.9316;11.2005;0.256235;-1.3467;0;-13.3955;10.4559;0.422679;-0.928723
-6.06467;8.22191;0.470409;2.12929;0.004;-6.21399;8.1991;0.347076;0.418525
-5.71527;10.3922;0.358866;-2.46401;0.004;-6.0711;10.1222;0.236979;0.873014
-5.00154;10.4988;0.788146;-1.04126;0.004;-5.00324;10.2223;0.678455;-2.89575
-13.6654;11.7685;0.337487;0.839419;0;-13.9316;11.2005;0.256235;-1.3467
-6.9751;7.82953;0.463434;0.620302;0.003;-7.30856;7.69826;0.762858;0.220857
-6.08653;12.0098;0.46203;0.725914;0.287;-6.06128;12.3465;0.331901;2.97955
-2.20193;10.3659;0.264864;1.00621;0.004;-2.11876;10.3304;0.58113;1.41248
-14.5534;10.6108;0.798166;1.45692;0;-14.1653;9.81766;0.417044;-2.05769
-5.81782;8.48493;0.480969;2.39941;0.008;-6.06467;8.22191;0.470409;2.12929
-4.08575;10.7598;0.601169;-0.075392;0.004;-4.09371;10.6361;0.639488;2.52938
-3.33835;11.5597;0.361795;-0.0491853;0.164;-3.71218;12.016;0.439076;1.3075
-3.55744;10.5992;0.459247;3.12362;0.006;-3.10744;10.4711;0.63342;1.40862
-4.23971;10.0277;0.452099;2.91315;0.008;-3.97758;9.6602;0.454572;0.101298
-5.33434;10.1455;0.281772;-0.572157;0.004;-5.71527;10.3922;0.358866;-2.46401
-6.08433;9.3385;0.765977;1.25031;0;-5.85921;9.70565;0.699286;-1.35108
-5.87874;8.8837;0.428839;-0.355668;0.008;-5.81782;8.48493;0.480969;2.39941
-14.3274;10.4774;0.381038;-2.70649;0;-14.5534;10.6108;0.798166;1.45692
-7.43249;8.13345;0.418114;1.23461;0.006;-6.9751;7.82953;0.463434;0.620302
-8.42772;10.4342;0.319889;1.40206;0.204;-8.01675;10.0137;0.277174;-0.525982
-5.97908;7.60615;0.462808;1.25768;0.004;-5.82809;7.74817;0.683259;-2.32712
-14.4353;9.88955;0.485957;2.50602;0;-14.1653;9.81766;0.417044;-2.05769
-4.06695;9.74488;0.428047;2.21468;0.004;-3.97758;9.6602;0.454572;0.101298
-7.23113;10.4415;0.440236;-0.217898;0.007;-8.01675;10.0137;0.277174;-0.525982
-2.6448;10.0844;0.462577;2.31256;0.004;-2.20193;10.3659;0.264864;1.00621
-2.23512;11.9313;0.173807;-0.503676;0.164;-1.93628;12.2861;0.208823;-2.36556
-14.2253;10.8457;0.250173;3.11152;0;-14.3274;10.4774;0.381038;-2.70649
-11.5956;10.7386;0.610552;0.657635;0;-11.983;10.9289;0.834495;2.44287
-7.24991;10.0189;0.732359;0.19878;0.007;-7.23113;10.4415;0.440236;-0.217898
-6.22357;12.4625;0.609808;-0.0914524;0.287;-6.06128;12.3465;0.331901;2.97955
-1.8291;11.7357;0.253286;-0.122623;0.164;-2.23512;11.9313;0.173807;-0.503676
-9.20981;7.767;0.515245;0.694206;0.004;-8.23442;7.57588;0.405351;-2.88923
-13.9052;10.0812;0.223724;-1.70605;0;-14.1653;9.81766;0.417044;-2.05769
-10.0692;9.68679;0.151603;-2.27572;0;-10.7243;9.61535;0.234503;0.465102
-12.2237;10.7483;0.266797;-0.000852587;0.052;-12.2744;11.2331;0.62089;1.47869
-10.0775;10.1879;0.509775;0.97242;0.17;-10.0692;9.68679;0.151603;-2.27572
-4.9508;11.4553;0.299609;0.274325;0.1;-4.78489;11.4855;0.786552;1.84751
-11.6429;11.6499;0.731723;2.7928;0.052;-11.8685;11.3972;0.545078;-2.44327
-5.87344;9.20618;0.483232;0.731401;0.008;-5.87874;8.8837;0.428839;-0.355668
-9.72196;7.87222;0.491096;0.579806;0.004;-9.20981;7.767;0.515245;0.694206
-11.0728;9.60218;0.821761;0.542734;0;-10.7617;9.61684;0.797962;2.48571
-5.47796;11.2315;0.609427;2.62858;0.1;-4.9508;11.4553;0.299609;0.274325
-9.45947;9.43505;0.605096;-1.50061;0;-9.76434;9.5444;0.791233;-1.29177
-2.49174;11.5502;0.802578;2.83219;0.164;-2.23512;11.9313;0.173807;-0.503676
-4.98625;10.0184;0.316591;-0.480375;0.004;-5.33434;10.1455;0.281772;-0.572157
-13.8615;11.4692;0.474564;2.86453;0;-13.9316;11.2005;0.256235;-1.3467
-6.43118;8.10927;0.470865;-1.17055;0;-6.21399;8.1991;0.347076;0.418525
-3.24262;10.3739;0.257687;2.40676;0.004;-3.10744;10.4711;0.63342;1.40862
-4.15616;11.5802;0.340588;0.221361;0.004;-3.99387;11.6284;0.565941;0.568397
-9.4623;10.5353;0.487153;-0.80147;0.171;-10.0775;10.1879;0.509775;0.97242
-9.44617;7.87267;0.15206;-2.32629;0.004;-9.72196;7.87222;0.491096;0.579806
-11.5705;11.8304;0.461199;-1.77687;0.052;-11.6429;11.6499;0.731723;2.7928
-13.9056;10.4134;0.547963;-1.98305;0;-14.3274;10.4774;0.381038;-2.70649
-3.03686;11.3993;0.255588;-0.768198;0.164;-3.33835;11.5597;0.361795;-0.0491853
-10.4305;10.5184;0.399492;0.785765;0.17;-10.0775;10.1879;0.509775;0.97242
-10.6791;7.62825;0.647251;-0.48723;0.004;-9.72196;7.87222;0.491096;0.579806
-5.55925;8.15724;0.65594;-2.69076;0.008;-5.81782;8.48493;0.480969;2.39941
-10.7151;7.77563;0.728729;-2.0002;0.004;-10.6791;7.62825;0.647251;-0.48723
-3.13965;12.3402;0.331937;1.98907;0.164;-3.1097;12.0952;0.582234;1.17675
-6.19036;11.5223;0.690947;-3.00844;0.287;-6.08653;12.0098;0.46203;0.725914
-4.97472;12.0665;0.157888;-2.95657;0.287;-5.09844;12.4151;0.593111;0.895664
-6.95039;10.559;0.620593;3.13041;0.007;-7.23113;10.4415;0.440236;-0.217898
-4.14606;12.1131;0.736896;0.554031;0.164;-3.71218;12.016;0.439076;1.3075
-11.5537;11.3483;0.700152;2.20403;0.109;-11.6429;11.6499;0.731723;2.7928
-4.40044;9.76764;0.577515;-0.122482;0.008;-4.23971;10.0277;0.452099;2.91315
-5.61919;10.811;0.749454;-2.85225;0.1;-5.47796;11.2315;0.609427;2.62858
-3.67204;11.6091;0.733884;-2.65728;0.004;-3.99387;11.6284;0.565941;0.568397
-13.2845;9.59994;0.539548;0.872836;0;-12.6885;9.8457;0.780158;-0.132474
-11.7051;7.63896;0.6936;2.81268;0.004;-10.7151;7.77563;0.728729;-2.0002
-11.4941;12.2081;0.273607;-1.27326;0.052;-11.5705;11.8304;0.461199;-1.77687
-5.79806;10.9407;0.36675;2.9372;0.1;-5.61919;10.811;0.749454;-2.85225
-7.63985;8.03909;0.434884;-2.97733;0.006;-7.43249;8.13345;0.418114;1.23461
-5.48781;10.4051;0.446073;1.61506;0.004;-5.71527;10.3922;0.358866;-2.46401
-13.3422;9.72802;0.442722;2.64188;0;-13.2845;9.59994;0.539548;0.872836
-6.45984;10.0637;0.513556;-1.96149;0;-6.0711;10.1222;0.236979;0.873014
-2.55573;10.2076;0.514775;-2.32223;0.004;-2.6448;10.0844;0.462577;2.31256
-9.75866;9.99215;0.687656;-1.14649;0.17;-10.0775;10.1879;0.509775;0.97242
-7.81319;9.8972;0.45246;-2.45653;0.004;-8.01675;10.0137;0.277174;-0.525982
-12.2217;9.79743;0.803095;1.89256;0;-12.6885;9.8457;0.780158;-0.132474
-6.89846;10.4953;0.650298;-0.393003;0.007;-6.95039;10.559;0.620593;3.13041
-1.94201;9.60254;0.808963;2.39888;0.004;-2.11876;10.3304;0.58113;1.41248
-14.4813;12.2618;0.401286;2.74396;0;-13.6654;11.7685;0.337487;0.839419
-11.6112;11.1978;0.647164;-1.43955;0.109;-11.5537;11.3483;0.700152;2.20403
-9.63052;10.3249;0.220811;-0.737541;0.171;-9.4623;10.5353;0.487153;-0.80147
-12.4854;9.89127;0.196194;-2.03102;0;-12.6885;9.8457;0.780158;-0.132474
-3.60317;12.3019;0.518003;-0.603323;0.164;-3.71218;12.016;0.439076;1.3075
-12.4617;9.51126;0.566964;1.61294;0;-12.2217;9.79743;0.803095;1.89256
-2.95269;11.3813;0.298102;-0.159519;0.164;-3.03686;11.3993;0.255588;-0.768198
-2.37651;9.59637;0.505584;-1.71086;0.095;-1.94201;9.60254;0.808963;2.39888
-12.2555;11.4298;0.197655;-2.43871;0;-12.294;11.8067;0.469936;2.84269
-14.3053;11.5224;0.550058;-2.54821;0;-13.8615;11.4692;0.474564;2.86453
-14.5555;10.2064;0.542732;-0.781174;0;-14.4353;9.88955;0.485957;2.50602
-8.55441;10.3817;0.726946;-0.347831;0.208;-8.42772;10.4342;0.319889;1.40206
-3.65773;12.431;0.725095;1.31869;0.352;-3.60317;12.3019;0.518003;-0.603323
-5.2387;12.53;0.195995;2.6731;0.287;-5.09844;12.4151;0.593111;0.895664
-4.37916;10.3303;0.653635;-0.810779;0.008;-4.23971;10.0277;0.452099;2.91315
-8.3565;7.63344;0.324081;-0.542579;0.004;-8.23442;7.57588;0.405351;-2.88923
-6.80941;10.2496;0.816408;2.88822;0.007;-6.89846;10.4953;0.650298;-0.393003
-6.06861;10.5901;0.443343;1.12388;0.011;-5.71527;10.3922;0.358866;-2.46401
-8.74105;7.5047;0.424665;0.0738806;0.004;-8.3565;7.63344;0.324081;-0.542579
-11.6824;12.0067;0.706811;-2.73849;0.052;-11.5705;11.8304;0.461199;-1.77687
-13.1882;9.98676;0.314742;-0.505149;0;-13.3422;9.72802;0.442722;2.64188
-5.36452;9.84659;0.279727;2.79188;0.008;-5.33434;10.1455;0.281772;-0.572157
-12.7371;9.80765;0.566497;-2.38069;0;-12.6885;9.8457;0.780158;-0.132474
-9.45127;9.42782;0.758462;-1.38412;0;-9.45947;9.43505;0.605096;-1.50061
-6.28383;7.55597;0.529584;1.0494;0.008;-5.97908;7.60615;0.462808;1.25768
-7.64949;9.74271;0.643056;-2.69184;0.004;-7.81319;9.8972;0.45246;-2.45653
-1.70929;11.6713;0.842939;-2.01989;0.164;-1.8291;11.7357;0.253286;-0.122623
-3.96051;10.7028;0.817565;0.868916;0.004;-4.09371;10.6361;0.639488;2.52938
-8.96377;10.3431;0.239305;1.0353;0.388;-8.42772;10.4342;0.319889;1.40206
-3.55204;11.7861;0.380551;2.27161;0.294;-3.71218;12.016;0.439076;1.3075
-5.33579;10.1843;0.649427;-2.83518;0.006;-5.00324;10.2223;0.678455;-2.89575
-6.7227;10.107;0.21283;-3.13884;0;-6.45984;10.0637;0.513556;-1.96149
-11.7662;12.3344;0.541687;0.392951;0;-11.8494;12.3471;0.683269;-2.69549
-11.9286;7.65214;0.726335;-2.82448;0.004;-11.7051;7.63896;0.6936;2.81268
-12.8371;7.87632;0.37361;1.48608;0.004;-11.9286;7.65214;0.726335;-2.82448
-12.1499;12.465;0.337118;2.62804;0;-11.9172;12.7319;0.425252;-0.870492
-8.99602;9.69435;0.74255;-2.72925;0;-8.78324;9.35119;0.780645;-1.77223
-4.90092;10.4988;0.708532;-1.53461;0.004;-5.00154;10.4988;0.788146;-1.04126
-13.6006;10.5248;0.433699;-1.43336;0;-13.3955;10.4559;0.422679;-0.928723
-5.26455;11.7343;0.699231;0.481119;0.1;-4.78489;11.4855;0.786552;1.84751
-6.85534;7.96513;0.389979;1.35461;0.007;-6.9751;7.82953;0.463434;0.620302
-5.729;12.3749;0.583176;1.18644;0.47;-6.06128;12.3465;0.331901;2.97955
-6.95087;9.85581;0.795637;1.1412;0.007;-7.24991;10.0189;0.732359;0.19878
-2.37887;11.4352;0.471805;0.812043;0.164;-2.49174;11.5502;0.802578;2.83219
-11.0356;7.62544;0.49615;-0.461195;0.004;-10.6791;7.62825;0.647251;-0.48723
-13.8161;12.5631;0.351316;2.07004;0;-14.4813;12.2618;0.401286;2.74396
-12.3264;12.8899;0.44086;-2.96386;0;-11.9172;12.7319;0.425252;-0.870492
-5.63112;9.3422;0.813304;-2.05398;0.008;-5.87344;9.20618;0.483232;0.731401
-5.88565;7.65353;0.570023;-2.08446;0.004;-5.97908;7.60615;0.462808;1.25768
-4.22979;9.92667;0.16943;0.260438;0.008;-4.23971;10.0277;0.452099;2.91315
-13.5167;7.17298;0.582035;-1.0828;0.004;-12.8371;7.87632;0.37361;1.48608
-13.7569;11.5261;0.277088;-1.08807;0;-13.8615;11.4692;0.474564;2.86453
-13.5503;6.17377;0.560571;2.04843;0.004;-13.5167;7.17298;0.582035;-1.0828
-13.5535;5.17378;0.563174;-1.39548;0.004;-13.5503;6.17377;0.560571;2.04843
-13.1697;4.25037;0.566753;-1.08022;0.004;-13.5535;5.17378;0.563174;-1.39548
-13.0139;10.3577;0.355827;0.653642;0;-13.3955;10.4559;0.422679;-0.928723
-5.15341;10.4783;0.628312;-1.35052;0.004;-5.00154;10.4988;0.788146;-1.04126
-8.46243;9.93193;0.37426;-2.5923;0.004;-8.01675;10.0137;0.277174;-0.525982
-4.32553;9.59736;0.398327;1.82964;0.008;-4.12774;9.59009;0.241222;2.66664
-12.2214;3.96425;0.429298;-2.47152;0.004;-13.1697;4.25037;0.566753;-1.08022
-3.92244;11.1029;0.200225;-1.34305;0.004;-4.15616;11.5802;0.340588;0.221361
-12.4362;11.931;0.302039;-1.86884;0;-12.294;11.8067;0.469936;2.84269
-3.61958;10.606;0.447439;-1.60194;0.006;-3.55744;10.5992;0.459247;3.12362
-12.0534;7.98536;0.239397;1.80634;0.004;-11.9286;7.65214;0.726335;-2.82448
-14.2492;7.84436;0.469462;1.56259;0.004;-13.5167;7.17298;0.582035;-1.0828
-14.2486;12.5643;0.389023;-1.25393;0;-14.4813;12.2618;0.401286;2.74396
-6.05046;9.01064;0.678954;-0.312838;0.008;-5.87344;9.20618;0.483232;0.731401
-11.6764;4.79915;0.352146;-0.298695;0.004;-12.2214;3.96425;0.429298;-2.47152
-13.7787;11.1027;0.175707;-2.54743;0;-13.9316;11.2005;0.256235;-1.3467
-3.25208;11.6867;0.795735;2.88815;0.004;-3.67204;11.6091;0.733884;-2.65728
-2.98358;10.9302;0.783387;2.3186;0.004;-3.10744;10.4711;0.63342;1.40862
-13.6249;4.9366;0.536403;-2.11984;0.004;-13.5535;5.17378;0.563174;-1.39548
-6.62245;7.58821;0.481604;2.63525;0.008;-6.28383;7.55597;0.529584;1.0494
-11.7981;13.3605;0.296417;-2.65358;0.395;-11.8687;13.1312;0.336074;1.31926
-9.10726;10.2219;0.299051;2.89117;0.388;-8.96377;10.3431;0.239305;1.0353
-13.0298;4.12757;0.353292;-0.766295;0.004;-13.1697;4.25037;0.566753;-1.08022
-8.57091;10.3849;0.197204;-2.36444;0.204;-8.42772;10.4342;0.319889;1.40206
-11.2328;7.62451;0.534707;0.510826;0.005;-11.0356;7.62544;0.49615;-0.461195
-5.87806;9.00693;0.293663;2.84957;0.012;-5.87874;8.8837;0.428839;-0.355668
-11.8429;9.90111;0.58243;-1.35157;0;-11.6968;9.9712;0.806377;-1.2398
-12.0558;10.5875;0.584235;1.53589;0.054;-12.2237;10.7483;0.266797;-0.000852587
-7.05121;8.24419;0.428243;-0.282489;0.007;-6.85534;7.96513;0.389979;1.35461
-10.3905;8.24295;0.423534;1.17907;0.004;-10.7151;7.77563;0.728729;-2.0002
-14.3366;7.41555;0.719648;-1.60062;0.004;-14.2492;7.84436;0.469462;1.56259
-6.63767;10.8251;0.335558;0.72192;0.004;-6.47252;11.0372;0.197117;-1.19188
-11.9068;5.46574;0.785205;0.515067;0.004;-11.6764;4.79915;0.352146;-0.298695
-3.87029;12.0586;0.436637;0.570153;0.164;-3.71218;12.016;0.439076;1.3075
-6.49365;9.17489;0.829712;1.13041;0;-6.80156;9.37104;0.701632;2.16985
-3.21108;10.4146;0.77899;-2.45347;0.004;-3.10744;10.4711;0.63342;1.40862
-5.79117;9.79218;0.244944;-0.416621;0.008;-5.36452;9.84659;0.279727;2.79188
-6.71936;7.56749;0.226772;0.273799;0.008;-6.62245;7.58821;0.481604;2.63525
-11.2077;7.9749;0.763752;2.13482;0.005;-11.2328;7.62451;0.534707;0.510826
-6.47583;12.217;0.288432;-1.61154;0.291;-6.06128;12.3465;0.331901;2.97955
-11.9599;4.79849;0.197954;0.647222;0.004;-11.6764;4.79915;0.352146;-0.298695
-6.03189;11.1978;0.554317;-0.847155;0.287;-6.19036;11.5223;0.690947;-3.00844
-4.43606;11.0372;0.686118;-1.82147;0.005;-4.08575;10.7598;0.601169;-0.075392
-1.46071;11.8491;0.695461;-1.88979;0.164;-1.70929;11.6713;0.842939;-2.01989
-8.14978;7.81692;0.162881;2.16856;0.004;-8.3565;7.63344;0.324081;-0.542579
-13.7194;6.5677;0.745735;-0.480982;0.004;-13.5503;6.17377;0.560571;2.04843
-5.8328;8.81218;0.639021;1.40088;0;-5.85472;8.70121;0.816044;-2.96
-14.489;11.234;0.15612;2.54722;0;-14.2253;10.8457;0.250173;3.11152
-8.22714;9.78753;0.359346;1.31094;0.136;-8.46243;9.93193;0.37426;-2.5923
-10.3843;9.64372;0.291197;-2.66675;0;-10.7243;9.61535;0.234503;0.465102
-14.0657;7.90475;0.703082;0.459976;0.004;-14.2492;7.84436;0.469462;1.56259
-5.5835;7.95691;0.81714;2.42577;0.012;-5.55925;8.15724;0.65594;-2.69076
-12.697;9.55889;0.545724;-2.51278;0;-12.4617;9.51126;0.566964;1.61294
-3.59475;9.94854;0.361036;-1.48577;0.004;-3.97758;9.6602;0.454572;0.101298
-11.893;10.0061;0.747805;-2.95138;0;-11.8429;9.90111;0.58243;-1.35157
-11.5963;11.2754;0.454035;0.525343;0.109;-11.6112;11.1978;0.647164;-1.43955
-12.0038;6.17363;0.183279;2.12162;0.004;-11.9068;5.46574;0.785205;0.515067
-6.53949;11.6239;0.418755;1.13035;0.404;-6.19036;11.5223;0.690947;-3.00844
-3.77462;11.9694;0.294305;2.56592;0.164;-3.71218;12.016;0.439076;1.3075
-3.56991;10.1271;0.745519;2.51428;0.004;-3.59475;9.94854;0.361036;-1.48577
-5.855;10.4243;0.31903;0.725568;0.004;-5.71527;10.3922;0.358866;-2.46401
-6.32925;12.3282;0.538638;2.40581;0.287;-6.22357;12.4625;0.609808;-0.0914524
-13.7387;3.64207;0.681955;-0.460248;0.004;-13.1697;4.25037;0.566753;-1.08022
-13.4723;3.72252;0.336376;-0.76686;0.004;-13.7387;3.64207;0.681955;-0.460248
-9.18374;7.75421;0.207506;-0.282405;0.004;-9.44617;7.87267;0.15206;-2.32629
-5.42744;10.9391;0.490624;-2.92758;0.102;-5.47796;11.2315;0.609427;2.62858
-12.4476;11.6191;0.542917;-2.57137;0;-12.294;11.8067;0.469936;2.84269
-14.1504;6.00161;0.674141;-0.409342;0.004;-13.5503;6.17377;0.560571;2.04843
-11.302;6.48197;0.22561;2.83307;0.004;-12.0038;6.17363;0.183279;2.12162
-3.77203;11.6413;0.232414;-1.44107;0.294;-3.55204;11.7861;0.380551;2.27161
-3.47752;10.4552;0.303968;-0.784524;0.006;-3.55744;10.5992;0.459247;3.12362
-11.7116;5.74276;0.173873;-1.37514;0.004;-12.0038;6.17363;0.183279;2.12162
-13.5295;6.49874;0.166279;2.95384;0.004;-13.5503;6.17377;0.560571;2.04843
-4.15392;12.0984;0.209141;0.633456;0.164;-3.87029;12.0586;0.436637;0.570153
-10.4397;6.00933;0.407488;0.564673;0.004;-11.302;6.48197;0.22561;2.83307
-7.07965;10.5252;0.436989;-2.33811;0.007;-7.23113;10.4415;0.440236;-0.217898
-8.20582;9.9062;0.239388;1.12931;0.288;-8.22714;9.78753;0.359346;1.31094
-11.2617;5.94329;0.848593;0.221831;0.004;-11.9068;5.46574;0.785205;0.515067
-11.13;10.0708;0.15897;-0.595922;0;-10.9411;10.432;0.382357;-0.452789
-6.2929;11.5847;0.579643;-1.1331;0.291;-6.19036;11.5223;0.690947;-3.00844
-5.4915;10.5976;0.3816;0.466866;0.004;-5.48781;10.4051;0.446073;1.61506
-4.69031;11.111;0.750804;2.42706;0.005;-4.43606;11.0372;0.686118;-1.82147
-3.89333;10.1844;0.273507;0.238976;0.004;-3.59475;9.94854;0.361036;-1.48577
-14.4595;12.3701;0.559846;1.01001;0;-14.4813;12.2618;0.401286;2.74396
-8.02831;10.5688;0.53406;-2.76622;0.204;-8.42772;10.4342;0.319889;1.40206
-12.1133;10.3275;0.224367;-1.33743;0.052;-12.2237;10.7483;0.266797;-0.000852587
-14.3045;5.20225;0.470588;1.7961;0.004;-13.6249;4.9366;0.536403;-2.11984
-1.9405;12.0743;0.43871;-1.09913;0.164;-1.93628;12.2861;0.208823;-2.36556
-12.9541;4.34702;0.634145;1.08791;0.004;-13.1697;4.25037;0.566753;-1.08022
-5.64985;10.4263;0.193259;-0.237078;0.004;-5.71527;10.3922;0.358866;-2.46401
-3.43195;11.8155;0.335282;-2.744;0.294;-3.55204;11.7861;0.380551;2.27161
-11.4152;6.12557;0.741163;-1.20957;0.004;-11.2617;5.94329;0.848593;0.221831
-14.5576;12.0496;0.47946;-0.495083;0;-14.4813;12.2618;0.401286;2.74396
-12.5153;10.3953;0.642001;3.06352;0.054;-12.0558;10.5875;0.584235;1.53589
-13.5098;9.85377;0.265079;1.48146;0;-13.3422;9.72802;0.442722;2.64188
-11.8258;4.72171;0.70909;-2.66809;0.004;-11.6764;4.79915;0.352146;-0.298695
-12.5271;13.2816;0.390209;2.88279;0;-12.3264;12.8899;0.44086;-2.96386
-9.60896;5.47231;0.554023;-2.22797;0.004;-10.4397;6.00933;0.407488;0.564673
-2.80104;12.4219;0.575273;1.36674;0.36;-3.13965;12.3402;0.331937;1.98907
-1.81341;10.4592;0.647837;2.70887;0.004;-2.11876;10.3304;0.58113;1.41248
-13.8323;10.0169;0.753794;0.669492;0;-13.9056;10.4134;0.547963;-1.98305
-6.39767;10.4979;0.372337;1.45599;0.011;-6.06861;10.5901;0.443343;1.12388
-4.58263;11.1683;0.665623;-0.147034;0.005;-4.69031;11.111;0.750804;2.42706
-2.22508;9.55161;0.175065;2.14347;0.095;-2.37651;9.59637;0.505584;-1.71086
-11.7313;4.49053;0.341201;0.712624;0.004;-11.6764;4.79915;0.352146;-0.298695
-11.9289;12.3655;0.703291;-1.43037;0;-11.8494;12.3471;0.683269;-2.69549
-13.2561;4.31147;0.624756;1.61909;0.004;-13.1697;4.25037;0.566753;-1.08022
-3.5029;10.2553;0.596868;1.32359;0.004;-3.56991;10.1271;0.745519;2.51428
-12.9529;9.79898;0.829923;0.22936;0;-12.6885;9.8457;0.780158;-0.132474
-9.07335;9.70902;0.823061;3.03239;0;-8.99602;9.69435;0.74255;-2.72925
-9.79295;6.27181;0.821554;0.679978;0.004;-10.4397;6.00933;0.407488;0.564673
-7.35134;10.4512;0.54625;-0.79391;0.011;-7.23113;10.4415;0.440236;-0.217898
-5.43726;10.6324;0.48078;-0.518232;0.004;-5.4915;10.5976;0.3816;0.466866
-11.347;9.56203;0.58921;0.389889;0;-11.0728;9.60218;0.821761;0.542734
-5.50172;9.43724;0.832337;0.867084;0.008;-5.63112;9.3422;0.813304;-2.05398
-5.7711;9.07974;0.237932;2.1989;0.016;-5.87806;9.00693;0.293663;2.84957
-14.5376;5.2121;0.507227;1.61016;0.004;-14.3045;5.20225;0.470588;1.7961
-14.4622;8.18313;0.221762;2.49806;0.004;-14.2492;7.84436;0.469462;1.56259
-11.5152;9.60474;0.385388;2.08609;0;-11.347;9.56203;0.58921;0.389889
-3.44588;10.4947;0.350131;-0.885647;0.006;-3.47752;10.4552;0.303968;-0.784524
-11.6922;10.2673;0.698946;2.89148;0;-11.6968;9.9712;0.806377;-1.2398
-4.41194;10.3345;0.37457;-0.902488;0.004;-4.56475;10.3154;0.183095;-0.602169
-12.1265;12.545;0.369016;2.61631;0;-12.1499;12.465;0.337118;2.62804
-12.9585;4.36029;0.586022;-1.30931;0.004;-12.9541;4.34702;0.634145;1.08791
-11.3565;12.3945;0.546654;0.384495;0.052;-11.4941;12.2081;0.273607;-1.27326
-2.95597;9.91576;0.633375;-2.13146;0.008;-2.6448;10.0844;0.462577;2.31256
-3.92853;11.6614;0.287451;-2.96088;0.294;-3.77203;11.6413;0.232414;-1.44107
-14.1409;9.94424;0.300245;2.65695;0;-14.1653;9.81766;0.417044;-2.05769
-10.9203;6.5263;0.39247;0.242073;0.004;-11.302;6.48197;0.22561;2.83307
-11.9473;9.81661;0.740658;2.85705;0;-11.893;10.0061;0.747805;-2.95138
-6.03727;12.1182;0.154512;-0.562481;0.287;-6.06128;12.3465;0.331901;2.97955
-7.4652;8.30073;0.539335;-2.21846;0.006;-7.43249;8.13345;0.418114;1.23461
-12.0027;7.94373;0.620737;-1.94542;0.004;-11.9286;7.65214;0.726335;-2.82448
-12.3514;10.3676;0.409166;0.992568;0.054;-12.5153;10.3953;0.642001;3.06352
-2.42476;9.67252;0.242822;-0.227582;0.095;-2.22508;9.55161;0.175065;2.14347
-6.13214;11.4201;0.593949;0.146139;0.287;-6.19036;11.5223;0.690947;-3.00844
-12.3174;10.0629;0.181031;-3.08388;0;-12.4854;9.89127;0.196194;-2.03102
-9.47383;9.7377;0.199042;1.88198;0;-9.45947;9.43505;0.605096;-1.50061
-5.62957;11.0302;0.356794;1.08992;0.157;-5.79806;10.9407;0.36675;2.9372
-8.62708;5.64617;0.629381;-0.862654;0.004;-9.60896;5.47231;0.554023;-2.22797
-8.04685;4.83172;0.628229;-0.108274;0.004;-8.62708;5.64617;0.629381;-0.862654
-13.0686;4.39457;0.364702;1.19855;0.004;-12.9585;4.36029;0.586022;-1.30931
-7.72915;3.88359;0.638934;0.693367;0.004;-8.04685;4.83172;0.628229;-0.108274
-10.2104;5.425;0.485891;0.257818;0.004;-9.60896;5.47231;0.554023;-2.22797
-8.68641;3.60412;0.564426;1.3094;0.004;-7.72915;3.88359;0.638934;0.693367
-2.24921;9.94078;0.452267;-2.63548;0.095;-2.37651;9.59637;0.505584;-1.71086
-3.08576;10.658;0.365579;-2.8976;0.004;-3.10744;10.4711;0.63342;1.40862
-10.0573;7.99224;0.687725;-0.426401;0.004;-9.72196;7.87222;0.491096;0.579806
-6.17402;8.45904;0.665478;0.0357572;0.004;-6.06467;8.22191;0.470409;2.12929
-2.96548;9.63617;0.75804;0.802396;0.008;-2.95597;9.91576;0.633375;-2.13146
-11.9025;9.97374;0.743722;-2.93954;0;-11.893;10.0061;0.747805;-2.95138
-12.9559;10.2267;0.515674;0.329623;0;-13.0139;10.3577;0.355827;0.653642
-14.2768;8.17448;0.593515;-1.74459;0.004;-14.2492;7.84436;0.469462;1.56259
-8.22498;4.84008;0.713296;1.53711;0.004;-8.04685;4.83172;0.628229;-0.108274
-9.63061;3.86698;0.762854;-0.919402;0.004;-8.68641;3.60412;0.564426;1.3094
-4.38749;10.7472;0.616727;-1.99306;0.009;-4.43606;11.0372;0.686118;-1.82147
-13.5888;11.1117;0.688233;-1.03043;0;-13.8615;11.4692;0.474564;2.86453
-9.78565;2.8791;0.770366;1.71322;0.004;-9.63061;3.86698;0.762854;-0.919402
-9.58068;1.90209;0.711694;-0.0953056;0.004;-9.78565;2.8791;0.770366;1.71322
-9.86786;9.64165;0.582339;1.97987;0.121;-9.76434;9.5444;0.791233;-1.29177
-12.4211;3.95508;0.225844;-1.59347;0.004;-12.2214;3.96425;0.429298;-2.47152
-12.9773;7.79117;0.637813;1.28312;0.004;-12.8371;7.87632;0.37361;1.48608
-5.60512;9.90673;0.692341;-2.43787;0;-5.85921;9.70565;0.699286;-1.35108
-14.4918;4.22345;0.585602;-0.298612;0.004;-13.7387;3.64207;0.681955;-0.460248
-7.7577;10.4334;0.435216;-1.57333;0.204;-8.02831;10.5688;0.53406;-2.76622
-7.43494;10.2896;0.154989;2.67641;0.007;-7.23113;10.4415;0.440236;-0.217898
-14.099;8.00623;0.804427;0.480601;0.004;-14.0657;7.90475;0.703082;0.459976
-4.02145;11.0885;0.616103;-1.73082;0.004;-4.08575;10.7598;0.601169;-0.075392
-13.9871;12.6645;0.529337;2.99623;0;-13.8161;12.5631;0.351316;2.07004
-13.6386;4.42181;0.160486;-1.14507;0.004;-13.0686;4.39457;0.364702;1.19855
-10.5492;1.65543;0.67681;-2.66224;0.004;-9.58068;1.90209;0.711694;-0.0953056
-8.93307;7.86807;0.313183;2.9795;0.008;-9.18374;7.75421;0.207506;-0.282405
-5.82542;11.9269;0.658723;1.32446;0.435;-6.08653;12.0098;0.46203;0.725914
-10.734;6.31745;0.288547;-1.57489;0.004;-10.9203;6.5263;0.39247;0.242073
-13.5028;7.19752;0.694371;-2.37068;0.004;-13.5167;7.17298;0.582035;-1.0828
-4.05769;11.1742;0.727986;2.35959;0.004;-4.02145;11.0885;0.616103;-1.73082
-7.10365;7.70998;0.633539;-2.53745;0;-7.30856;7.69826;0.762858;0.220857
-12.4004;7.82564;0.461582;-1.48305;0.004;-12.0534;7.98536;0.239397;1.80634
-7.86798;5.85021;0.823248;-2.15399;0.004;-8.62708;5.64617;0.629381;-0.862654
-1.87692;10.1109;0.672414;-1.3205;0.135;-2.11876;10.3304;0.58113;1.41248
-2.33669;12.3387;0.777596;-0.149233;0.164;-2.22699;12.5627;0.534076;-2.53183
-2.97796;11.4767;0.296607;-1.97514;0.164;-2.95269;11.3813;0.298102;-0.159519
-3.35326;10.778;0.71953;1.92859;0.036;-3.55744;10.5992;0.459247;3.12362
-8.8279;5.68217;0.390092;0.933957;0.004;-8.62708;5.64617;0.629381;-0.862654
-10.2896;8.06611;0.721069;-0.502563;0.004;-10.0573;7.99224;0.687725;-0.426401
-7.98973;5.92015;0.315158;3.14055;0.004;-7.86798;5.85021;0.823248;-2.15399
-10.3158;6.22555;0.624175;0.11602;0.004;-10.4397;6.00933;0.407488;0.564673
-10.03;2.066;0.708556;2.17103;0.004;-9.58068;1.90209;0.711694;-0.0953056
-9.89509;7.78781;0.522278;-2.67804;0.004;-9.72196;7.87222;0.491096;0.579806
-14.5569;6.24438;0.276768;2.99322;0.004;-14.1504;6.00161;0.674141;-0.409342
-14.5015;10.0128;0.615157;-0.960056;0;-14.4353;9.88955;0.485957;2.50602
-13.8162;6.01038;0.726512;0.868438;0.004;-14.1504;6.00161;0.674141;-0.409342
-13.938;10.9101;0.357923;-1.83532;0;-13.9316;11.2005;0.256235;-1.3467
-11.9587;11.0621;0.715429;2.86074;0;-11.983;10.9289;0.834495;2.44287
-11.5132;7.92434;0.444568;-1.79866;0.005;-11.2328;7.62451;0.534707;0.510826
-7.91618;4.10708;0.422748;1.09122;0.004;-7.72915;3.88359;0.638934;0.693367
-9.99751;8.15896;0.828369;0.870675;0.004;-10.0573;7.99224;0.687725;-0.426401
-11.5368;1.79906;0.739373;-2.28913;0.004;-10.5492;1.65543;0.67681;-2.66224
-12.3266;10.6482;0.393913;-1.92302;0.052;-12.2237;10.7483;0.266797;-0.000852587
-9.99643;2.66129;0.236363;-0.784175;0.004;-9.78565;2.8791;0.770366;1.71322
-8.15283;3.45714;0.266637;-3.00502;0.004;-8.68641;3.60412;0.564426;1.3094
-1.57083;10.412;0.294405;-2.87303;0.004;-1.81341;10.4592;0.647837;2.70887
-14.4136;4.51416;0.841569;2.26566;0.004;-14.4918;4.22345;0.585602;-0.298612
-14.5096;11.2947;0.665381;-2.51196;0;-14.3053;11.5224;0.550058;-2.54821
-12.0799;2.32247;0.501787;1.74948;0.004;-11.5368;1.79906;0.739373;-2.28913
-13.1022;7.60374;0.804287;1.11296;0.004;-12.9773;7.79117;0.637813;1.28312
-8.12705;4.03278;0.697844;3.051;0.004;-7.91618;4.10708;0.422748;1.09122
-6.84348;10.4144;0.498516;0.684064;0.007;-6.89846;10.4953;0.650298;-0.393003
-2.05838;10.0544;0.338408;-2.92257;0.095;-2.24921;9.94078;0.452267;-2.63548
-1.63121;11.5145;0.613766;1.20117;0.285;-1.70929;11.6713;0.842939;-2.01989
-4.76655;11.3724;0.75362;1.33963;0.187;-4.78489;11.4855;0.786552;1.84751
-13.293;8.14411;0.56256;1.80838;0.004;-12.9773;7.79117;0.637813;1.28312
-8.24165;7.70724;0.241472;0.276272;0.004;-8.3565;7.63344;0.324081;-0.542579
-2.68431;11.7945;0.221656;-2.59486;0.164;-2.97796;11.4767;0.296607;-1.97514
-13.0443;2.10807;0.347058;0.793703;0.004;-12.0799;2.32247;0.501787;1.74948
-6.24539;10.9561;0.33422;-2.34071;0.008;-6.47252;11.0372;0.197117;-1.19188
-5.03355;10.1415;0.674896;0.924651;0.004;-5.00324;10.2223;0.678455;-2.89575
-11.985;5.31065;0.658846;-1.03724;0.004;-11.9068;5.46574;0.785205;0.515067
-5.50271;10.9848;0.448085;-0.0709162;0.102;-5.42744;10.9391;0.490624;-2.92758
-2.08223;9.54498;0.313181;-2.53246;0.095;-2.22508;9.55161;0.175065;2.14347
-13.4434;1.20123;0.211702;-1.62051;0.124;-13.0443;2.10807;0.347058;0.793703
-5.07232;9.5789;0.593226;2.64995;0.012;-5.36452;9.84659;0.279727;2.79188
-5.71344;11.2308;0.511156;-2.74383;0.101;-5.47796;11.2315;0.609427;2.62858
-12.5764;10.0079;0.690659;3.02387;0;-12.6885;9.8457;0.780158;-0.132474
-5.40577;10.3302;0.66029;1.37718;0.006;-5.33579;10.1843;0.649427;-2.83518
-14.2214;11.0827;0.813902;-2.16999;0;-14.5096;11.2947;0.665381;-2.51196
-13.8531;3.64781;0.227677;1.38283;0.004;-13.4723;3.72252;0.336376;-0.76686
-13.1747;9.68349;0.199379;-0.409153;0;-13.3422;9.72802;0.442722;2.64188
-13.9636;12.6871;0.817301;1.81155;0;-13.9871;12.6645;0.529337;2.99623
-6.92148;8.20877;0.256173;-0.911072;0.007;-7.05121;8.24419;0.428243;-0.282489
-10.4961;5.36271;0.766172;2.55712;0.004;-10.2104;5.425;0.485891;0.257818
-12.207;2.07284;0.6576;-2.46734;0.004;-12.0799;2.32247;0.501787;1.74948
-8.23459;10.4599;0.796948;-2.60772;0.208;-8.55441;10.3817;0.726946;-0.347831
-8.55956;6.051;0.66099;-0.948603;0.004;-8.62708;5.64617;0.629381;-0.862654
-3.17593;12.1527;0.4982;-2.99083;0.164;-3.1097;12.0952;0.582234;1.17675
-10.3385;1.96954;0.52394;1.96072;0.004;-10.03;2.066;0.708556;2.17103
-5.32266;9.57323;0.570817;-0.507132;0.012;-5.07232;9.5789;0.593226;2.64995
-2.96944;10.3627;0.468532;-0.418302;0.004;-3.10744;10.4711;0.63342;1.40862
-8.81;10.0068;0.566219;-2.72936;0.004;-8.46243;9.93193;0.37426;-2.5923
-9.32944;4.17993;0.450777;2.50685;0.004;-9.63061;3.86698;0.762854;-0.919402
-9.13356;3.82287;0.40631;-0.925235;0.004;-9.32944;4.17993;0.450777;2.50685
-1.72596;11.7923;0.330758;0.309504;0.164;-1.8291;11.7357;0.253286;-0.122623
-12.6617;4.77044;0.663958;0.00386512;0.004;-12.9585;4.36029;0.586022;-1.30931
-12.9963;10.0712;0.395207;0.966522;0;-12.9559;10.2267;0.515674;0.329623
-11.368;7.6801;0.580142;-1.91288;0.005;-11.2328;7.62451;0.534707;0.510826
-13.0033;1.84445;0.56706;1.40444;0.004;-13.0443;2.10807;0.347058;0.793703
-13.615;10.5128;0.531359;0.243119;0;-13.6006;10.5248;0.433699;-1.43336
-13.7016;1.01271;0.292827;1.72965;0.124;-13.4434;1.20123;0.211702;-1.62051
-1.51204;11.5885;0.734633;-1.25694;0.285;-1.63121;11.5145;0.613766;1.20117
-6.09932;8.62434;0.573212;-1.15221;0.004;-6.17402;8.45904;0.665478;0.0357572
-11.5006;10.5367;0.161706;-2.36708;0;-11.5956;10.7386;0.610552;0.657635
-8.03869;3.85693;0.523002;1.47248;0.004;-8.12705;4.03278;0.697844;3.051
-3.13846;9.68996;0.232005;-0.779943;0.008;-2.95597;9.91576;0.633375;-2.13146
-11.8509;5.89457;0.471948;-1.98303;0.004;-11.7116;5.74276;0.173873;-1.37514
-8.13034;10.193;0.739516;-1.27766;0.208;-8.23459;10.4599;0.796948;-2.60772
-13.6316;0.0154565;0.31683;-1.70333;0.136;-13.7016;1.01271;0.292827;1.72965
-14.0634;4.78124;0.187387;0.859304;0.004;-13.6386;4.42181;0.160486;-1.14507
-10.0301;1.592;0.369611;-1.42294;0.004;-10.3385;1.96954;0.52394;1.96072
-3.05408;12.1958;0.631237;1.67658;0.333;-3.1097;12.0952;0.582234;1.17675
-7.34988;10.5412;0.816363;2.93562;0.011;-7.35134;10.4512;0.54625;-0.79391
-8.11108;8.14221;0.676297;2.44062;0.008;-7.63985;8.03909;0.434884;-2.97733
-7.88063;8.00815;0.5719;-0.254569;0.006;-7.63985;8.03909;0.434884;-2.97733
-14.1024;1.95313;0.23119;-0.502276;0.206;-13.4434;1.20123;0.211702;-1.62051
-5.79264;10.1438;0.684142;-0.155099;0;-5.60512;9.90673;0.692341;-2.43787
-9.51608;2.40028;0.503759;-0.24118;0.004;-9.58068;1.90209;0.711694;-0.0953056
-11.9517;5.7747;0.77665;-2.08573;0.004;-11.9068;5.46574;0.785205;0.515067
-6.39923;11.0786;0.819718;1.13811;0.342;-6.03189;11.1978;0.554317;-0.847155
-9.81795;4.11097;0.400292;-3.09947;0.004;-9.63061;3.86698;0.762854;-0.919402
-13.7028;5.59054;0.251927;-0.666411;0.004;-13.5535;5.17378;0.563174;-1.39548
-13.8699;4.50698;0.449171;0.0578315;0.004;-13.6386;4.42181;0.160486;-1.14507
-4.44436;12.2178;0.662757;-0.423769;0.164;-4.14606;12.1131;0.736896;0.554031
-9.86409;10.2697;0.729948;1.12408;0.341;-9.75866;9.99215;0.687656;-1.14649
-7.61413;8.20054;0.172693;0.873262;0.007;-7.63985;8.03909;0.434884;-2.97733
-10.3109;2.20971;0.567751;0.976018;0.004;-10.3385;1.96954;0.52394;1.96072
-10.5466;7.98258;0.626507;-1.03965;0.004;-10.7151;7.77563;0.728729;-2.0002
-13.8922;6.05578;0.68491;-1.74352;0.004;-13.8162;6.01038;0.726512;0.868438
-5.37502;10.0469;0.37249;1.36573;0.004;-5.33434;10.1455;0.281772;-0.572157
-14.5102;7.39371;0.228477;-2.51896;0.004;-14.3366;7.41555;0.719648;-1.60062
-7.74432;5.10749;0.552832;2.86639;0.004;-8.04685;4.83172;0.628229;-0.108274
-11.7937;5.39591;0.412461;0.0929815;0.004;-11.985;5.31065;0.658846;-1.03724
-11.6411;5.13788;0.567271;0.945532;0.004;-11.7937;5.39591;0.412461;0.0929815
-6.59525;9.41378;0.497361;3.08619;0;-6.80156;9.37104;0.701632;2.16985
-8.55356;10.4186;0.390895;2.50445;0.204;-8.42772;10.4342;0.319889;1.40206
-5.90592;12.1717;0.757135;-0.482099;0.435;-5.82542;11.9269;0.658723;1.32446
-11.6296;4.86423;0.825384;-0.0102034;0.004;-11.8258;4.72171;0.70909;-2.66809
-5.30809;11.0749;0.362621;-0.63846;0.102;-5.42744;10.9391;0.490624;-2.92758
-11.444;11.542;0.60321;-1.41741;0.109;-11.5537;11.3483;0.700152;2.20403
-4.40077;12.1013;0.389832;-1.7275;0.164;-4.44436;12.2178;0.662757;-0.423769
-5.13124;10.4738;0.230522;-2.98255;0.008;-5.33434;10.1455;0.281772;-0.572157
-4.61374;10.8228;0.690825;-1.72728;0.009;-4.38749;10.7472;0.616727;-1.99306
-14.538;0.0542252;0.737455;0.224348;0.196;-13.6316;0.0154565;0.31683;-1.70333
-13.8753;6.26979;0.606409;-0.612253;0.004;-13.8922;6.05578;0.68491;-1.74352
-6.51842;8.65417;0.282157;-2.12335;0;-6.59187;8.39328;0.705319;-0.48356
-9.70114;3.71467;0.704599;-0.384757;0.004;-9.63061;3.86698;0.762854;-0.919402
-11.4418;7.78117;0.300376;-2.08897;0.005;-11.5132;7.92434;0.444568;-1.79866
-10.2832;8.17335;0.502438;1.79709;0.004;-10.3905;8.24295;0.423534;1.17907
-6.11295;12.3576;0.462382;0.987743;0.473;-6.06128;12.3465;0.331901;2.97955
-11.8347;5.3332;0.60734;-2.73317;0.004;-11.985;5.31065;0.658846;-1.03724
-11.8147;9.98737;0.625648;0.190662;0;-11.8429;9.90111;0.58243;-1.35157
-6.03425;10.6634;0.508265;-0.478583;0.011;-6.06861;10.5901;0.443343;1.12388
-10.0206;5.80781;0.31674;-1.05941;0.004;-10.2104;5.425;0.485891;0.257818
-10.4316;1.67069;0.754819;2.75733;0.004;-10.5492;1.65543;0.67681;-2.66224
-5.85939;12.4812;0.845694;2.6818;0.47;-5.729;12.3749;0.583176;1.18644
-10.3854;2.56004;0.242189;-0.352143;0.004;-9.99643;2.66129;0.236363;-0.784175
-8.90954;3.68308;0.178774;-0.76321;0.004;-9.13356;3.82287;0.40631;-0.925235
-5.42509;10.7225;0.690182;0.378538;0.1;-5.61919;10.811;0.749454;-2.85225
-6.10292;12.0412;0.205277;-0.10535;0.287;-6.03727;12.1182;0.154512;-0.562481
-6.23729;10.9679;0.779059;0.716004;0.342;-6.39923;11.0786;0.819718;1.13811
-12.2078;10.5981;0.224367;2.99843;0.052;-12.2237;10.7483;0.266797;-0.000852587
-9.72447;2.58231;0.488036;0.738709;0.004;-9.51608;2.40028;0.503759;-0.24118
-10.7925;9.95407;0.468494;-0.939433;0.001;-10.7243;9.61535;0.234503;0.465102
-11.9101;4.41228;0.475718;-2.49807;0.004;-11.7313;4.49053;0.341201;0.712624
-13.7977;4.04893;0.2016;-2.77884;0.004;-13.8531;3.64781;0.227677;1.38283
-2.67343;11.6899;0.191499;-3.05968;0.164;-2.68431;11.7945;0.221656;-2.59486
-13.4486;1.43251;0.294654;2.91986;0.124;-13.4434;1.20123;0.211702;-1.62051
-14.2508;5.70923;0.589235;-2.45881;0.004;-14.1504;6.00161;0.674141;-0.409342
-12.202;3.97708;0.500759;0.423169;0.004;-12.2214;3.96425;0.429298;-2.47152
-10.4642;5.47648;0.230862;0.145964;0.004;-10.2104;5.425;0.485891;0.257818
-11.4257;1.75045;0.79949;1.79214;0.004;-11.5368;1.79906;0.739373;-2.28913
-2.2909;11.4918;0.376178;0.0608882;0.164;-2.37887;11.4352;0.471805;0.812043
-11.5022;13.0494;0.528868;-0.215281;0.226;-11.6972;12.9598;0.714616;1.71053
-4.51846;11.396;0.346541;0.398136;0.005;-4.58263;11.1683;0.665623;-0.147034
-9.85724;7.63593;0.305702;2.08662;0.006;-9.89509;7.78781;0.522278;-2.67804
-9.06093;5.57042;0.399578;1.02819;0.004;-8.8279;5.68217;0.390092;0.933957
-1.59332;11.6118;0.512369;-2.14941;0.285;-1.63121;11.5145;0.613766;1.20117
-4.1782;10.8519;0.828906;-2.46429;0.008;-4.08575;10.7598;0.601169;-0.075392
-11.9238;5.56701;0.354364;-2.40522;0.004;-11.7937;5.39591;0.412461;0.0929815
-8.4749;3.74006;0.243651;-2.74327;0.004;-8.68641;3.60412;0.564426;1.3094
-12.088;1.88612;0.231584;-2.51191;0.004;-12.207;2.07284;0.6576;-2.46734
-9.07264;4.09908;0.523455;-0.211118;0.004;-9.32944;4.17993;0.450777;2.50685
-1.77265;9.69088;0.847346;2.68331;0.004;-1.94201;9.60254;0.808963;2.39888
-7.11019;7.91227;0.679883;1.45827;0.004;-7.10365;7.70998;0.633539;-2.53745
-13.8144;12.0723;0.740228;1.37142;0;-13.6654;11.7685;0.337487;0.839419
-9.8793;8.07105;0.19815;-3.06848;0.008;-9.72196;7.87222;0.491096;0.579806
-13.8646;11.6155;0.302506;-3.06757;0;-13.7569;11.5261;0.277088;-1.08807
-13.7731;7.06685;0.735295;0.0688959;0.005;-13.5028;7.19752;0.694371;-2.37068
-10.5194;6.13119;0.554271;0.193992;0.004;-10.4397;6.00933;0.407488;0.564673
-6.44741;9.86205;0.447428;-0.733507;0;-6.45984;10.0637;0.513556;-1.96149
-5.41289;10.1303;0.29942;-0.762317;0.004;-5.33434;10.1455;0.281772;-0.572157
-14.4672;8.04864;0.271028;0.667281;0.004;-14.4622;8.18313;0.221762;2.49806
-13.8769;9.71477;0.786498;-0.808688;0;-13.8323;10.0169;0.753794;0.669492
-13.9614;1.94947;0.791434;-1.20426;0.326;-14.1024;1.95313;0.23119;-0.502276
-13.7357;5.9778;0.792768;2.33567;0.004;-13.8162;6.01038;0.726512;0.868438
-8.32526;4.6536;0.764584;-1.82841;0.004;-8.22498;4.84008;0.713296;1.53711
-10.445;2.57798;0.591345;-0.701919;0.004;-10.3854;2.56004;0.242189;-0.352143
-3.46749;10.4274;0.560239;-1.56919;0.004;-3.5029;10.2553;0.596868;1.32359
-8.06912;9.52809;0.157941;-2.04327;0.136;-8.22714;9.78753;0.359346;1.31094
-8.6359;5.40986;0.529458;1.1921;0.004;-8.62708;5.64617;0.629381;-0.862654
-13.3033;7.72306;0.60116;-0.924413;0.004;-13.1022;7.60374;0.804287;1.11296
-14.3423;6.21149;0.62127;-2.01133;0.004;-14.1504;6.00161;0.674141;-0.409342
-9.32354;3.85538;0.301067;2;0.004;-9.13356;3.82287;0.40631;-0.925235
-6.20378;10.9877;0.82302;0.932383;0.388;-6.23729;10.9679;0.779059;0.716004
-14.2681;1.44025;0.553015;-1.21514;0.326;-14.1024;1.95313;0.23119;-0.502276
-11.8971;1.90247;0.24486;-0.685862;0.004;-12.088;1.88612;0.231584;-2.51191
-10.4345;6.24975;0.784726;-0.733184;0.004;-10.3158;6.22555;0.624175;0.11602
-2.79436;12.4329;0.484528;-2.01632;0.36;-2.80104;12.4219;0.575273;1.36674
-8.88447;4.19641;0.247123;-2.68313;0.004;-9.07264;4.09908;0.523455;-0.211118
-1.80788;10.1433;0.828661;-2.71572;0.135;-1.87692;10.1109;0.672414;-1.3205
-11.7137;5.82427;0.66872;2.78823;0.004;-11.8509;5.89457;0.471948;-1.98303
-13.6426;3.84842;0.723506;2.71849;0.004;-13.7387;3.64207;0.681955;-0.460248
-3.15045;10.0919;0.726935;-2.04216;0.009;-2.95597;9.91576;0.633375;-2.13146
-11.0563;2.20839;0.595556;1.475;0.004;-11.4257;1.75045;0.79949;1.79214
-13.7938;4.79027;0.436081;1.33303;0.004;-13.6249;4.9366;0.536403;-2.11984
-10.6593;1.87787;0.498512;-1.27694;0.004;-10.5492;1.65543;0.67681;-2.66224
-2.71058;9.52963;0.390254;0.345508;0.095;-2.42476;9.67252;0.242822;-0.227582
-11.4567;10.8797;0.807652;-0.386785;0;-11.5956;10.7386;0.610552;0.657635
-9.69896;5.91179;0.76806;2.96752;0.004;-9.79295;6.27181;0.821554;0.679978
-5.84668;11.6988;0.459034;2.81104;0.435;-5.82542;11.9269;0.658723;1.32446
-6.34973;7.953;0.711562;0.014476;0;-6.43118;8.10927;0.470865;-1.17055
-5.80864;10.1033;0.252904;0.982462;0;-6.0711;10.1222;0.236979;0.873014
-11.2842;9.82336;0.703559;2.79012;0;-11.4828;9.94768;0.656127;-2.65444
-12.6011;1.89827;0.573749;1.48171;0.004;-13.0033;1.84445;0.56706;1.40444
-11.518;12.5684;0.681328;1.39954;0.266;-11.3565;12.3945;0.546654;0.384495
-3.07334;10.9473;0.470507;-2.21017;0.004;-3.08576;10.658;0.365579;-2.8976
-7.41622;9.96957;0.381574;-2.78825;0.007;-7.24991;10.0189;0.732359;0.19878
-8.47581;9.43325;0.844308;1.35255;0.103;-8.78324;9.35119;0.780645;-1.77223
-14.5696;-0.271744;0.159323;-2.43776;0.196;-14.538;0.0542252;0.737455;0.224348
-8.97269;10.2986;0.318678;-2.06107;0.388;-8.96377;10.3431;0.239305;1.0353
-5.7782;10.8883;0.609368;2.49332;0.1;-5.61919;10.811;0.749454;-2.85225
-13.2137;9.52225;0.419143;-2.51078;0;-13.2845;9.59994;0.539548;0.872836
-9.26741;5.84658;0.454143;2.81511;0.004;-9.06093;5.57042;0.399578;1.02819
-7.9631;9.93658;0.792202;0.718103;0.208;-8.13034;10.193;0.739516;-1.27766
-10.2023;4.01664;0.396932;2.00742;0.004;-9.81795;4.11097;0.400292;-3.09947
-10.9279;2.4155;0.167183;-1.6417;0.004;-11.0563;2.20839;0.595556;1.475
-13.8174;1.81928;0.474784;-0.0690116;0.326;-13.9614;1.94947;0.791434;-1.20426
-4.44504;11.0732;0.19377;-1.33618;0.005;-4.51846;11.396;0.346541;0.398136
-11.4092;9.65572;0.20111;-1.38835;0;-11.5152;9.60474;0.385388;2.08609
-12.3849;9.71355;0.394143;1.49677;0;-12.4617;9.51126;0.566964;1.61294
-4.48033;11.1835;0.282439;2.09283;0.074;-4.44504;11.0732;0.19377;-1.33618
-5.31569;12.5037;0.515226;-1.19511;0.287;-5.09844;12.4151;0.593111;0.895664
-6.231;10.4804;0.564562;-0.156;0.011;-6.06861;10.5901;0.443343;1.12388
-13.9182;12.1961;0.345979;-1.23551;0;-13.8161;12.5631;0.351316;2.07004
-14.3499;0.313486;0.234571;-0.688044;0.316;-14.538;0.0542252;0.737455;0.224348
-13.6079;7.92896;0.168975;0.398883;0.006;-13.293;8.14411;0.56256;1.80838
-11.9922;12.098;0.632408;-2.33955;0;-11.9289;12.3655;0.703291;-1.43037
-13.7851;12.0205;0.417777;0.39161;0;-13.9182;12.1961;0.345979;-1.23551
-13.1497;9.66951;0.621207;2.40038;0;-13.2845;9.59994;0.539548;0.872836
-14.1009;6.09425;0.587112;-3.05282;0.004;-14.1504;6.00161;0.674141;-0.409342
-8.30415;10.4091;0.305646;1.33797;0.403;-8.42772;10.4342;0.319889;1.40206
-2.66225;12.458;0.219151;2.22982;0.36;-2.79436;12.4329;0.484528;-2.01632
-12.9656;2.25632;0.414541;0.863394;0.004;-13.0443;2.10807;0.347058;0.793703
-12.9548;9.60697;0.602769;-0.135007;0;-13.1497;9.66951;0.621207;2.40038
-7.25875;7.79348;0.151847;-1.82648;0.003;-6.9751;7.82953;0.463434;0.620302
-6.38748;10.539;0.414694;2.13774;0.017;-6.39767;10.4979;0.372337;1.45599
-14.6481;5.40168;0.658216;-1.27246;0.004;-14.5376;5.2121;0.507227;1.61016
-4.55212;10.4178;0.503001;-2.15759;0.008;-4.41194;10.3345;0.37457;-0.902488
-7.12085;7.72739;0.216722;0.124121;0.003;-7.25875;7.79348;0.151847;-1.82648
-10.8993;9.62726;0.715565;2.57262;0;-10.7617;9.61684;0.797962;2.48571
-5.12106;11.1228;0.307494;2.48325;0.102;-5.30809;11.0749;0.362621;-0.63846
-7.72249;7.86287;0.500562;-1.1819;0.006;-7.63985;8.03909;0.434884;-2.97733
-5.25489;11.2168;0.574419;1.27799;0.178;-5.47796;11.2315;0.609427;2.62858
-14.0304;4.25826;0.420879;-0.993919;0.004;-13.8699;4.50698;0.449171;0.0578315
-11.8043;10.1899;0.588374;-2.01032;0;-11.6922;10.2673;0.698946;2.89148
-8.91489;9.84689;0.503614;-1.88256;0.004;-8.81;10.0068;0.566219;-2.72936
-12.1204;5.94147;0.370519;-2.59825;0.004;-11.8509;5.89457;0.471948;-1.98303
-3.93634;12.4077;0.557517;2.51306;0.352;-3.65773;12.431;0.725095;1.31869
-9.2473;3.75579;0.533798;-1.67129;0.004;-9.13356;3.82287;0.40631;-0.925235
-8.99839;9.82672;0.733757;0.827182;0;-8.99602;9.69435;0.74255;-2.72925
-13.6211;10.1573;0.567018;-0.756991;0;-13.8323;10.0169;0.753794;0.669492
-1.64116;11.5617;0.729249;-2.51942;0.285;-1.63121;11.5145;0.613766;1.20117
-14.2945;7.69698;0.500305;1.9981;0.004;-14.2492;7.84436;0.469462;1.56259
-12.7319;4.50496;0.321598;-0.0985874;0.004;-13.0686;4.39457;0.364702;1.19855
-8.12329;3.46232;0.676124;-1.62927;0.004;-8.15283;3.45714;0.266637;-3.00502
-13.8368;7.02807;0.681235;-1.86738;0.005;-13.7731;7.06685;0.735295;0.0688959
-10.2618;3.31249;0.495256;2.22363;0.004;-9.78565;2.8791;0.770366;1.71322
-5.5391;11.5019;0.526415;1.6393;0.207;-5.47796;11.2315;0.609427;2.62858
-13.7141;0.973441;0.70348;1.99176;0.124;-13.7016;1.01271;0.292827;1.72965
-9.5038;9.86573;0.694028;-2.12071;0.17;-9.75866;9.99215;0.687656;-1.14649
-12.2112;11.6418;0.246186;-2.46622;0;-12.2555;11.4298;0.197655;-2.43871
-8.31912;6.25765;0.328307;-0.371221;0.004;-8.55956;6.051;0.66099;-0.948603
-11.9421;1.74787;0.624532;-0.427184;0.004;-11.8971;1.90247;0.24486;-0.685862
-5.47224;9.79329;0.30134;-0.577929;0.008;-5.36452;9.84659;0.279727;2.79188
-11.4724;12.6696;0.652369;0.955306;0.314;-11.518;12.5684;0.681328;1.39954
-4.89463;10.2153;0.460241;1.2514;0.004;-5.00324;10.2223;0.678455;-2.89575
-1.40206;9.90155;0.372434;-2.51764;0.004;-1.57083;10.412;0.294405;-2.87303
-8.5295;9.475;0.845158;1.19962;0.205;-8.47581;9.43325;0.844308;1.35255
-5.05905;10.9036;0.491817;1.98478;0.151;-5.12106;11.1228;0.307494;2.48325
-13.4312;1.21939;0.217705;0.173438;0.124;-13.4434;1.20123;0.211702;-1.62051
-10.0065;2.44306;0.227129;0.160159;0.004;-9.99643;2.66129;0.236363;-0.784175
-3.20237;10.0048;0.262409;-0.884948;0.009;-3.13846;9.68996;0.232005;-0.779943
-10.8033;10.4598;0.363212;2.06588;0;-10.9411;10.432;0.382357;-0.452789
-3.57751;12.0095;0.768382;-0.407694;0.164;-3.71218;12.016;0.439076;1.3075
-5.20624;11.7927;0.180959;1.15413;0.415;-4.97472;12.0665;0.157888;-2.95657
-10.3454;5.69031;0.50969;1.83666;0.004;-10.2104;5.425;0.485891;0.257818
-7.61071;5.39881;0.805386;2.52122;0.004;-7.74432;5.10749;0.552832;2.86639
-12.5336;10.6942;0.777599;1.84257;0.059;-12.5153;10.3953;0.642001;3.06352
-11.8549;9.56814;0.786025;-1.60006;0;-11.9473;9.81661;0.740658;2.85705
-14.3545;7.3584;0.575104;-2.3054;0.004;-14.3366;7.41555;0.719648;-1.60062
-10.8377;2.24578;0.765095;-0.481258;0.004;-11.0563;2.20839;0.595556;1.475
-11.4614;10.4956;0.410176;-0.158416;0;-11.5006;10.5367;0.161706;-2.36708
-10.2798;1.73633;0.627868;1.37317;0.004;-10.4316;1.67069;0.754819;2.75733
-14.0308;2.06183;0.511884;-2.04455;0.339;-13.9614;1.94947;0.791434;-1.20426
-8.05829;4.23833;0.154527;-0.74259;0.004;-7.91618;4.10708;0.422748;1.09122
-11.9491;10.9449;0.534606;2.06985;0.019;-11.9587;11.0621;0.715429;2.86074
-6.70598;7.84595;0.331863;-0.283371;0.007;-6.85534;7.96513;0.389979;1.35461
-10.4243;7.51118;0.182406;-3.05807;0.004;-10.6791;7.62825;0.647251;-0.48723
-12.7354;1.96094;0.496349;1.24397;0.004;-12.6011;1.89827;0.573749;1.48171
-10.5522;10.0749;0.567692;-1.33026;0.001;-10.7925;9.95407;0.468494;-0.939433
-14.2095;7.66059;0.576474;-1.58526;0.004;-14.2945;7.69698;0.500305;1.9981
-2.80376;10.0653;0.696916;1.88014;0.008;-2.95597;9.91576;0.633375;-2.13146
-10.0639;7.84999;0.280932;2.51479;0.01;-9.85724;7.63593;0.305702;2.08662
-12.3793;10.7945;0.459243;1.42116;0.063;-12.3266;10.6482;0.393913;-1.92302
-13.7391;7.56593;0.471446;-2.59694;0.004;-13.5167;7.17298;0.582035;-1.0828
-1.4795;9.78216;0.392002;-2.65907;0.004;-1.40206;9.90155;0.372434;-2.51764
-8.44121;9.71377;0.59588;-1.67114;0.004;-8.46243;9.93193;0.37426;-2.5923
-3.27224;11.6015;0.511471;-2.21136;0.164;-3.33835;11.5597;0.361795;-0.0491853
-9.30636;3.87191;0.195065;-1.48729;0.004;-9.32354;3.85538;0.301067;2
-8.06874;3.82734;0.270472;-3.06092;0.004;-8.03869;3.85693;0.523002;1.47248
-14.3737;1.67184;0.51931;1.86174;0.326;-14.2681;1.44025;0.553015;-1.21514
-13.8231;12.2396;0.201647;-2.89444;0;-13.9182;12.1961;0.345979;-1.23551
-12.2046;11.0225;0.650662;0.327169;0.052;-12.2744;11.2331;0.62089;1.47869
-12.4335;4.78036;0.721168;-0.14824;0.004;-12.6617;4.77044;0.663958;0.00386512
-8.33083;3.54233;0.581709;-2.95806;0.004;-8.12329;3.46232;0.676124;-1.62927
-2.57232;11.6952;0.763301;2.05585;0.164;-2.49174;11.5502;0.802578;2.83219
-9.65688;3.10166;0.684081;2.4383;0.004;-9.78565;2.8791;0.770366;1.71322
-11.7937;5.70299;0.215886;-1.47002;0.004;-11.7116;5.74276;0.173873;-1.37514
-11.7633;11.9331;0.569311;-2.68407;0.052;-11.6824;12.0067;0.706811;-2.73849
-10.3437;10.1368;0.844624;-1.89595;0.001;-10.5522;10.0749;0.567692;-1.33026
-2.11966;11.7875;0.756516;2.16464;0.292;-1.70929;11.6713;0.842939;-2.01989
-14.2153;7.87608;0.816863;-0.470362;0.004;-14.099;8.00623;0.804427;0.480601
-12.0317;12.6856;0.831248;0.851319;0.102;-11.761;12.7253;0.691623;-0.0947421
-14.0976;6.96909;0.650527;-1.97075;0.005;-13.8368;7.02807;0.681235;-1.86738
-11.0366;6.44358;0.370811;1.12783;0.005;-10.9203;6.5263;0.39247;0.242073
-4.36267;11.8949;0.354629;-2.50514;0.167;-4.40077;12.1013;0.389832;-1.7275
-10.2646;5.77091;0.553694;1.43448;0.004;-10.3454;5.69031;0.50969;1.83666
-1.78304;11.5985;0.437771;1.7938;0.398;-1.59332;11.6118;0.512369;-2.14941
-13.5385;7.40136;0.665401;-0.348526;0.006;-13.5028;7.19752;0.694371;-2.37068
-7.84914;9.65474;0.685555;-1.21547;0;-7.79457;9.48785;0.718482;-1.30801
-12.3141;5.98133;0.730514;3.02061;0.004;-12.1204;5.94147;0.370519;-2.59825
-6.08633;9.9448;0.784045;-1.32613;0;-5.85921;9.70565;0.699286;-1.35108
-12.0402;3.88894;0.643872;-0.676987;0.004;-12.202;3.97708;0.500759;0.423169
-6.06656;8.0514;0.26843;-1.14202;0;-6.21399;8.1991;0.347076;0.418525
-5.80255;8.3116;0.37229;1.93026;0.012;-5.81782;8.48493;0.480969;2.39941
-10.2216;3.63505;0.434318;1.70102;0.004;-10.2618;3.31249;0.495256;2.22363
-13.0353;1.67948;0.383567;2.21958;0.004;-13.0033;1.84445;0.56706;1.40444
-5.97697;8.82363;0.150802;0.833527;0.012;-5.87806;9.00693;0.293663;2.84957
-9.07099;10.0813;0.638179;1.41054;0.164;-8.81;10.0068;0.566219;-2.72936
-13.9507;7.65756;0.683344;-0.224206;0.004;-14.0657;7.90475;0.703082;0.459976
-12.3672;8.23991;0.308079;2.27107;0.004;-12.0534;7.98536;0.239397;1.80634
-12.6628;10.5377;0.476097;-0.474772;0.054;-12.5153;10.3953;0.642001;3.06352
-4.22414;9.8842;0.658706;2.2649;0.008;-4.40044;9.76764;0.577515;-0.122482
-14.5762;1.20403;0.71841;-0.664624;0.446;-14.2681;1.44025;0.553015;-1.21514
-5.8748;11.6556;0.721847;-2.64544;0.436;-5.84668;11.6988;0.459034;2.81104
-9.04094;3.36777;0.777419;0.45554;0.004;-8.68641;3.60412;0.564426;1.3094
-11.5045;7.99827;0.702248;1.14972;0.005;-11.5132;7.92434;0.444568;-1.79866
-11.4987;7.99147;0.30695;0.501205;0.009;-11.5132;7.92434;0.444568;-1.79866
-2.35057;12.2391;0.833229;-2.09988;0.164;-2.33669;12.3387;0.777596;-0.149233
-6.49954;10.9442;0.263182;-2.62431;0.004;-6.47252;11.0372;0.197117;-1.19188
-8.95498;5.84102;0.505476;0.787164;0.004;-8.8279;5.68217;0.390092;0.933957
-9.80621;2.86975;0.216102;0.748525;0.004;-9.99643;2.66129;0.236363;-0.784175
-13.8236;12.2693;0.463459;-0.367882;0;-13.9182;12.1961;0.345979;-1.23551
-14.4877;12.1852;0.239275;-2.40654;0;-14.4813;12.2618;0.401286;2.74396
-7.40346;8.1198;0.235782;-1.70173;0.006;-7.43249;8.13345;0.418114;1.23461
-8.45381;3.63888;0.389373;2.13842;0.004;-8.4749;3.74006;0.243651;-2.74327
-8.4341;8.0891;0.774551;-0.223772;0.008;-8.11108;8.14221;0.676297;2.44062
-11.9637;10.0053;0.251041;1.72472;0.052;-12.1133;10.3275;0.224367;-1.33743
-14.2576;9.61127;0.689553;-1.2001;0;-14.1653;9.81766;0.417044;-2.05769
-6.47409;11.9287;0.813759;2.71487;0.291;-6.2929;11.5847;0.579643;-1.1331
-4.01888;10.6776;0.679194;2.3748;0.004;-4.09371;10.6361;0.639488;2.52938
-9.71587;2.02316;0.330879;-1.1113;0.004;-9.58068;1.90209;0.711694;-0.0953056
-1.97676;10.393;0.154667;-0.648211;0.004;-2.20193;10.3659;0.264864;1.00621
-6.73063;9.42199;0.599;1.75741;0;-6.80156;9.37104;0.701632;2.16985
-6.28924;9.1142;0.690023;2.52587;0;-6.49365;9.17489;0.829712;1.13041
-10.4684;9.67752;0.653378;-0.126226;0;-10.7617;9.61684;0.797962;2.48571
-5.63363;10.4276;0.302645;3.03039;0.004;-5.71527;10.3922;0.358866;-2.46401
-4.24833;11.3796;0.575748;2.13225;0.094;-4.05769;11.1742;0.727986;2.35959
-6.60959;9.46332;0.639065;-0.937227;0;-6.73063;9.42199;0.599;1.75741
-11.1037;9.64918;0.413036;-0.37488;0;-11.347;9.56203;0.58921;0.389889
-8.06836;8.21698;0.550958;0.19064;0.008;-8.11108;8.14221;0.676297;2.44062
-13.9929;0.271285;0.729256;2.28439;0.196;-14.538;0.0542252;0.737455;0.224348
-11.1903;6.2559;0.780294;1.20575;0.004;-11.4152;6.12557;0.741163;-1.20957
-7.23301;10.2527;0.404679;2.46693;0.007;-7.23113;10.4415;0.440236;-0.217898
-2.57526;11.8862;0.290621;1.86511;0.304;-2.68431;11.7945;0.221656;-2.59486
-4.72673;9.94887;0.314796;-0.208275;0.004;-4.98625;10.0184;0.316591;-0.480375
-3.66258;11.5268;0.229834;-3.00675;0.294;-3.77203;11.6413;0.232414;-1.44107
-5.95054;8.4595;0.715591;-3.07;0.004;-6.17402;8.45904;0.665478;0.0357572
-11.0535;5.69541;0.386985;-2.73059;0.004;-11.2617;5.94329;0.848593;0.221831
-9.40558;9.60215;0.567792;0.168348;0.001;-9.45947;9.43505;0.605096;-1.50061
-7.91381;4.07925;0.816663;-0.804435;0.004;-8.12705;4.03278;0.697844;3.051
-14.4331;4.79643;0.573643;1.40169;0.004;-14.4136;4.51416;0.841569;2.26566
-11.6984;4.87605;0.277176;0.0959134;0.004;-11.6764;4.79915;0.352146;-0.298695
-7.62633;10.2269;0.655266;1.71303;0.382;-7.7577;10.4334;0.435216;-1.57333
-14.1999;3.62364;0.186998;-3.07534;0.004;-13.8531;3.64781;0.227677;1.38283
-9.51754;3.88154;0.515417;-0.240256;0.004;-9.63061;3.86698;0.762854;-0.919402
-13.7741;5.64;0.388575;0.872153;0.004;-13.7028;5.59054;0.251927;-0.666411
-10.4095;1.55757;0.5379;-2.31724;0.004;-10.5492;1.65543;0.67681;-2.66224
-13.7666;7.64932;0.831582;3.09006;0.004;-13.9507;7.65756;0.683344;-0.224206
-6.32058;12.2214;0.698888;0.302414;0.287;-6.32925;12.3282;0.538638;2.40581
-8.27828;5.06744;0.624847;-2.51715;0.004;-8.22498;4.84008;0.713296;1.53711
-12.3937;6.12774;0.686328;-0.975528;0.004;-12.3141;5.98133;0.730514;3.02061
-13.8662;1.02207;0.189536;-0.625044;0.242;-13.7016;1.01271;0.292827;1.72965
-5.30153;12.3774;0.710723;0.308802;0.287;-5.31569;12.5037;0.515226;-1.19511
-13.2004;8.23201;0.432013;-1.18226;0.004;-13.293;8.14411;0.56256;1.80838
-1.6297;11.6535;0.231639;1.77113;0.164;-1.72596;11.7923;0.330758;0.309504
-1.95044;12.4415;0.326826;1.49327;0.36;-1.93628;12.2861;0.208823;-2.36556
-3.43635;10.2541;0.686782;-0.436101;0.004;-3.5029;10.2553;0.596868;1.32359
-13.7565;9.67793;0.154016;-2.38513;0;-13.5098;9.85377;0.265079;1.48146
-4.07641;11.3982;0.404972;-2.00139;0.007;-4.15616;11.5802;0.340588;0.221361
-8.20156;3.80286;0.415349;-3.12745;0.004;-8.06874;3.82734;0.270472;-3.06092
-10.638;6.18945;0.596996;1.58473;0.005;-10.5194;6.13119;0.554271;0.193992
-14.5836;7.66813;0.674984;-2.20303;0.004;-14.2945;7.69698;0.500305;1.9981
-9.80176;3.42433;0.279751;-0.873475;0.004;-10.2216;3.63505;0.434318;1.70102
-2.85898;9.82587;0.206232;-0.0487184;0.008;-3.13846;9.68996;0.232005;-0.779943
-4.85901;10.1863;0.346687;0.811929;0.004;-4.89463;10.2153;0.460241;1.2514
-7.74149;10.4711;0.708407;-2.39305;0.382;-7.62633;10.2269;0.655266;1.71303
-12.384;11.1595;0.657429;-0.890253;0.052;-12.2744;11.2331;0.62089;1.47869
-2.33048;12.3441;0.583872;1.96813;0.35;-2.33669;12.3387;0.777596;-0.149233
-7.87131;5.59673;0.433727;0.0376222;0.004;-7.98973;5.92015;0.315158;3.14055
-1.49155;9.79323;0.200535;-2.91556;0.004;-1.4795;9.78216;0.392002;-2.65907
-9.81123;9.96047;0.295593;2.27654;0.309;-9.75866;9.99215;0.687656;-1.14649
-9.19082;10.1327;0.518631;-1.63444;0.164;-9.07099;10.0813;0.638179;1.41054
-10.5266;1.52612;0.337708;2.03609;0.004;-10.4095;1.55757;0.5379;-2.31724
-12.0613;1.71016;0.402015;-1.65387;0.004;-12.088;1.88612;0.231584;-2.51191
-13.6266;1.35144;0.402406;2.83132;0.124;-13.4486;1.43251;0.294654;2.91986
-6.01326;9.68708;0.330024;-1.67551;0.008;-5.79117;9.79218;0.244944;-0.416621
-8.13267;5.4567;0.467693;1.27619;0.004;-7.87131;5.59673;0.433727;0.0376222
-10.6527;5.99337;0.497643;-1.51358;0.004;-10.5194;6.13119;0.554271;0.193992
-12.5168;7.59859;0.638321;-1.24426;0.004;-12.4004;7.82564;0.461582;-1.48305
-9.07791;3.64785;0.751097;0.648117;0.004;-9.04094;3.36777;0.777419;0.45554
-8.8696;9.47671;0.771077;-1.70316;0;-8.78324;9.35119;0.780645;-1.77223
-12.0579;2.1915;0.467422;3.07704;0.004;-12.0799;2.32247;0.501787;1.74948
-9.02263;9.93861;0.699467;0.202303;0.004;-8.99839;9.82672;0.733757;0.827182
-11.6977;5.67209;0.153688;0.016663;0.004;-11.7116;5.74276;0.173873;-1.37514
-10.9621;7.81623;0.807196;0.216389;0.004;-10.7151;7.77563;0.728729;-2.0002
-14.102;2.29304;0.270544;-0.662;0.459;-14.0308;2.06183;0.511884;-2.04455
-8.26479;3.85043;0.588528;0.0917843;0.004;-8.20156;3.80286;0.415349;-3.12745
-14.5934;6.47399;0.659184;2.34285;0.004;-14.3423;6.21149;0.62127;-2.01133
-12.4129;12.947;0.201595;2.81904;0;-12.3264;12.8899;0.44086;-2.96386
-11.6304;11.0263;0.516772;-2.17882;0.109;-11.6112;11.1978;0.647164;-1.43955
-9.14606;3.29256;0.438437;0.260091;0.004;-9.04094;3.36777;0.777419;0.45554
-11.6135;10.376;0.438955;-1.6078;0;-11.4614;10.4956;0.410176;-0.158416
-9.0904;3.49805;0.355098;0.882652;0.004;-9.14606;3.29256;0.438437;0.260091
-5.63563;8.23236;0.492121;-2.0021;0.008;-5.55925;8.15724;0.65594;-2.69076
-11.9739;10.5697;0.263972;-1.39463;0.052;-12.2078;10.5981;0.224367;2.99843
-13.5767;4.36693;0.588058;-2.64657;0.004;-13.2561;4.31147;0.624756;1.61909
-11.6555;9.75619;0.476125;1.67379;0;-11.5152;9.60474;0.385388;2.08609
-10.3217;7.54532;0.390787;-2.9139;0.004;-10.4243;7.51118;0.182406;-3.05807
-9.39182;9.51957;0.707855;-0.720281;0;-9.45127;9.42782;0.758462;-1.38412
-12.7064;8.08562;0.788488;-1.28746;0.004;-12.9773;7.79117;0.637813;1.28312
-14.5303;3.98718;0.585249;0.526528;0.004;-14.4918;4.22345;0.585602;-0.298612
-9.2138;10.2456;0.362447;0.158709;0.392;-9.10726;10.2219;0.299051;2.89117
-13.9655;7.48599;0.598903;-1.53931;0.004;-13.9507;7.65756;0.683344;-0.224206
-12.2955;12.1349;0.605606;-0.785258;0;-11.9922;12.098;0.632408;-2.33955
-13.8592;10.2845;0.830754;-0.572468;0;-13.8323;10.0169;0.753794;0.669492
-13.5438;4.0414;0.176855;0.114736;0.004;-13.7977;4.04893;0.2016;-2.77884
-5.19854;11.93;0.769449;-2.8968;0.1;-5.26455;11.7343;0.699231;0.481119
-11.6788;1.90174;0.566012;2.63474;0.004;-11.5368;1.79906;0.739373;-2.28913
-1.71617;11.7575;0.660872;-1.70412;0.164;-1.70929;11.6713;0.842939;-2.01989
-9.19349;7.69262;0.836843;-0.174048;0.004;-9.20981;7.767;0.515245;0.694206
-8.21985;4.35242;0.372438;-2.99218;0.004;-8.05829;4.23833;0.154527;-0.74259
-9.28148;6.37465;0.706238;-0.168547;0.004;-9.79295;6.27181;0.821554;0.679978
-5.11596;12.4299;0.788187;-3.04573;0.287;-5.09844;12.4151;0.593111;0.895664
-12.884;9.95569;0.528471;-2.75102;0;-12.9963;10.0712;0.395207;0.966522
-9.48293;2.60614;0.791159;-2.21737;0.004;-9.51608;2.40028;0.503759;-0.24118
-4.35239;9.74377;0.358219;-2.63083;0.012;-4.32553;9.59736;0.398327;1.82964
-2.73506;10.1724;0.847301;-1.30452;0.008;-2.80376;10.0653;0.696916;1.88014
-13.45;9.84218;0.597266;1.47293;0;-13.3422;9.72802;0.442722;2.64188
-14.2969;0.0522947;0.381084;-2.88033;0.316;-14.3499;0.313486;0.234571;-0.688044
-14.2496;7.51333;0.593438;-1.47547;0.004;-14.2095;7.66059;0.576474;-1.58526
-2.09121;11.9208;0.230362;-0.31974;0.164;-2.23512;11.9313;0.173807;-0.503676
-5.07865;9.64457;0.757981;3.00471;0.014;-5.07232;9.5789;0.593226;2.64995
-12.2653;3.84161;0.564855;-2.10338;0.004;-12.202;3.97708;0.500759;0.423169
-4.22076;10.8062;0.563529;2.57497;0.004;-4.08575;10.7598;0.601169;-0.075392
-9.24046;10.2694;0.422992;-2.87763;0.392;-9.2138;10.2456;0.362447;0.158709
-13.995;9.91673;0.446276;-2.11415;0;-14.1653;9.81766;0.417044;-2.05769
-2.79948;10.1833;0.153406;-1.77833;0.035;-2.6448;10.0844;0.462577;2.31256
-13.0721;8.17729;0.400406;-1.57158;0.004;-13.2004;8.23201;0.432013;-1.18226
-2.60018;10.0451;0.568518;2.00989;0.004;-2.6448;10.0844;0.462577;2.31256
-13.768;9.97889;0.19349;0.0297346;0;-13.9052;10.0812;0.223724;-1.70605
-1.79194;10.3353;0.630228;-0.213517;0.004;-1.81341;10.4592;0.647837;2.70887
-14.0248;7.84705;0.684666;-2.24303;0.004;-14.0657;7.90475;0.703082;0.459976
-8.86713;3.38747;0.635689;-2.56056;0.004;-9.04094;3.36777;0.777419;0.45554
-6.99265;8.21657;0.159602;1.10312;0.011;-6.92148;8.20877;0.256173;-0.911072
-4.85781;11.8393;0.822141;2.43978;0.1;-5.19854;11.93;0.769449;-2.8968
-10.0714;2.4758;0.684241;0.316321;0.004;-10.3109;2.20971;0.567751;0.976018
-13.4448;1.82004;0.36418;1.7339;0.326;-13.8174;1.81928;0.474784;-0.0690116
-2.11446;9.54462;0.842277;-1.60484;0.114;-1.94201;9.60254;0.808963;2.39888
-8.82162;4.18752;0.583513;-0.162173;0.004;-9.07264;4.09908;0.523455;-0.211118
-3.68995;10.9634;0.170252;2.71493;0.004;-3.92244;11.1029;0.200225;-1.34305
-7.55306;7.80794;0.303261;-0.694867;0.006;-7.72249;7.86287;0.500562;-1.1819
-11.6368;11.4781;0.335956;-1.51352;0.109;-11.5963;11.2754;0.454035;0.525343
-8.47268;3.96173;0.153574;-0.199665;0.004;-8.4749;3.74006;0.243651;-2.74327
-13.8336;6.90152;0.363991;0.969734;0.005;-13.8368;7.02807;0.681235;-1.86738
-12.3984;6.20669;0.448226;2.52705;0.004;-12.3937;6.12774;0.686328;-0.975528
-9.6257;7.97198;0.387391;2.5548;0.008;-9.72196;7.87222;0.491096;0.579806
-7.63394;8.13263;0.61285;-2.32908;0.006;-7.63985;8.03909;0.434884;-2.97733
-12.8231;2.28695;0.730439;-2.55239;0.004;-12.9656;2.25632;0.414541;0.863394
-5.81508;10.3149;0.304786;2.79349;0.004;-5.855;10.4243;0.31903;0.725568
-9.82619;6.33541;0.210373;0.533381;0.004;-10.0206;5.80781;0.31674;-1.05941
-12.5961;9.89068;0.245216;-1.80089;0;-12.4854;9.89127;0.196194;-2.03102
-9.00097;4.09972;0.209685;0.222296;0.004;-8.88447;4.19641;0.247123;-2.68313
-8.88198;9.67029;0.533403;1.46766;0.127;-8.91489;9.84689;0.503614;-1.88256
-8.27062;4.36173;0.320449;-0.479234;0.004;-8.21985;4.35242;0.372438;-2.99218
-13.575;4.91193;0.740022;-2.44398;0.004;-13.6249;4.9366;0.536403;-2.11984
-9.25465;10.1492;0.166397;-1.95819;0.388;-9.10726;10.2219;0.299051;2.89117
-6.11273;12.4242;0.522509;-1.1515;0.477;-6.11295;12.3576;0.462382;0.987743
-11.6811;7.92036;0.643356;2.58404;0.005;-11.5045;7.99827;0.702248;1.14972
-13.6939;5.24373;0.178896;2.87455;0.004;-13.7028;5.59054;0.251927;-0.666411
-13.8279;12.1858;0.546925;0.988305;0;-13.8236;12.2693;0.463459;-0.367882
-6.77533;10.5137;0.780884;-0.307221;0.007;-6.89846;10.4953;0.650298;-0.393003
-13.9156;7.41039;0.811954;0.949201;0.004;-13.9655;7.48599;0.598903;-1.53931
-5.58566;8.0054;0.745321;0.764539;0.012;-5.5835;7.95691;0.81714;2.42577
-14.5683;6.79393;0.822364;2.54782;0.004;-14.5934;6.47399;0.659184;2.34285
-3.91042;10.9423;0.759051;2.00763;0.053;-4.02145;11.0885;0.616103;-1.73082
-11.9428;10.8709;0.551943;2.73234;0.019;-11.9491;10.9449;0.534606;2.06985
-6.42106;10.279;0.227636;-1.66095;0.015;-6.39767;10.4979;0.372337;1.45599
-13.232;2.30633;0.421477;2.89628;0.004;-12.9656;2.25632;0.414541;0.863394
-12.9692;2.27325;0.465238;1.03931;0.004;-12.9656;2.25632;0.414541;0.863394
-14.6128;3.68255;0.81279;-0.233395;0.004;-14.5303;3.98718;0.585249;0.526528
-9.95649;1.93578;0.614925;2.56627;0.004;-10.03;2.066;0.708556;2.17103
-12.9167;3.82496;0.778177;1.38308;0.004;-13.0298;4.12757;0.353292;-0.766295
-9.2735;5.5907;0.264508;3.03586;0.004;-9.06093;5.57042;0.399578;1.02819
-3.11753;10.5964;0.5791;3.03571;0.004;-3.10744;10.4711;0.63342;1.40862
-13.3184;1.8543;0.32169;-1.59528;0.442;-13.4448;1.82004;0.36418;1.7339
-8.01542;4.84613;0.291453;0.0849696;0.004;-8.04685;4.83172;0.628229;-0.108274
-7.8291;6.40615;0.516535;-0.515416;0.004;-8.31912;6.25765;0.328307;-0.371221
-12.8585;2.17093;0.243082;-2.15542;0.004;-12.9656;2.25632;0.414541;0.863394
-13.9072;12.5193;0.754765;-0.371205;0;-13.9636;12.6871;0.817301;1.81155
-12.2084;8.23556;0.328934;3.03944;0.004;-12.3672;8.23991;0.308079;2.27107
-9.19213;5.66068;0.831158;-2.54075;0.004;-9.26741;5.84658;0.454143;2.81511
-9.32437;5.42267;0.650163;0.277095;0.004;-9.60896;5.47231;0.554023;-2.22797
-8.09597;5.32806;0.628194;1.87076;0.004;-8.13267;5.4567;0.467693;1.27619
-4.22178;12.0366;0.577038;0.579317;0.164;-4.14606;12.1131;0.736896;0.554031
-12.4561;12.8983;0.818283;-3.00946;0;-12.3264;12.8899;0.44086;-2.96386
-14.6163;6.39407;0.326267;-0.465721;0.004;-14.5569;6.24438;0.276768;2.99322
-11.2283;5.60506;0.202567;2.39343;0.004;-11.0535;5.69541;0.386985;-2.73059
-6.29655;11.6862;0.265458;2.84236;0.404;-6.53949;11.6239;0.418755;1.13035
-12.8158;1.97188;0.451654;-0.677011;0.004;-12.7354;1.96094;0.496349;1.24397
-10.4916;1.77168;0.326919;1.45582;0.004;-10.5266;1.52612;0.337708;2.03609
-10.0247;5.65482;0.325408;-1.87566;0.004;-10.0206;5.80781;0.31674;-1.05941
-2.10799;12.3549;0.21421;-1.28304;0.164;-1.93628;12.2861;0.208823;-2.36556
-13.7481;9.60822;0.747592;-1.74392;0;-13.8769;9.71477;0.786498;-0.808688
-5.81718;8.25444;0.687885;-1.93729;0.004;-5.95054;8.4595;0.715591;-3.07
-8.60203;5.225;0.59498;-1.67511;0.004;-8.6359;5.40986;0.529458;1.1921
-5.51009;7.84345;0.768476;1.42931;0.016;-5.5835;7.95691;0.81714;2.42577
-10.7882;7.71323;0.640831;1.36622;0.004;-10.7151;7.77563;0.728729;-2.0002
-9.2654;10.0078;0.595741;0.188258;0.168;-9.19082;10.1327;0.518631;-1.63444
-14.5178;10.0135;0.473246;1.72471;0;-14.5015;10.0128;0.615157;-0.960056
-9.10939;3.99699;0.786799;2.42566;0.004;-9.07264;4.09908;0.523455;-0.211118
-10.1373;10.2783;0.802127;-0.267106;0.001;-10.3437;10.1368;0.844624;-1.89595
-8.08074;9.81077;0.225222;-1.14589;0.288;-8.20582;9.9062;0.239388;1.12931
-6.93745;9.6443;0.691071;2.53094;0.007;-6.95087;9.85581;0.795637;1.1412
-10.5382;6.10752;0.199757;-1.30478;0.004;-10.4397;6.00933;0.407488;0.564673
-12.0048;12.7521;0.40534;-0.0910432;0;-11.9172;12.7319;0.425252;-0.870492
-10.6388;10.2269;0.223264;1.85049;0.088;-10.8033;10.4598;0.363212;2.06588
-11.8858;4.64653;0.602148;-1.3677;0.004;-11.8258;4.72171;0.70909;-2.66809
-3.80947;10.6472;0.773157;-2.70315;0.007;-3.96051;10.7028;0.817565;0.868916
-9.47888;2.50984;0.738224;-2.23956;0.004;-9.48293;2.60614;0.791159;-2.21737
-2.52524;9.64966;0.821114;0.523053;0.095;-2.37651;9.59637;0.505584;-1.71086
-7.74006;4.92225;0.760747;1.30219;0.004;-7.74432;5.10749;0.552832;2.86639
-9.62016;4.16142;0.576693;1.2877;0.004;-9.81795;4.11097;0.400292;-3.09947
-7.47198;10.0603;0.360583;0.422439;0.007;-7.41622;9.96957;0.381574;-2.78825
-14.3799;7.92965;0.691787;1.55895;0.004;-14.2153;7.87608;0.816863;-0.470362
-6.04021;7.7071;0.737283;-1.85161;0;-5.82809;7.74817;0.683259;-2.32712
-5.18508;11.4974;0.605784;2.23091;0.199;-5.26455;11.7343;0.699231;0.481119
-2.56366;9.83298;0.51231;-2.80814;0.004;-2.60018;10.0451;0.568518;2.00989
-8.00337;7.99839;0.388393;-2.95268;0.009;-7.88063;8.00815;0.5719;-0.254569
-14.011;1.12485;0.23141;1.28483;0.242;-13.8662;1.02207;0.189536;-0.625044
-14.4123;4.30993;0.556337;2.38568;0.004;-14.4918;4.22345;0.585602;-0.298612
-14.3376;5.81812;0.178065;0.914196;0.004;-14.2508;5.70923;0.589235;-2.45881
-5.03827;10.0739;0.408768;-2.28269;0.008;-4.98625;10.0184;0.316591;-0.480375
-12.9363;4.065;0.762952;-2.91901;0.004;-12.9167;3.82496;0.778177;1.38308
-6.36906;11.1059;0.352697;0.57821;0.008;-6.24539;10.9561;0.33422;-2.34071
-13.5307;8.30183;0.293024;0.886911;0.004;-13.2004;8.23201;0.432013;-1.18226
-12.1643;4.68627;0.782897;1.76685;0.004;-12.4335;4.78036;0.721168;-0.14824
-10.8994;9.59752;0.460135;-0.696343;0;-11.1037;9.64918;0.413036;-0.37488
-14.0915;8.09431;0.1554;-0.143316;0.004;-14.4622;8.18313;0.221762;2.49806
-5.50943;12.3371;0.766743;1.60469;0.465;-5.30153;12.3774;0.710723;0.308802
-5.58938;12.4743;0.480408;2.41038;0.47;-5.729;12.3749;0.583176;1.18644
-5.413;7.66431;0.24871;0.800814;0.016;-5.51009;7.84345;0.768476;1.42931
-13.8439;11.5729;0.712786;-3.02885;0;-13.8615;11.4692;0.474564;2.86453
-14.4389;7.62232;0.674325;0.831438;0.004;-14.5836;7.66813;0.674984;-2.20303
-10.5491;7.76007;0.418408;0.477989;0.004;-10.6791;7.62825;0.647251;-0.48723
-12.0104;3.94565;0.157917;0.299417;0.004;-12.2214;3.96425;0.429298;-2.47152
-2.32721;12.5604;0.279894;2.56201;0.164;-2.22699;12.5627;0.534076;-2.53183
-5.92184;10.3805;0.696429;-2.93534;0;-5.79264;10.1438;0.684142;-0.155099
-2.16701;11.8583;0.672984;1.63099;0.432;-2.11966;11.7875;0.756516;2.16464
-13.6233;6.50653;0.365866;-0.229886;0.004;-13.5295;6.49874;0.166279;2.95384
-6.82466;9.07181;0.703015;3.10792;0;-6.80156;9.37104;0.701632;2.16985
-14.1309;9.87646;0.207715;-1.52384;0;-14.1409;9.94424;0.300245;2.65695
-14.5858;4.58048;0.580328;-1.01605;0.004;-14.4331;4.79643;0.573643;1.40169
-2.3202;11.6967;0.580243;-2.67378;0.432;-2.16701;11.8583;0.672984;1.63099
-12.3454;4.0935;0.544108;2.84703;0.004;-12.202;3.97708;0.500759;0.423169
-3.29661;12.5813;0.654963;-0.247824;0.352;-3.65773;12.431;0.725095;1.31869
-10.0687;8.32358;0.361275;1.16503;0.004;-10.2832;8.17335;0.502438;1.79709
-13.5868;7.25884;0.276056;-2.74794;0.004;-13.5167;7.17298;0.582035;-1.0828
-14.2786;5.25152;0.766996;0.319543;0.004;-14.3045;5.20225;0.470588;1.7961
-14.376;7.8426;0.582786;-0.131298;0.004;-14.3799;7.92965;0.691787;1.55895
-7.82488;3.81334;0.37813;1.67732;0.004;-8.03869;3.85693;0.523002;1.47248
-12.5059;2.2604;0.324315;-3.04966;0.004;-12.8585;2.17093;0.243082;-2.15542
-14.5825;11.8989;0.799639;-0.930699;0;-14.5576;12.0496;0.47946;-0.495083
-11.5539;4.53993;0.784348;0.499494;0.004;-11.6296;4.86423;0.825384;-0.0102034
-11.7928;7.85606;0.396033;-0.119178;0.009;-11.6811;7.92036;0.643356;2.58404
-10.2459;4.0699;0.25775;-1.97691;0.004;-10.2023;4.01664;0.396932;2.00742
-5.83608;11.1366;0.566969;-0.523307;0.101;-5.71344;11.2308;0.511156;-2.74383
-6.70653;7.72832;0.451461;2.48247;0.008;-6.62245;7.58821;0.481604;2.63525
-9.40614;8.06888;0.447526;3.04104;0.012;-9.6257;7.97198;0.387391;2.5548
-6.0988;11.2584;0.190451;-2.16436;0.012;-6.36906;11.1059;0.352697;0.57821
-7.79308;8.10178;0.723871;-2.9724;0.007;-7.63394;8.13263;0.61285;-2.32908
-14.4834;1.48899;0.380556;2.08912;0.326;-14.3737;1.67184;0.51931;1.86174
-7.37174;9.54208;0.450486;0.745732;0.007;-7.64949;9.74271;0.643056;-2.69184
-9.23817;5.94697;0.681885;-0.991277;0.004;-9.26741;5.84658;0.454143;2.81511
-12.3213;4.8223;0.212196;1.53304;0.004;-11.9599;4.79849;0.197954;0.647222
-14.2609;5.88896;0.2902;-0.301775;0.004;-14.3376;5.81812;0.178065;0.914196
-14.5324;1.61343;0.216667;-2.42412;0.326;-14.4834;1.48899;0.380556;2.08912
-6.37764;10.9741;0.546575;0.579087;0.008;-6.36906;11.1059;0.352697;0.57821
-13.3954;8.22266;0.360377;2.24619;0.004;-13.5307;8.30183;0.293024;0.886911
-11.883;5.76932;0.633876;0.416452;0.004;-11.9517;5.7747;0.77665;-2.08573
-4.34967;10.283;0.231096;1.97389;0.004;-4.41194;10.3345;0.37457;-0.902488
-12.6408;4.84421;0.618004;-0.241408;0.004;-12.6617;4.77044;0.663958;0.00386512
-6.70204;7.69059;0.469984;0.488379;0.008;-6.70653;7.72832;0.451461;2.48247
-12.154;5.04719;0.81473;-0.227913;0.004;-11.985;5.31065;0.658846;-1.03724
-10.2317;6.22952;0.613958;-0.401624;0.004;-10.3158;6.22555;0.624175;0.11602
-13.9996;2.199;0.387472;-2.87273;0.459;-14.102;2.29304;0.270544;-0.662
-4.7641;12.3764;0.835156;0.664635;0.287;-5.11596;12.4299;0.788187;-3.04573
-10.2118;7.78659;0.825061;1.2531;0.004;-10.0573;7.99224;0.687725;-0.426401
-5.2831;9.8288;0.270422;0.735587;0.008;-5.36452;9.84659;0.279727;2.79188
-3.37306;10.5168;0.707375;-2.19123;0.004;-3.46749;10.4274;0.560239;-1.56919
-8.84083;5.40721;0.454799;2.47241;0.004;-8.6359;5.40986;0.529458;1.1921
-13.5945;1.56528;0.256384;-2.59847;0.124;-13.4486;1.43251;0.294654;2.91986
-12.9052;9.54194;0.624821;-1.61144;0;-12.9548;9.60697;0.602769;-0.135007
-3.24477;10.3603;0.513876;0.674978;0.004;-3.10744;10.4711;0.63342;1.40862
-11.1909;5.89528;0.825963;-1.86204;0.004;-11.2617;5.94329;0.848593;0.221831
-10.0404;6.22456;0.346276;0.310271;0.004;-9.82619;6.33541;0.210373;0.533381
-10.4809;2.53233;0.789124;2.93718;0.004;-10.445;2.57798;0.591345;-0.701919
-5.1841;9.99978;0.317521;-0.115425;0.008;-5.03827;10.0739;0.408768;-2.28269
-9.26648;5.72368;0.83302;0.883848;0.004;-9.19213;5.66068;0.831158;-2.54075
-8.12031;5.58541;0.235556;-2.60463;0.004;-8.13267;5.4567;0.467693;1.27619
-11.7873;11.1896;0.767512;-1.8855;0.109;-11.6112;11.1978;0.647164;-1.43955
-11.9355;7.83583;0.437173;-1.19744;0.009;-11.7928;7.85606;0.396033;-0.119178
-4.77616;12.3062;0.222647;1.3957;0.47;-4.97472;12.0665;0.157888;-2.95657
-12.274;5.35214;0.569294;-1.23689;0.004;-11.985;5.31065;0.658846;-1.03724
-13.7332;9.52573;0.597775;0.184227;0;-13.7481;9.60822;0.747592;-1.74392
-9.48502;9.73339;0.262712;2.22183;0.131;-9.47383;9.7377;0.199042;1.88198
-13.1225;7.94133;0.786141;-2.19739;0.004;-12.9773;7.79117;0.637813;1.28312
-8.15618;6.15693;0.46491;1.90134;0.004;-8.31912;6.25765;0.328307;-0.371221
-4.93952;12.1023;0.529031;-3.12688;0.287;-5.09844;12.4151;0.593111;0.895664
-2.11735;11.7468;0.729044;2.7947;0.292;-2.11966;11.7875;0.756516;2.16464
-14.0404;11.6816;0.594806;2.64613;0;-13.8439;11.5729;0.712786;-3.02885
-13.9774;8.01764;0.429692;-3.09906;0.004;-14.0915;8.09431;0.1554;-0.143316
-11.6213;11.8303;0.392608;-1.22246;0.052;-11.5705;11.8304;0.461199;-1.77687
-9.04993;3.47265;0.234167;2.72827;0.004;-9.0904;3.49805;0.355098;0.882652
-8.17776;4.11081;0.32416;-2.76071;0.004;-8.05829;4.23833;0.154527;-0.74259
-12.2329;5.16534;0.348698;-1.74691;0.004;-12.274;5.35214;0.569294;-1.23689
-6.37442;12.1497;0.506261;2.16474;0.452;-6.32925;12.3282;0.538638;2.40581
-12.3843;12.1133;0.162504;2.89839;0;-12.4362;11.931;0.302039;-1.86884
-14.512;5.81717;0.262686;-2.10731;0.004;-14.3376;5.81812;0.178065;0.914196
-12.6535;10.8459;0.481473;-0.555987;0.063;-12.3793;10.7945;0.459243;1.42116
-10.4689;5.91501;0.586817;2.41592;0.004;-10.4397;6.00933;0.407488;0.564673
-3.81913;11.403;0.153576;-2.52838;0.294;-3.66258;11.5268;0.229834;-3.00675
-10.0956;1.44717;0.829367;-0.425513;0.004;-10.2798;1.73633;0.627868;1.37317
-11.3524;6.46133;0.838182;-0.746086;0.004;-11.1903;6.2559;0.780294;1.20575
-11.9448;1.95945;0.729373;2.43635;0.004;-11.9421;1.74787;0.624532;-0.427184
-10.0831;8.05923;0.256242;-1.49554;0.01;-10.0639;7.84999;0.280932;2.51479
-8.4285;4.09469;0.838289;0.124742;0.004;-8.12705;4.03278;0.697844;3.051
-6.4248;8.69897;0.251291;-1.32279;0;-6.51842;8.65417;0.282157;-2.12335
-2.27349;10.2552;0.157143;-2.89256;0.004;-2.20193;10.3659;0.264864;1.00621
-12.477;5.09564;0.49327;2.8213;0.004;-12.2329;5.16534;0.348698;-1.74691
-5.20098;9.99955;0.780793;2.22332;0.004;-5.03355;10.1415;0.674896;0.924651
-14.3597;9.65702;0.786449;0.261271;0;-14.2576;9.61127;0.689553;-1.2001
-9.88856;1.9661;0.227215;0.400272;0.004;-9.71587;2.02316;0.330879;-1.1113
-1.9569;11.5561;0.604749;-0.925503;0.402;-1.78304;11.5985;0.437771;1.7938
-9.50051;2.04223;0.76541;-1.89891;0.004;-9.58068;1.90209;0.711694;-0.0953056
-11.9615;10.9892;0.498829;-1.1245;0.019;-11.9491;10.9449;0.534606;2.06985
-11.8388;4.48546;0.336523;1.75561;0.004;-11.7313;4.49053;0.341201;0.712624
-13.9984;1.06509;0.511636;-0.502564;0.353;-14.011;1.12485;0.23141;1.28483
-14.0869;4.0266;0.182234;1.36288;0.004;-13.7977;4.04893;0.2016;-2.77884
-4.64145;11.5507;0.711855;-0.459545;0.1;-4.78489;11.4855;0.786552;1.84751
-8.08677;4.23663;0.556169;-1.37132;0.004;-8.12705;4.03278;0.697844;3.051
-4.49037;9.93422;0.695006;1.67708;0.008;-4.40044;9.76764;0.577515;-0.122482
-3.9145;10.1743;0.31561;1.9428;0.004;-3.89333;10.1844;0.273507;0.238976
-6.47899;9.6227;0.601901;-0.329326;0;-6.60959;9.46332;0.639065;-0.937227
-12.1059;5.68817;0.382568;-1.7306;0.004;-11.9238;5.56701;0.354364;-2.40522
-14.1752;1.99771;0.24166;1.26671;0.206;-14.1024;1.95313;0.23119;-0.502276
-3.65893;11.8851;0.39938;2.40747;0.164;-3.71218;12.016;0.439076;1.3075
-10.021;5.54317;0.51389;1.28465;0.004;-10.0247;5.65482;0.325408;-1.87566
-13.2517;8.0362;0.812398;-2.49501;0.004;-13.1225;7.94133;0.786141;-2.19739
-12.4991;5.10739;0.496259;1.23241;0.004;-12.477;5.09564;0.49327;2.8213
-10.5779;5.89038;0.531828;0.227805;0.004;-10.4689;5.91501;0.586817;2.41592
-12.6641;5.01975;0.677142;2.26884;0.004;-12.6408;4.84421;0.618004;-0.241408
-6.88837;10.1161;0.539226;0.422994;0.007;-6.84348;10.4144;0.498516;0.684064
-8.53303;6.0327;0.786752;3.04212;0.004;-8.55956;6.051;0.66099;-0.948603
-7.91478;3.80717;0.165841;-2.47065;0.004;-8.06874;3.82734;0.270472;-3.06092
-8.97885;7.78395;0.180794;1.28099;0.008;-8.93307;7.86807;0.313183;2.9795
-14.638;6.05141;0.24518;2.06359;0.004;-14.5569;6.24438;0.276768;2.99322
-12.9442;9.70975;0.168422;-1.07641;0;-13.1747;9.68349;0.199379;-0.409153
-12.0185;11.2564;0.400274;-0.848505;0.052;-11.8685;11.3972;0.545078;-2.44327
-12.1461;11.2598;0.822498;-0.0138192;0.052;-12.2744;11.2331;0.62089;1.47869
-12.3754;11.2394;0.393281;-1.13284;0.052;-12.2744;11.2331;0.62089;1.47869
-13.3987;10.4524;0.52074;-0.849552;0;-13.3955;10.4559;0.422679;-0.928723
-13.3834;4.2087;0.15324;-2.70311;0.004;-13.5438;4.0414;0.176855;0.114736
-3.68992;10.221;0.545888;1.74233;0.004;-3.5029;10.2553;0.596868;1.32359
-4.82148;11.5024;0.495289;0.319157;0.1;-4.9508;11.4553;0.299609;0.274325
-9.86884;5.49452;0.67291;2.80947;0.004;-10.021;5.54317;0.51389;1.28465
-2.22317;12.5027;0.426277;-1.69325;0.164;-2.22699;12.5627;0.534076;-2.53183
-12.2123;11.3028;0.843548;-1.04948;0.052;-12.1461;11.2598;0.822498;-0.0138192
-6.72423;7.89748;0.327815;1.92269;0.011;-6.70598;7.84595;0.331863;-0.283371
-9.17267;7.86011;0.602693;2.89785;0.008;-9.20981;7.767;0.515245;0.694206
-11.7279;10.5959;0.450138;-2.74867;0;-11.6135;10.376;0.438955;-1.6078
-10.5408;2.2909;0.793657;-2.70414;0.004;-10.4809;2.53233;0.789124;2.93718
-12.1362;10.2096;0.23371;-2.74678;0.052;-12.1133;10.3275;0.224367;-1.33743
-14.5782;4.33735;0.206578;1.67775;0.004;-14.4123;4.30993;0.556337;2.38568
-11.0332;7.70681;0.540862;2.06509;0.004;-11.0356;7.62544;0.49615;-0.461195
-8.93695;10.3677;0.777223;-2.10242;0.164;-9.07099;10.0813;0.638179;1.41054
-6.53357;10.3104;0.480836;-1.24898;0.011;-6.39767;10.4979;0.372337;1.45599
-10.5006;6.34785;0.440761;-1.92861;0.004;-10.5194;6.13119;0.554271;0.193992
-1.73729;10.1237;0.332038;1.89969;0.095;-2.05838;10.0544;0.338408;-2.92257
-9.68718;2.29665;0.674991;-0.376791;0.004;-9.51608;2.40028;0.503759;-0.24118
-13.4937;7.69133;0.593028;2.3583;0.004;-13.3033;7.72306;0.60116;-0.924413
-13.6258;0.841097;0.592983;-2.72903;0.124;-13.7141;0.973441;0.70348;1.99176
-2.74356;11.5659;0.803788;-2.2196;0.164;-2.57232;11.6952;0.763301;2.05585
-13.4644;8.39988;0.552264;2.97069;0.004;-13.3954;8.22266;0.360377;2.24619
-12.3423;4.46882;0.383925;-0.284096;0.004;-12.3213;4.8223;0.212196;1.53304
-9.90711;5.88911;0.498794;0.0904469;0.004;-10.0206;5.80781;0.31674;-1.05941
-9.03913;5.52891;0.612057;-2.17297;0.004;-9.06093;5.57042;0.399578;1.02819
-14.0669;7.32617;0.787023;2.26395;0.004;-13.9156;7.41039;0.811954;0.949201
-12.9093;1.68725;0.759275;-2.35425;0.004;-13.0033;1.84445;0.56706;1.40444
-13.6524;4.01627;0.576653;0.339093;0.004;-13.6426;3.84842;0.723506;2.71849
-8.32368;5.06943;0.741677;0.166411;0.004;-8.27828;5.06744;0.624847;-2.51715
-11.1916;7.70637;0.286697;1.84869;0.005;-11.4418;7.78117;0.300376;-2.08897
-4.47902;11.6499;0.551671;2.63073;0.1;-4.64145;11.5507;0.711855;-0.459545
-1.9045;10.4047;0.432187;2.92114;0.004;-1.79194;10.3353;0.630228;-0.213517
-7.00163;7.6143;0.529919;-2.83202;0;-7.10365;7.70998;0.633539;-2.53745
-8.07935;7.69105;0.731021;-2.76596;0.007;-8.23442;7.57588;0.405351;-2.88923
-11.9271;10.2346;0.266796;-0.403039;0.052;-12.1133;10.3275;0.224367;-1.33743
-3.09895;12.3742;0.661937;2.5171;0.333;-3.05408;12.1958;0.631237;1.67658
-8.96122;7.67373;0.289617;-0.784108;0.008;-8.97885;7.78395;0.180794;1.28099
-12.5559;13.5814;0.708911;-0.599747;0.002;-12.5271;13.2816;0.390209;2.88279
-12.9184;4.22039;0.347785;-0.719518;0.004;-13.0298;4.12757;0.353292;-0.766295
-11.5856;2.39926;0.449892;-1.12436;0.004;-12.0799;2.32247;0.501787;1.74948
-14.3536;8.04254;0.183369;0.118284;0.004;-14.4672;8.04864;0.271028;0.667281
-13.549;1.52205;0.765987;-2.54579;0.124;-13.6266;1.35144;0.402406;2.83132
-14.4748;11.0571;0.454265;-1.0696;0;-14.5096;11.2947;0.665381;-2.51196
-8.27896;5.6657;0.80025;-1.25649;0.004;-8.62708;5.64617;0.629381;-0.862654
-11.9576;8.01718;0.361038;1.88099;0.004;-12.0534;7.98536;0.239397;1.80634
-14.4116;0.351364;0.44303;-1.46502;0.318;-14.3499;0.313486;0.234571;-0.688044
-13.8527;0.0128934;0.717939;-0.110217;0.202;-13.9929;0.271285;0.729256;2.28439
-6.22449;11.1509;0.316727;2.05227;0.075;-6.36906;11.1059;0.352697;0.57821
-11.604;5.99904;0.374098;-1.60512;0.004;-11.8509;5.89457;0.471948;-1.98303
-5.77659;9.42251;0.230238;2.0365;0.017;-5.7711;9.07974;0.237932;2.1989
-11.9612;5.35045;0.29163;-0.73789;0.004;-11.7937;5.39591;0.412461;0.0929815
-11.7546;5.14631;0.58568;2.22561;0.004;-11.6411;5.13788;0.567271;0.945532
-12.328;12.4661;0.44735;0.709877;0.098;-12.1499;12.465;0.337118;2.62804
-11.3913;6.19193;0.849563;-0.810175;0.004;-11.4152;6.12557;0.741163;-1.20957
-8.12502;7.85163;0.563201;0.259321;0.007;-8.07935;7.69105;0.731021;-2.76596
-14.2418;4.01747;0.326507;-1.49063;0.004;-14.0869;4.0266;0.182234;1.36288
-12.5695;9.71627;0.169482;-0.954778;0;-12.5961;9.89068;0.245216;-1.80089
-8.82223;5.96702;0.258334;-2.51871;0.004;-8.95498;5.84102;0.505476;0.787164
-4.1675;11.195;0.639133;-0.185529;0.004;-4.05769;11.1742;0.727986;2.35959
-11.2687;10.2731;0.218324;2.5817;0;-11.13;10.0708;0.15897;-0.595922
-4.36787;11.0543;0.522389;0.238779;0.005;-4.43606;11.0372;0.686118;-1.82147
-11.7964;4.29075;0.732841;-0.690272;0.004;-11.9101;4.41228;0.475718;-2.49807
-5.854;8.12623;0.187509;1.74307;0.004;-6.06656;8.0514;0.26843;-1.14202
-11.3914;12.4335;0.518511;1.83728;0.253;-11.3565;12.3945;0.546654;0.384495
-10.6796;1.53088;0.494535;2.45219;0.004;-10.5266;1.52612;0.337708;2.03609
-14.512;1.77033;0.328872;-1.77812;0.358;-14.5324;1.61343;0.216667;-2.42412
-14.3847;3.67165;0.155626;-0.31641;0.004;-14.1999;3.62364;0.186998;-3.07534
-10.8111;10.2568;0.754006;1.32752;0.001;-10.5522;10.0749;0.567692;-1.33026
-3.57896;11.8082;0.732661;-0.59625;0.164;-3.57751;12.0095;0.768382;-0.407694
-8.63236;3.65824;0.227942;-1.99188;0.004;-8.4749;3.74006;0.243651;-2.74327
-14.404;7.57071;0.348564;-0.664919;0.004;-14.2945;7.69698;0.500305;1.9981
-11.914;13.3495;0.166623;-1.59235;0.395;-11.7981;13.3605;0.296417;-2.65358
-14.0036;2.09169;0.633767;-1.98422;0.387;-14.0308;2.06183;0.511884;-2.04455
-14.4291;12.0246;0.629482;1.02514;0;-14.5576;12.0496;0.47946;-0.495083
-8.10113;4.27878;0.315062;-2.93111;0.004;-8.21985;4.35242;0.372438;-2.99218
-3.14714;11.5552;0.649816;-3.04954;0.164;-3.27224;11.6015;0.511471;-2.21136
-4.30806;11.1926;0.414892;1.63243;0.075;-4.36787;11.0543;0.522389;0.238779
-8.81901;9.91216;0.471222;-1.2389;0.004;-8.91489;9.84689;0.503614;-1.88256
-5.56789;11.6828;0.698957;2.7373;0.207;-5.5391;11.5019;0.526415;1.6393
-14.5857;1.29146;0.688597;-2.74883;0.446;-14.5762;1.20403;0.71841;-0.664624
-8.76017;7.67582;0.828754;-2.49746;0.004;-9.19349;7.69262;0.836843;-0.174048
-5.73449;9.85383;0.245195;0.122371;0.008;-5.79117;9.79218;0.244944;-0.416621
-12.2731;5.58574;0.230501;-1.83085;0.004;-12.1059;5.68817;0.382568;-1.7306
-7.95189;3.61653;0.453421;-1.65297;0.004;-7.82488;3.81334;0.37813;1.67732
-1.49738;12.1436;0.595912;-1.33777;0.164;-1.46071;11.8491;0.695461;-1.88979
-10.4241;9.64629;0.644377;0.162901;0;-10.4684;9.67752;0.653378;-0.126226
-5.54221;8.08887;0.394186;-1.51978;0.008;-5.63563;8.23236;0.492121;-2.0021
-3.6603;11.5297;0.172317;-2.80697;0.294;-3.66258;11.5268;0.229834;-3.00675
-14.6084;4.62593;0.6551;-0.87219;0.004;-14.5858;4.58048;0.580328;-1.01605
-3.43789;10.0745;0.225628;0.918503;0.004;-3.59475;9.94854;0.361036;-1.48577
-11.1902;7.8101;0.153118;-1.57561;0.005;-11.1916;7.70637;0.286697;1.84869
-12.3147;5.11747;0.781243;0.0632316;0.004;-12.154;5.04719;0.81473;-0.227913
-12.5746;9.82864;0.52147;0.251967;0;-12.7371;9.80765;0.566497;-2.38069
-14.6446;10.1957;0.84926;-2.29577;0;-14.5555;10.2064;0.542732;-0.781174
-3.50609;10.8327;0.479469;-1.87209;0.006;-3.55744;10.5992;0.459247;3.12362
-11.4752;11.7086;0.27638;-1.03896;0.052;-11.6213;11.8303;0.392608;-1.22246
-8.00349;6.05305;0.625358;1.40836;0.004;-8.15618;6.15693;0.46491;1.90134
-13.7954;5.57614;0.274293;-1.03257;0.004;-13.7028;5.59054;0.251927;-0.666411
-9.27842;3.96369;0.476559;-1.33175;0.004;-9.32354;3.85538;0.301067;2
-14.5345;11.5475;0.167648;1.66334;0;-14.489;11.234;0.15612;2.54722
-7.01356;10.2778;0.809513;1.69756;0.007;-6.80941;10.2496;0.816408;2.88822
-12.6723;1.64298;0.329097;2.10265;0.004;-12.6011;1.89827;0.573749;1.48171
-13.519;9.88797;0.514103;-0.0328855;0;-13.45;9.84218;0.597266;1.47293
-9.50323;7.97568;0.400858;0.598686;0.008;-9.6257;7.97198;0.387391;2.5548
-5.93255;11.1743;0.754648;-0.582636;0.101;-5.83608;11.1366;0.566969;-0.523307
-14.3394;5.88514;0.219501;-2.91073;0.004;-14.3376;5.81812;0.178065;0.914196
-10.4024;8.17764;0.619713;3.0561;0.004;-10.2832;8.17335;0.502438;1.79709
-6.13088;10.4986;0.51146;1.96233;0.011;-6.231;10.4804;0.564562;-0.156
-11.725;12.7755;0.333479;1.78349;0.219;-11.9172;12.7319;0.425252;-0.870492
-4.82526;10.9704;0.385067;-1.85885;0.155;-5.05905;10.9036;0.491817;1.98478
-14.0837;10.9535;0.605821;-0.936398;0;-14.2214;11.0827;0.813902;-2.16999
-10.5773;1.95339;0.821731;-2.00213;0.004;-10.4316;1.67069;0.754819;2.75733
-6.29755;10.4625;0.2669;-0.949398;0.011;-6.39767;10.4979;0.372337;1.45599
-11.7334;5.17617;0.301916;-3.033;0.004;-11.7937;5.39591;0.412461;0.0929815
-8.24334;3.50013;0.723491;-0.372923;0.004;-8.12329;3.46232;0.676124;-1.62927
-10.7168;10.3314;0.621234;-2.20584;0.002;-10.8111;10.2568;0.754006;1.32752
-6.16619;8.68432;0.221368;-0.229826;0.012;-5.97697;8.82363;0.150802;0.833527
-2.25711;11.3679;0.73617;0.086089;0.164;-2.37887;11.4352;0.471805;0.812043
-12.5396;10.7039;0.432317;-2.61729;0.063;-12.3793;10.7945;0.459243;1.42116
-10.0209;7.98649;0.50612;0.984867;0.004;-10.0573;7.99224;0.687725;-0.426401
-13.957;1.84154;0.45323;0.590805;0.326;-13.8174;1.81928;0.474784;-0.0690116
-1.94343;11.6503;0.429584;1.93088;0.518;-1.78304;11.5985;0.437771;1.7938
