-13.5987;-10.298;0.833328;1.16355;0;-13.5689;-11.2974;0.851232;0.140008
-7.98267;-11.7155;0.496767;0.449692;0.148;-8.92251;-12.0571;0.496267;1.41129
-12.729;-9.80444;0.829438;1.7692;0;-13.5987;-10.298;0.833328;1.16355
-13.0184;-11.7417;0.510711;-2.72904;0;-12.8303;-11.9402;0.648239;2.01809
-14.1511;-9.86426;0.834302;-2.89463;0;-13.5987;-10.298;0.833328;1.16355
-8.11803;-12.3459;0.603955;1.73214;0.148;-7.98267;-11.7155;0.496767;0.449692
-14.464;-9.89535;0.26357;1.95679;0;-14.1511;-9.86426;0.834302;-2.89463
-11.8886;-10.3254;0.67963;2.05021;0;-12.729;-9.80444;0.829438;1.7692
-12.2513;-10.0663;0.42558;-2.53552;0;-11.8886;-10.3254;0.67963;2.05021
-11.1601;-9.64257;0.625303;-1.02824;0.015;-11.8886;-10.3254;0.67963;2.05021
-10.4725;-10.3455;0.44347;0.283168;0.015;-11.1601;-9.64257;0.625303;-1.02824
-9.40433;-12.3028;0.547841;-0.209505;0.148;-8.93072;-12.3671;0.597633;3.03774
-14.0075;-10.2187;0.198494;-1.09286;0.022;-14.464;-9.89535;0.26357;1.95679
-13.3349;-12.278;0.545566;1.91984;0;-12.8303;-11.9402;0.648239;2.01809
-13.3704;-9.59362;0.386467;2.46878;0;-12.729;-9.80444;0.829438;1.7692
-11.4343;-9.98104;0.446031;0.189088;0.017;-11.1601;-9.64257;0.625303;-1.02824
-9.88104;-9.54329;0.362495;-1.21779;0.015;-10.4725;-10.3455;0.44347;0.283168
-9.78704;-8.54817;0.392533;2.0063;0.015;-9.88104;-9.54329;0.362495;-1.21779
-10.7744;-9.9068;0.705016;1.605;0.015;-11.1601;-9.64257;0.625303;-1.02824
-9.90133;-11.5232;0.778135;0.980901;0.148;-9.40433;-12.3028;0.547841;-0.209505
-10.0186;-8.88819;0.616396;-0.352598;0.015;-9.78704;-8.54817;0.392533;2.0063
-12.6397;-11.6089;0.48038;-0.345229;0.141;-13.0184;-11.7417;0.510711;-2.72904
-14.5589;-10.5515;0.3835;0.98339;0.022;-14.0075;-10.2187;0.198494;-1.09286
-10.0587;-9.44771;0.240045;-0.0516031;0.015;-9.88104;-9.54329;0.362495;-1.21779
-10.5098;-7.8577;0.363993;0.671598;0.015;-9.78704;-8.54817;0.392533;2.0063
-14.4229;-10.234;0.780769;2.4055;0;-14.1511;-9.86426;0.834302;-2.89463
-14.3239;-12.3043;0.690827;1.25955;0;-13.3349;-12.278;0.545566;1.91984
-11.4949;-7.82502;0.532788;-1.05334;0.015;-10.5098;-7.8577;0.363993;0.671598
-12.9971;-9.48966;0.359087;-3.13531;0;-13.3704;-9.59362;0.386467;2.46878
-10.6261;-7.76449;0.788516;-0.34868;0.015;-10.5098;-7.8577;0.363993;0.671598
-11.7161;-7.88999;0.786992;2.37013;0.015;-11.4949;-7.82502;0.532788;-1.05334
-10.3572;-10.039;0.824366;-1.37495;0.015;-10.7744;-9.9068;0.705016;1.605
-11.057;-10.0482;0.800179;-0.548616;0.015;-10.7744;-9.9068;0.705016;1.605
-12.5711;-7.85656;0.740681;-2.90145;0.015;-11.7161;-7.88999;0.786992;2.37013
-14.668;-11.9665;0.194417;-1.3522;0;-14.3239;-12.3043;0.690827;1.25955
-8.86234;-11.8491;0.334206;0.202495;0.148;-8.92251;-12.0571;0.496267;1.41129
-14.027;-12.2697;0.176378;1.61471;0;-14.3239;-12.3043;0.690827;1.25955
-13.5406;-8.10068;0.7164;1.70109;0.016;-12.5711;-7.85656;0.740681;-2.90145
-14.2219;-7.36891;0.732323;-1.99303;0.016;-13.5406;-8.10068;0.7164;1.70109
-14.0943;-6.37725;0.714132;-1.61405;0.016;-14.2219;-7.36891;0.732323;-1.99303
-14.2164;-6.72194;0.464203;-0.67334;0.016;-14.0943;-6.37725;0.714132;-1.61405
-14.2989;-10.0217;0.28953;-2.11039;0;-14.464;-9.89535;0.26357;1.95679
-14.049;-8.18857;0.815407;1.05522;0.017;-13.5406;-8.10068;0.7164;1.70109
-10.2109;-12.4689;0.471471;1.81457;0.076;-9.92288;-12.4864;0.634636;-2.65076
-12.3478;-10.427;0.196991;2.57867;0;-12.2513;-10.0663;0.42558;-2.53552
-9.96108;-9.74767;0.595619;-1.84694;0.015;-9.88104;-9.54329;0.362495;-1.21779
-10.0459;-8.33996;0.656498;0.299144;0.015;-9.78704;-8.54817;0.392533;2.0063
-8.4404;-12.0915;0.320709;-2.89806;0.241;-8.86234;-11.8491;0.334206;0.202495
-11.3032;-10.362;0.335627;-0.740815;0.017;-11.4343;-9.98104;0.446031;0.189088
-13.888;-5.80587;0.35642;1.64504;0.016;-14.0943;-6.37725;0.714132;-1.61405
-8.7;-11.7739;0.362338;1.73365;0.148;-8.86234;-11.8491;0.334206;0.202495
-13.884;-6.48886;0.480622;-2.34399;0.016;-14.0943;-6.37725;0.714132;-1.61405
-9.97467;-8.64126;0.688038;1.75132;0.015;-10.0186;-8.88819;0.616396;-0.352598
-9.05923;-12.2514;0.653783;-1.30123;0.148;-8.93072;-12.3671;0.597633;3.03774
-9.91193;-10.0205;0.423335;-0.08978;0.015;-9.96108;-9.74767;0.595619;-1.84694
-14.4582;-10.0652;0.49749;-1.05486;0.023;-14.2989;-10.0217;0.28953;-2.11039
-14.0318;-9.64008;0.802737;-0.729239;0.017;-14.1511;-9.86426;0.834302;-2.89463
-14.0731;-8.36554;0.685141;-1.40015;0.017;-14.049;-8.18857;0.815407;1.05522
-10.6232;-9.79353;0.674208;1.78641;0.015;-10.7744;-9.9068;0.705016;1.605
-12.4701;-9.99775;0.588429;-0.00790441;0.028;-12.2513;-10.0663;0.42558;-2.53552
-13.9804;-12.5833;0.591591;-3.12158;0;-14.3239;-12.3043;0.690827;1.25955
-14.0173;-7.69234;0.725817;-2.97138;0.016;-14.2219;-7.36891;0.732323;-1.99303
-14.0351;-12.1413;0.607986;1.27337;0;-14.3239;-12.3043;0.690827;1.25955
-10.119;-9.51478;0.843219;0.661287;0.015;-9.96108;-9.74767;0.595619;-1.84694
-13.7161;-10.9751;0.838758;-2.02713;0;-13.5689;-11.2974;0.851232;0.140008
-8.35324;-12.2543;0.214836;-0.737883;0.241;-8.4404;-12.0915;0.320709;-2.89806
-14.2377;-7.08114;0.509537;0.294701;0.016;-14.2164;-6.72194;0.464203;-0.67334
-12.8841;-9.55203;0.565862;0.953302;0;-12.9971;-9.48966;0.359087;-3.13531
-9.95364;-8.71259;0.162726;3.03015;0.015;-9.78704;-8.54817;0.392533;2.0063
-11.7948;-8.22696;0.6333;-0.924567;0.015;-11.7161;-7.88999;0.786992;2.37013
-13.1681;-12.5941;0.785177;2.45424;0;-13.3349;-12.278;0.545566;1.91984
-8.70436;-11.7369;0.68228;0.915768;0.148;-8.7;-11.7739;0.362338;1.73365
-14.2552;-8.02463;0.214372;1.45309;0.018;-14.0731;-8.36554;0.685141;-1.40015
-7.74237;-12.266;0.498412;-1.1328;0.148;-8.11803;-12.3459;0.603955;1.73214
-11.9974;-11.7073;0.56891;-0.41463;0.09;-11.9012;-12.2912;0.531835;2.99954
-10.7457;-10.3976;0.370788;-1.74042;0.018;-10.4725;-10.3455;0.44347;0.283168
-12.2972;-12.1399;0.588751;1.27143;0.026;-11.9012;-12.2912;0.531835;2.99954
-7.62191;-12.4048;0.317401;2.64224;0.149;-7.74237;-12.266;0.498412;-1.1328
-13.3445;-10.0785;0.243;-1.73165;0.002;-13.3704;-9.59362;0.386467;2.46878
-8.16323;-12.1571;0.643428;-0.181958;0.148;-8.11803;-12.3459;0.603955;1.73214
-13.0163;-7.82065;0.717187;-1.86425;0.015;-12.5711;-7.85656;0.740681;-2.90145
-10.4538;-9.69319;0.679145;-0.913688;0.016;-10.6232;-9.79353;0.674208;1.78641
-9.55045;-12.3086;0.319563;-0.0904788;0.148;-9.40433;-12.3028;0.547841;-0.209505
-13.7358;-10.7077;0.82583;1.40918;0;-13.7161;-10.9751;0.838758;-2.02713
-14.375;-9.7161;0.778115;0.0983333;0;-14.1511;-9.86426;0.834302;-2.89463
-13.802;-10.063;0.264815;-2.85853;0.022;-14.0075;-10.2187;0.198494;-1.09286
-9.45385;-12.5295;0.795183;-2.53707;0.148;-9.40433;-12.3028;0.547841;-0.209505
-13.6656;-6.07569;0.292552;0.359173;0.016;-13.888;-5.80587;0.35642;1.64504
-14.2023;-6.83479;0.819294;-1.57635;0.016;-14.2164;-6.72194;0.464203;-0.67334
-14.563;-10.6553;0.820221;1.14078;0;-14.4229;-10.234;0.780769;2.4055
-13.6377;-10.0275;0.653763;1.11425;0;-13.5987;-10.298;0.833328;1.16355
-13.4913;-9.77002;0.764522;0.087759;0.028;-13.6377;-10.0275;0.653763;1.11425
-10.2798;-9.27767;0.668117;-2.05443;0.015;-10.119;-9.51478;0.843219;0.661287
-12.4037;-10.32;0.440026;-1.27126;0;-12.3478;-10.427;0.196991;2.57867
-12.5486;-7.87411;0.680515;-1.95931;0.015;-12.5711;-7.85656;0.740681;-2.90145
-10.2453;-11.9307;0.194978;0.590126;0.076;-10.2109;-12.4689;0.471471;1.81457
-9.9969;-11.9453;0.355658;0.757581;0.076;-10.2453;-11.9307;0.194978;0.590126
-13.2594;-11.5695;0.599205;-1.58132;0;-13.0184;-11.7417;0.510711;-2.72904
-12.5775;-12.49;0.601663;-2.19179;0.026;-12.2972;-12.1399;0.588751;1.27143
-9.72761;-11.4859;0.458991;-0.803026;0.148;-9.90133;-11.5232;0.778135;0.980901
-11.0977;-10.4806;0.514782;2.94759;0.017;-11.3032;-10.362;0.335627;-0.740815
-10.4901;-8.72121;0.425129;-1.45555;0.037;-10.0186;-8.88819;0.616396;-0.352598
-12.7637;-5.64488;0.259018;0.0280111;0.016;-13.6656;-6.07569;0.292552;0.359173
-11.7813;-5.47867;0.174589;-1.71679;0.016;-12.7637;-5.64488;0.259018;0.0280111
-13.6687;-8.06683;0.592707;1.03623;0.016;-13.5406;-8.10068;0.7164;1.70109
-14.7114;-11.1793;0.477945;-0.623558;0.047;-14.563;-10.6553;0.820221;1.14078
-12.9438;-5.89376;0.382845;1.76478;0.016;-12.7637;-5.64488;0.259018;0.0280111
-13.9206;-9.79478;0.76895;1.63287;0.017;-14.0318;-9.64008;0.802737;-0.729239
-13.5662;-11.7419;0.709263;0.614505;0.152;-13.2594;-11.5695;0.599205;-1.58132
-8.74807;-11.7796;0.583666;-3.03799;0.278;-8.70436;-11.7369;0.68228;0.915768
-10.4094;-12.4464;0.770339;1.75271;0.153;-10.2109;-12.4689;0.471471;1.81457
-10.8868;-5.7332;0.542206;-2.66709;0.016;-11.7813;-5.47867;0.174589;-1.71679
-7.98574;-12.4478;0.745376;-2.16713;0.148;-8.11803;-12.3459;0.603955;1.73214
-12.7968;-6.05713;0.750804;0.337185;0.016;-12.9438;-5.89376;0.382845;1.76478
-10.0797;-8.27001;0.504451;2.03411;0.015;-10.0459;-8.33996;0.656498;0.299144
-14.305;-8.44208;0.627925;2.5309;0.017;-14.0731;-8.36554;0.685141;-1.40015
-11.6672;-10.0537;0.707541;-2.15992;0.009;-11.8886;-10.3254;0.67963;2.05021
-10.1268;-6.3679;0.682074;-0.358692;0.016;-10.8868;-5.7332;0.542206;-2.66709
-9.19668;-6.00073;0.676734;1.27906;0.016;-10.1268;-6.3679;0.682074;-0.358692
-8.23428;-5.7301;0.653263;0.0203092;0.016;-9.19668;-6.00073;0.676734;1.27906
-7.23459;-5.70949;0.638885;-2.26768;0.016;-8.23428;-5.7301;0.653263;0.0203092
-13.7223;-10.1206;0.491449;-1.33754;0.014;-13.6377;-10.0275;0.653763;1.11425
-6.23563;-5.66406;0.639029;3.12212;0.016;-7.23459;-5.70949;0.638885;-2.26768
-11.342;-11.4813;0.163773;-2.92639;0.115;-11.9974;-11.7073;0.56891;-0.41463
-12.2982;-6.31551;0.467928;2.79978;0.017;-12.7968;-6.05713;0.750804;0.337185
-7.02512;-6.64388;0.350728;2.71111;0.016;-7.23459;-5.70949;0.638885;-2.26768
-6.46668;-7.46596;0.461803;-2.87261;0.016;-7.02512;-6.64388;0.350728;2.71111
-11.4726;-7.81703;0.503222;-0.541798;0.015;-11.4949;-7.82502;0.532788;-1.05334
-11.6797;-5.94897;0.651378;-0.461093;0.016;-11.7813;-5.47867;0.174589;-1.71679
-14.5984;-9.82969;0.417473;2.30462;0;-14.464;-9.89535;0.26357;1.95679
-7.2651;-5.85071;0.461137;-2.6805;0.016;-7.23459;-5.70949;0.638885;-2.26768
-8.61024;-6.45684;0.41187;-2.19527;0.016;-9.19668;-6.00073;0.676734;1.27906
-8.40046;-6.23949;0.575364;1.04993;0.016;-8.61024;-6.45684;0.41187;-2.19527
-9.30703;-5.81161;0.417287;1.98214;0.016;-9.19668;-6.00073;0.676734;1.27906
-10.4551;-5.83387;0.152274;0.414057;0.016;-10.8868;-5.7332;0.542206;-2.66709
-10.4107;-12.5163;0.567972;-2.30452;0.153;-10.4094;-12.4464;0.770339;1.75271
-13.3456;-6.40688;0.350073;-2.75789;0.016;-13.6656;-6.07569;0.292552;0.359173
-10.518;-8.30417;0.52888;1.86164;0.037;-10.4901;-8.72121;0.425129;-1.45555
-7.33612;-7.93475;0.305868;2.93531;0.016;-6.46668;-7.46596;0.461803;-2.87261
-8.61452;-11.7985;0.761686;2.77103;0.269;-8.70436;-11.7369;0.68228;0.915768
-7.98769;-8.68703;0.403418;-2.17825;0.016;-7.33612;-7.93475;0.305868;2.93531
-5.61399;-6.39923;0.36869;-0.719616;0.016;-6.23563;-5.66406;0.639029;3.12212
-6.53631;-7.46863;0.263791;1.53095;0.016;-6.46668;-7.46596;0.461803;-2.87261
-9.9362;-10.2121;0.695864;0.0143602;0.015;-9.91193;-10.0205;0.423335;-0.08978
-8.17244;-8.57483;0.549003;0.290664;0.016;-7.98769;-8.68703;0.403418;-2.17825
-5.87312;-8.26984;0.423603;1.80852;0.016;-6.46668;-7.46596;0.461803;-2.87261
-7.06716;-5.91718;0.490423;1.74312;0.016;-7.2651;-5.85071;0.461137;-2.6805
-13.6095;-8.01599;0.690425;1.87099;0.017;-13.5406;-8.10068;0.7164;1.70109
-8.96171;-6.34699;0.5061;1.08655;0.016;-8.61024;-6.45684;0.41187;-2.19527
-8.98543;-5.8171;0.322648;-1.94164;0.016;-9.30703;-5.81161;0.417287;1.98214
-13.6251;-11.7102;0.48268;1.20475;0.152;-13.5662;-11.7419;0.709263;0.614505
-7.06711;-6.34718;0.478405;2.31738;0.016;-7.02512;-6.64388;0.350728;2.71111
-7.98211;-6.41482;0.264949;2.87367;0.016;-8.40046;-6.23949;0.575364;1.04993
-10.0745;-9.68862;0.177672;-0.515757;0.015;-10.0587;-9.44771;0.240045;-0.0516031
-12.4472;-5.91088;0.67862;-0.452594;0.016;-12.7968;-6.05713;0.750804;0.337185
-13.1842;-10.2541;0.45284;-1.15758;0.002;-13.3445;-10.0785;0.243;-1.73165
-13.689;-11.77;0.541745;-3.11774;0.152;-13.6251;-11.7102;0.48268;1.20475
-12.1828;-12.3462;0.404033;2.84847;0.034;-12.2972;-12.1399;0.588751;1.27143
-13.8307;-7.02996;0.663215;1.36443;0.017;-14.2377;-7.08114;0.509537;0.294701
-7.75712;-5.85954;0.387828;-1.58454;0.016;-7.2651;-5.85071;0.461137;-2.6805
-13.7133;-9.67199;0.621009;-2.52296;0.028;-13.4913;-9.77002;0.764522;0.087759
-14.2247;-6.9725;0.317556;1.99204;0.017;-14.2377;-7.08114;0.509537;0.294701
-11.3909;-11.9585;0.284395;2.18254;0.118;-11.342;-11.4813;0.163773;-2.92639
-10.2621;-8.9809;0.551016;-2.94186;0.015;-10.0186;-8.88819;0.616396;-0.352598
-9.16065;-12.2231;0.591623;0.652911;0.148;-9.05923;-12.2514;0.653783;-1.30123
-8.43899;-9.22327;0.333816;-3.01428;0.016;-7.98769;-8.68703;0.403418;-2.17825
-14.5182;-9.78222;0.650038;1.85485;0;-14.375;-9.7161;0.778115;0.0983333
-11.4411;-10.2802;0.319104;-1.84472;0.033;-11.3032;-10.362;0.335627;-0.740815
-7.04796;-8.25554;0.37725;-0.823314;0.016;-7.33612;-7.93475;0.305868;2.93531
-12.2679;-11.7718;0.405743;-2.37738;0.09;-11.9974;-11.7073;0.56891;-0.41463
-5.78159;-6.30239;0.777497;0.546019;0.016;-5.61399;-6.39923;0.36869;-0.719616
-7.33832;-8.40015;0.71923;-2.449;0.016;-7.04796;-8.25554;0.37725;-0.823314
-8.63178;-7.72112;0.303706;1.01985;0.016;-8.17244;-8.57483;0.549003;0.290664
-13.8568;-9.74758;0.605967;-2.74973;0.028;-13.7133;-9.67199;0.621009;-2.52296
-8.54162;-9.52431;0.608159;2.03065;0.016;-8.43899;-9.22327;0.333816;-3.01428
-13.5841;-9.78144;0.42594;0.776995;0.035;-13.7133;-9.67199;0.621009;-2.52296
-10.0402;-9.13152;0.357628;2.58124;0.015;-10.2621;-8.9809;0.551016;-2.94186
-12.92;-12.5037;0.564877;1.39675;0.009;-13.1681;-12.5941;0.785177;2.45424
-14.3151;-6.67553;0.311082;1.80629;0.017;-14.2164;-6.72194;0.464203;-0.67334
-7.07588;-5.7109;0.682266;-0.204204;0.016;-7.23459;-5.70949;0.638885;-2.26768
-11.1104;-7.72465;0.800327;1.7577;0.015;-11.4726;-7.81703;0.503222;-0.541798
-10.0713;-11.4685;0.173958;-1.1334;0.148;-9.72761;-11.4859;0.458991;-0.803026
-11.4514;-8.36041;0.484458;-3.06647;0.015;-11.7948;-8.22696;0.6333;-0.924567
-12.3779;-10.3306;0.592085;0.850007;0.024;-12.4037;-10.32;0.440026;-1.27126
-9.89334;-5.81592;0.784757;-1.18762;0.016;-10.1268;-6.3679;0.682074;-0.358692
-7.74426;-10.0662;0.342464;-1.63327;0.016;-8.54162;-9.52431;0.608159;2.03065
-7.36679;-10.4658;0.688293;-1.51254;0.016;-7.74426;-10.0662;0.342464;-1.63327
-13.5603;-12.1868;0.608875;3.13175;0;-13.3349;-12.278;0.545566;1.91984
-8.49586;-9.98143;0.170553;-2.44975;0.016;-8.54162;-9.52431;0.608159;2.03065
-11.6173;-8.24255;0.632104;-0.264421;0.015;-11.7948;-8.22696;0.6333;-0.924567
-10.9339;-10.5249;0.670417;-2.59685;0.017;-11.0977;-10.4806;0.514782;2.94759
-14.404;-12.1049;0.478903;-2.80099;0;-14.3239;-12.3043;0.690827;1.25955
-6.48001;-10.914;0.575347;1.9748;0.016;-7.36679;-10.4658;0.688293;-1.51254
-8.32469;-9.89966;0.672159;2.78029;0.016;-8.54162;-9.52431;0.608159;2.03065
-12.4765;-9.5385;0.497796;0.272089;0.028;-12.8841;-9.55203;0.565862;0.953302
-12.8529;-10.1452;0.395244;2.62754;0.002;-13.1842;-10.2541;0.45284;-1.15758
-7.78379;-8.80334;0.799442;-1.15949;0.016;-7.98769;-8.68703;0.403418;-2.17825
-6.17399;-6.27308;0.207429;-1.71472;0.016;-5.61399;-6.39923;0.36869;-0.719616
-14.0179;-6.26542;0.643464;-0.506599;0.016;-14.0943;-6.37725;0.714132;-1.61405
-9.04492;-5.77367;0.803979;-0.255972;0.016;-9.19668;-6.00073;0.676734;1.27906
-8.02028;-6.02036;0.836919;-0.267607;0.016;-8.23428;-5.7301;0.653263;0.0203092
-14.1803;-6.55976;0.736417;1.90796;0.016;-14.0943;-6.37725;0.714132;-1.61405
-6.37099;-10.3825;0.455465;-0.560061;0.016;-6.48001;-10.914;0.575347;1.9748
-12.1256;-6.16591;0.267265;-0.51336;0.017;-12.2982;-6.31551;0.467928;2.79978
-10.8054;-5.69731;0.737012;2.80461;0.016;-10.8868;-5.7332;0.542206;-2.66709
-6.0956;-11.3607;0.777848;0.468331;0.016;-6.48001;-10.914;0.575347;1.9748
-10.19;-5.81328;0.519409;2.4897;0.016;-9.89334;-5.81592;0.784757;-1.18762
-5.09672;-11.3718;0.731816;-0.372062;0.016;-6.0956;-11.3607;0.777848;0.468331
-4.09742;-11.3367;0.718629;2.40111;0.016;-5.09672;-11.3718;0.731816;-0.372062
-9.07948;-11.9938;0.240672;1.26758;0.148;-8.86234;-11.8491;0.334206;0.202495
-6.07089;-10.9324;0.280574;-2.75111;0.016;-6.48001;-10.914;0.575347;1.9748
-13.8089;-5.91121;0.700982;0.668458;0.016;-13.888;-5.80587;0.35642;1.64504
-10.2166;-7.8301;0.75976;0.600412;0.015;-10.6261;-7.76449;0.788516;-0.34868
-12.5125;-12.0842;0.849826;2.97194;0.026;-12.2972;-12.1399;0.588751;1.27143
-14.5783;-11.8223;0.71292;0.788751;0.02;-14.404;-12.1049;0.478903;-2.80099
-4.10071;-10.388;0.40242;1.40753;0.016;-4.09742;-11.3367;0.718629;2.40111
-6.80657;-6.12901;0.786684;-1.00646;0.016;-7.06716;-5.91718;0.490423;1.74312
-10.3184;-12.0383;0.593419;1.20208;0.077;-9.9969;-11.9453;0.355658;0.757581
-13.3703;-8.27748;0.729124;2.5934;0.016;-13.5406;-8.10068;0.7164;1.70109
-11.4258;-7.94007;0.775428;-3.02048;0.015;-11.4949;-7.82502;0.532788;-1.05334
-3.83139;-11.7547;0.843485;2.00033;0.016;-4.09742;-11.3367;0.718629;2.40111
-11.7999;-6.02235;0.152242;2.50224;0.018;-12.1256;-6.16591;0.267265;-0.51336
-5.81879;-7.69262;0.246427;-0.860749;0.016;-5.87312;-8.26984;0.423603;1.80852
-6.66343;-7.30167;0.525276;-3.10544;0.016;-6.46668;-7.46596;0.461803;-2.87261
-7.8459;-7.67835;0.522843;-0.95852;0.016;-7.33612;-7.93475;0.305868;2.93531
-4.63803;-12.345;0.814426;-2.87212;0.016;-3.83139;-11.7547;0.843485;2.00033
-12.25;-12.4844;0.667069;-2.93257;0.034;-12.1828;-12.3462;0.404033;2.84847
-8.4787;-8.09134;0.574073;-2.15005;0.016;-8.63178;-7.72112;0.303706;1.01985
-9.95354;-9.93644;0.690541;-2.93898;0.015;-9.96108;-9.74767;0.595619;-1.84694
-14.1954;-6.90844;0.782452;-2.33647;0.016;-14.2023;-6.83479;0.819294;-1.57635
-3.56415;-9.55456;0.534412;-1.99702;0.016;-4.10071;-10.388;0.40242;1.40753
-10.4954;-12.4765;0.818548;0.479918;0.153;-10.4094;-12.4464;0.770339;1.75271
-11.1441;-6.16637;0.163496;2.67254;0.016;-10.8868;-5.7332;0.542206;-2.66709
-13.309;-8.29072;0.713849;-0.269884;0.016;-13.3703;-8.27748;0.729124;2.5934
-7.62533;-5.95419;0.418038;0.0620225;0.016;-7.75712;-5.85954;0.387828;-1.58454
-9.2953;-11.8327;0.203627;-1.88896;0.148;-9.07948;-11.9938;0.240672;1.26758
-8.91457;-5.87047;0.653003;1.47144;0.016;-9.04492;-5.77367;0.803979;-0.255972
-14.2013;-10.4619;0.674295;2.17666;0;-14.4229;-10.234;0.780769;2.4055
-3.67211;-8.83922;0.789759;2.88788;0.016;-3.56415;-9.55456;0.534412;-1.99702
-2.78557;-8.37729;0.764004;0.758452;0.016;-3.67211;-8.83922;0.789759;2.88788
-1.91344;-7.88802;0.763133;-2.17366;0.016;-2.78557;-8.37729;0.764004;0.758452
-5.97312;-11.3434;0.41441;-2.38033;0.016;-6.0956;-11.3607;0.777848;0.468331
-13.6932;-5.90419;0.374279;-0.0927081;0.016;-13.6656;-6.07569;0.292552;0.359173
-6.24534;-12.3026;0.338189;1.62719;0.016;-5.97312;-11.3434;0.41441;-2.38033
-13.8993;-6.68818;0.258413;1.29968;0.016;-13.884;-6.48886;0.480622;-2.34399
-10.0073;-8.702;0.462193;1.98274;0.015;-9.97467;-8.64126;0.688038;1.75132
-11.6289;-6.40577;0.636466;-0.0187586;0.016;-11.6797;-5.94897;0.651378;-0.461093
-13.7372;-9.88826;0.7552;-1.57601;0.015;-13.6377;-10.0275;0.653763;1.11425
-5.52795;-12.5544;0.624653;-2.63255;0.016;-6.24534;-12.3026;0.338189;1.62719
-7.70417;-9.65279;0.830786;1.4152;0.016;-7.74426;-10.0662;0.342464;-1.63327
-5.76668;-7.72024;0.300178;-2.83608;0.016;-5.81879;-7.69262;0.246427;-0.860749
-10.6975;-6.06914;0.437586;-1.20554;0.016;-10.8868;-5.7332;0.542206;-2.66709
-3.06411;-8.42943;0.332154;-3.00406;0.016;-2.78557;-8.37729;0.764004;0.758452
-13.4059;-6.23523;0.258466;2.01296;0.017;-13.3456;-6.40688;0.350073;-2.75789
-6.79989;-6.21789;0.515056;-2.39458;0.016;-6.80657;-6.12901;0.786684;-1.00646
-13.647;-11.2219;0.263879;-0.581986;0.324;-13.6251;-11.7102;0.48268;1.20475
-9.91503;-12.2128;0.445642;-2.57057;0.083;-9.9969;-11.9453;0.355658;0.757581
-6.36036;-6.15096;0.786326;-1.21734;0.016;-6.80657;-6.12901;0.786684;-1.00646
-8.23579;-9.80954;0.779575;0.704195;0.016;-8.32469;-9.89966;0.672159;2.78029
-11.6;-5.47667;0.360252;-2.08209;0.016;-11.7813;-5.47867;0.174589;-1.71679
-8.73176;-5.88883;0.214517;-2.0237;0.016;-8.98543;-5.8171;0.322648;-1.94164
-14.6305;-10.8765;0.354984;2.50049;0.022;-14.5589;-10.5515;0.3835;0.98339
-3.22327;-8.58717;0.829272;-1.15114;0.016;-2.78557;-8.37729;0.764004;0.758452
-6.3373;-10.936;0.479724;-1.35692;0.016;-6.48001;-10.914;0.575347;1.9748
-6.20649;-11.7929;0.511776;-0.406315;0.016;-5.97312;-11.3434;0.41441;-2.38033
-7.51552;-10.1635;0.635397;1.31234;0.016;-7.36679;-10.4658;0.688293;-1.51254
-6.17124;-6.10062;0.152637;2.93446;0.016;-6.17399;-6.27308;0.207429;-1.71472
-11.7461;-10.0561;0.749898;-1.38387;0.018;-11.6672;-10.0537;0.707541;-2.15992
-8.83868;-11.9408;0.778176;1.23131;0.148;-8.70436;-11.7369;0.68228;0.915768
-10.2556;-11.832;0.455049;-0.658352;0.077;-10.3184;-12.0383;0.593419;1.20208
-8.88799;-12.3857;0.680772;-0.216978;0.148;-8.93072;-12.3671;0.597633;3.03774
-5.87275;-7.34393;0.531393;-1.62;0.016;-5.81879;-7.69262;0.246427;-0.860749
-4.06636;-8.55867;0.835474;1.38265;0.016;-3.67211;-8.83922;0.789759;2.88788
-7.79977;-8.61423;0.187475;0.742127;0.016;-7.98769;-8.68703;0.403418;-2.17825
-4.30895;-8.58877;0.336332;2.88399;0.016;-4.06636;-8.55867;0.835474;1.38265
-10.2648;-9.88075;0.635256;2.91954;0.015;-10.3572;-10.039;0.824366;-1.37495
-9.11524;-12.1618;0.220209;1.9379;0.15;-9.07948;-11.9938;0.240672;1.26758
-11.4362;-10.1112;0.448559;-0.0517094;0.017;-11.4343;-9.98104;0.446031;0.189088
-11.5258;-7.75552;0.580289;2.90643;0.015;-11.4949;-7.82502;0.532788;-1.05334
-4.52015;-8.14903;0.249796;1.92617;0.016;-4.30895;-8.58877;0.336332;2.88399
-7.50432;-10.1735;0.72827;1.55013;0.016;-7.51552;-10.1635;0.635397;1.31234
-6.53797;-10.7826;0.79697;2.86104;0.016;-6.48001;-10.914;0.575347;1.9748
-13.5404;-7.76166;0.422164;-2.99662;0.016;-13.6687;-8.06683;0.592707;1.03623
-10.5393;-8.89435;0.843759;-0.4029;0.015;-10.2621;-8.9809;0.551016;-2.94186
-4.05866;-11.9497;0.236664;-2.94957;0.016;-3.83139;-11.7547;0.843485;2.00033
-6.61923;-10.6731;0.783065;-1.37633;0.016;-6.53797;-10.7826;0.79697;2.86104
-4.52393;-11.7589;0.25121;1.9997;0.016;-4.05866;-11.9497;0.236664;-2.94957
-6.00377;-11.0519;0.5623;-1.44168;0.016;-6.07089;-10.9324;0.280574;-2.75111
-6.39352;-5.74482;0.545415;2.57309;0.016;-6.23563;-5.66406;0.639029;3.12212
-11.4236;-12.3205;0.532752;2.39895;0.162;-11.3909;-11.9585;0.284395;2.18254
-6.8487;-6.05123;0.794292;-1.77174;0.016;-6.80657;-6.12901;0.786684;-1.00646
-11.1701;-10.061;0.702436;1.25915;0.015;-11.057;-10.0482;0.800179;-0.548616
-4.47466;-9.74802;0.181109;-0.734821;0.016;-4.10071;-10.388;0.40242;1.40753
-13.9261;-12.283;0.190143;1.20106;0.01;-14.027;-12.2697;0.176378;1.61471
-13.6715;-12.0402;0.188261;-1.64252;0.01;-13.9261;-12.283;0.190143;1.20106
-14.5276;-12.2845;0.313089;-0.207183;0.058;-14.404;-12.1049;0.478903;-2.80099
-6.95795;-10.4013;0.272075;-1.2236;0.016;-7.36679;-10.4658;0.688293;-1.51254
-8.50256;-5.83063;0.430234;-0.810791;0.016;-8.73176;-5.88883;0.214517;-2.0237
-4.48727;-9.04333;0.623804;1.66296;0.016;-4.30895;-8.58877;0.336332;2.88399
-3.12556;-7.86718;0.539035;1.78313;0.016;-3.06411;-8.42943;0.332154;-3.00406
-7.62419;-10.599;0.222175;0.538999;0.016;-7.36679;-10.4658;0.688293;-1.51254
-2.14951;-9.14823;0.797129;-0.436562;0.016;-2.78557;-8.37729;0.764004;0.758452
-6.34098;-8.03855;0.651462;-3.01162;0.016;-5.87312;-8.26984;0.423603;1.80852
-12.8989;-5.95276;0.730037;0.991695;0.016;-12.7968;-6.05713;0.750804;0.337185
-6.39261;-10.1042;0.741016;2.19042;0.016;-6.37099;-10.3825;0.455465;-0.560061
-3.76179;-11.8805;0.555988;-2.01746;0.016;-3.83139;-11.7547;0.843485;2.00033
-10.813;-10.1601;0.775115;-0.902036;0.019;-10.7744;-9.9068;0.705016;1.605
-12.5212;-7.60536;0.186254;0.759228;0.015;-12.5486;-7.87411;0.680515;-1.95931
-10.0921;-9.22279;0.263204;-0.80682;0.015;-10.0402;-9.13152;0.357628;2.58124
-6.03917;-6.91293;0.403568;0.053072;0.016;-5.87275;-7.34393;0.531393;-1.62
-13.6465;-10.004;0.512406;-0.133608;0.037;-13.7223;-10.1206;0.491449;-1.33754
-10.2388;-12.4008;0.347349;-1.79094;0.076;-10.2109;-12.4689;0.471471;1.81457
-14.5128;-10.7885;0.50881;2.74377;0.022;-14.6305;-10.8765;0.354984;2.50049
-4.35818;-11.9094;0.470092;2.86318;0.016;-4.52393;-11.7589;0.25121;1.9997
-6.81041;-10.6852;0.772021;2.1111;0.016;-6.61923;-10.6731;0.783065;-1.37633
-13.4153;-11.787;0.515639;-0.100274;0.306;-13.6251;-11.7102;0.48268;1.20475
-4.43853;-9.28293;0.547425;2.08034;0.016;-4.48727;-9.04333;0.623804;1.66296
-13.8704;-7.92793;0.736815;2.95012;0.016;-14.0173;-7.69234;0.725817;-2.97138
-6.15266;-10.2079;0.806368;-0.661494;0.016;-6.39261;-10.1042;0.741016;2.19042
-1.58363;-9.97073;0.740044;-1.51148;0.016;-2.14951;-9.14823;0.797129;-0.436562
-4.34314;-10.0369;0.50774;0.180424;0.016;-4.10071;-10.388;0.40242;1.40753
-12.2111;-9.66019;0.686855;2.863;0.028;-12.4765;-9.5385;0.497796;0.272089
-6.85601;-7.92507;0.705528;-2.76411;0.016;-7.04796;-8.25554;0.37725;-0.823314
-3.49077;-8.50871;0.750829;-1.26308;0.016;-3.22327;-8.58717;0.829272;-1.15114
-13.5191;-11.9547;0.329477;1.41025;0.01;-13.6715;-12.0402;0.188261;-1.64252
-11.0444;-6.32663;0.273937;1.16451;0.016;-11.1441;-6.16637;0.163496;2.67254
-7.53334;-10.5471;0.627815;3.08767;0.016;-7.36679;-10.4658;0.688293;-1.51254
-9.71632;-12.1519;0.544976;-1.74129;0.083;-9.91503;-12.2128;0.445642;-2.57057
-9.44178;-6.14235;0.627217;-2.52887;0.016;-9.19668;-6.00073;0.676734;1.27906
-12.2769;-10.4221;0.206401;0.043081;0.025;-12.3478;-10.427;0.196991;2.57867
-13.9311;-11.3906;0.770562;-2.17238;0;-13.5689;-11.2974;0.851232;0.140008
-8.1144;-5.97949;0.795623;-2.91349;0.016;-8.02028;-6.02036;0.836919;-0.267607
-4.25579;-9.85647;0.210303;0.725011;0.016;-4.47466;-9.74802;0.181109;-0.734821
-5.92459;-12.4604;0.405397;2.11063;0.016;-6.24534;-12.3026;0.338189;1.62719
-11.4436;-12.2903;0.326131;1.05143;0.193;-11.4236;-12.3205;0.532752;2.39895
-4.46983;-9.7311;0.383318;-3.1177;0.016;-4.47466;-9.74802;0.181109;-0.734821
-13.0501;-12.5399;0.551709;2.09308;0.009;-12.92;-12.5037;0.564877;1.39675
-11.6208;-6.09771;0.533932;-2.45837;0.016;-11.6797;-5.94897;0.651378;-0.461093
-1.62085;-9.95272;0.193351;3.03715;0.016;-1.58363;-9.97073;0.740044;-1.51148
-5.73917;-6.17626;0.507726;-1.41256;0.016;-5.61399;-6.39923;0.36869;-0.719616
-2.37441;-8.85802;0.469091;-1.62374;0.016;-2.14951;-9.14823;0.797129;-0.436562
-7.75794;-9.97606;0.755025;1.52508;0.016;-7.50432;-10.1735;0.72827;1.55013
-7.051;-8.1818;0.377739;-0.604734;0.016;-7.04796;-8.25554;0.37725;-0.823314
-2.20923;-10.7443;0.776733;1.93828;0.016;-1.58363;-9.97073;0.740044;-1.51148
-1.74711;-9.31303;0.482576;0.930196;0.016;-2.14951;-9.14823;0.797129;-0.436562
-13.8334;-7.65986;0.719707;-1.58814;0.016;-14.0173;-7.69234;0.725817;-2.97138
-4.31049;-8.91905;0.267059;-2.11529;0.016;-4.30895;-8.58877;0.336332;2.88399
-10.4591;-9.00398;0.167736;1.68826;0.037;-10.4901;-8.72121;0.425129;-1.45555
-1.87344;-10.1731;0.210867;0.817341;0.016;-1.62085;-9.95272;0.193351;3.03715
-1.38864;-11.2766;0.568469;-1.12447;0.016;-2.20923;-10.7443;0.776733;1.93828
-12.8322;-7.97476;0.54162;-1.8133;0.015;-13.0163;-7.82065;0.717187;-1.86425
-10.9043;-8.31717;0.437102;-1.73867;0.05;-10.518;-8.30417;0.52888;1.86164
-1.62693;-10.2913;0.296238;-2.87545;0.016;-1.87344;-10.1731;0.210867;0.817341
-14.5442;-5.67945;0.454779;-0.351491;0.016;-13.888;-5.80587;0.35642;1.64504
-7.67919;-10.1012;0.505788;-2.86663;0.016;-7.74426;-10.0662;0.342464;-1.63327
-0.38914;-11.2981;0.545479;0.516547;0.016;-1.38864;-11.2766;0.568469;-1.12447
-12.8218;-11.6172;0.664801;0.657748;0.216;-12.6397;-11.6089;0.48038;-0.345229
-9.33121;-12.569;0.578955;-2.87436;0.248;-9.45385;-12.5295;0.795183;-2.53707
-6.78625;-8.18943;0.457023;-0.101802;0.016;-7.051;-8.1818;0.377739;-0.604734
-1.39848;-12.2624;0.735686;-1.28007;0.016;-1.38864;-11.2766;0.568469;-1.12447
-6.21464;-5.83695;0.262267;-2.89129;0.016;-6.17124;-6.10062;0.152637;2.93446
-14.4504;-10.6664;0.757656;1.57175;0;-14.563;-10.6553;0.820221;1.14078
-14.0239;-10.3342;0.749213;1.31393;0;-14.2013;-10.4619;0.674295;2.17666
-4.13318;-10.6765;0.686614;-3.00348;0.016;-4.10071;-10.388;0.40242;1.40753
0.474536;-10.7945;0.566395;1.66575;0.016;-0.38914;-11.2981;0.545479;0.516547
-13.2986;-9.96935;0.240966;2.76369;0.002;-13.3445;-10.0785;0.243;-1.73165
-7.30167;-5.83607;0.61933;2.60414;0.016;-7.23459;-5.70949;0.638885;-2.26768
-6.65067;-5.99288;0.407915;-1.54397;0.016;-6.79989;-6.21789;0.515056;-2.39458
-13.095;-10.2554;0.32204;-1.29157;0.002;-13.1842;-10.2541;0.45284;-1.15758
-9.65097;-6.39512;0.575872;2.731;0.016;-9.44178;-6.14235;0.627217;-2.52887
-4.14744;-10.1632;0.355133;0.738501;0.016;-4.10071;-10.388;0.40242;1.40753
-2.21772;-10.0865;0.500375;-1.26615;0.016;-1.87344;-10.1731;0.210867;0.817341
-1.33863;-11.6945;0.809032;-0.975259;0.016;-1.38864;-11.2766;0.568469;-1.12447
-12.1993;-6.45376;0.47525;2.06654;0.018;-12.2982;-6.31551;0.467928;2.79978
-8.25557;-6.21716;0.395714;-1.94615;0.016;-8.40046;-6.23949;0.575364;1.04993
-6.27838;-6.9691;0.810312;0.932532;0.016;-6.03917;-6.91293;0.403568;0.053072
-11.1077;-8.1306;0.655873;2.3625;0.05;-10.9043;-8.31717;0.437102;-1.73867
-13.5224;-8.0965;0.262042;-2.84955;0.016;-13.6687;-8.06683;0.592707;1.03623
-12.0247;-6.02573;0.221891;-1.26463;0.017;-12.1256;-6.16591;0.267265;-0.51336
-11.1899;-12.0799;0.395393;2.26299;0.138;-11.3909;-11.9585;0.284395;2.18254
-10.125;-8.08533;0.791959;2.46045;0.015;-10.2166;-7.8301;0.75976;0.600412
-11.4734;-9.5692;0.693651;-1.14396;0.03;-11.1601;-9.64257;0.625303;-1.02824
-14.3621;-7.49801;0.540935;-0.188425;0.016;-14.2219;-7.36891;0.732323;-1.99303
-7.81608;-9.1307;0.617054;-0.189126;0.016;-7.78379;-8.80334;0.799442;-1.15949
-10.2687;-9.46506;0.414379;-0.89106;0.015;-10.0587;-9.44771;0.240045;-0.0516031
-9.81375;-8.81457;0.722282;1.0042;0.015;-9.97467;-8.64126;0.688038;1.75132
-10.4794;-11.8904;0.403184;0.479629;0.077;-10.2556;-11.832;0.455049;-0.658352
-9.8691;-10.1421;0.81845;-0.428508;0.015;-9.9362;-10.2121;0.695864;0.0143602
-12.7686;-11.8092;0.405044;-1.58821;0.141;-12.6397;-11.6089;0.48038;-0.345229
0.275795;-10.1815;0.199942;2.34224;0.016;0.474536;-10.7945;0.566395;1.66575
-14.0028;-8.4655;0.304651;-2.25359;0.017;-14.0731;-8.36554;0.685141;-1.40015
0.199877;-12.0751;0.323149;-0.274749;0.016;-0.38914;-11.2981;0.545479;0.516547
-3.99067;-9.12624;0.178568;-1.22233;0.016;-4.31049;-8.91905;0.267059;-2.11529
-10.9703;-6.62637;0.674593;2.6621;0.016;-11.0444;-6.32663;0.273937;1.16451
-8.32783;-7.6529;0.75887;-2.42881;0.016;-8.4787;-8.09134;0.574073;-2.15005
-12.4832;-7.60492;0.232476;-1.37356;0.015;-12.5212;-7.60536;0.186254;0.759228
-10.0531;-10.2614;0.800423;-0.725422;0.015;-9.9362;-10.2121;0.695864;0.0143602
-14.0826;-11.6393;0.591146;1.61619;0;-13.9311;-11.3906;0.770562;-2.17238
-4.36546;-7.66567;0.246024;1.3615;0.016;-4.52015;-8.14903;0.249796;1.92617
-2.19016;-10.7627;0.431482;2.9826;0.016;-2.20923;-10.7443;0.776733;1.93828
-6.09151;-11.3224;0.837079;3.10271;0.016;-6.0956;-11.3607;0.777848;0.468331
-0.613066;-11.376;0.227813;2.12934;0.016;-0.38914;-11.2981;0.545479;0.516547
-5.77051;-7.41111;0.274097;2.88214;0.016;-5.87275;-7.34393;0.531393;-1.62
-4.41315;-7.70647;0.383433;-2.9636;0.016;-4.36546;-7.66567;0.246024;1.3615
-1.78349;-12.4648;0.431552;-2.79766;0.016;-1.39848;-12.2624;0.735686;-1.28007
-8.31843;-8.67383;0.151016;-2.2053;0.016;-7.98769;-8.68703;0.403418;-2.17825
-14.482;-8.26219;0.724239;-0.338223;0.017;-14.305;-8.44208;0.627925;2.5309
-1.90292;-11.9998;0.411349;2.03665;0.016;-1.78349;-12.4648;0.431552;-2.79766
-6.01835;-11.6861;0.718988;-2.35664;0.016;-6.20649;-11.7929;0.511776;-0.406315
-1.69397;-8.58743;0.389524;0.636733;0.016;-1.74711;-9.31303;0.482576;0.930196
-4.21011;-8.44351;0.189004;1.68764;0.016;-4.30895;-8.58877;0.336332;2.88399
-6.83214;-7.44343;0.410968;2.98954;0.016;-6.66343;-7.30167;0.525276;-3.10544
-2.43837;-8.13807;0.367368;2.7556;0.016;-2.78557;-8.37729;0.764004;0.758452
-6.92733;-6.6163;0.510532;-2.17315;0.016;-7.02512;-6.64388;0.350728;2.71111
-12.1691;-5.92012;0.599224;2.32222;0.017;-12.4472;-5.91088;0.67862;-0.452594
-14.0059;-8.25082;0.628353;-0.420852;0.017;-14.0731;-8.36554;0.685141;-1.40015
-6.91618;-5.81291;0.709758;0.299545;0.016;-7.07588;-5.7109;0.682266;-0.204204
-0.171357;-11.1936;0.714731;-1.87117;0.016;-0.38914;-11.2981;0.545479;0.516547
-6.60112;-10.5038;0.373664;-3.11403;0.016;-6.37099;-10.3825;0.455465;-0.560061
-6.19182;-12.2819;0.39594;-0.0348668;0.016;-6.24534;-12.3026;0.338189;1.62719
0.0225529;-11.7235;0.239975;-0.966551;0.016;0.199877;-12.0751;0.323149;-0.274749
-11.5419;-8.00859;0.181243;-0.738392;0.015;-11.4726;-7.81703;0.503222;-0.541798
-6.07926;-11.0167;0.297558;-2.75237;0.016;-6.07089;-10.9324;0.280574;-2.75111
-6.55005;-10.5976;0.46139;-1.52075;0.016;-6.60112;-10.5038;0.373664;-3.11403
-3.88949;-9.94878;0.753345;2.62182;0.016;-4.14744;-10.1632;0.355133;0.738501
-10.3869;-6.22373;0.563338;-0.599351;0.016;-10.1268;-6.3679;0.682074;-0.358692
-9.42558;-6.2869;0.696909;2.50036;0.016;-9.44178;-6.14235;0.627217;-2.52887
-9.78409;-11.5011;0.46807;0.715721;0.148;-9.72761;-11.4859;0.458991;-0.803026
-7.96171;-11.9297;0.702154;-2.17678;0.148;-7.98267;-11.7155;0.496767;0.449692
-13.3831;-6.78291;0.699155;1.61057;0.017;-13.8307;-7.02996;0.663215;1.36443
-12.8078;-8.37002;0.242986;-0.286177;0.015;-12.8322;-7.97476;0.54162;-1.8133
-3.86264;-8.9336;0.201037;1.76397;0.016;-3.99067;-9.12624;0.178568;-1.22233
-3.63573;-12.1026;0.443789;2.28626;0.016;-3.76179;-11.8805;0.555988;-2.01746
-7.67753;-6.19148;0.347789;1.13556;0.016;-7.62533;-5.95419;0.418038;0.0620225
-3.95532;-11.0141;0.408865;2.98554;0.016;-4.09742;-11.3367;0.718629;2.40111
-12.8887;-6.0649;0.179142;-0.400254;0.016;-12.9438;-5.89376;0.382845;1.76478
-13.4359;-8.14618;0.809218;0.225968;0.016;-13.5406;-8.10068;0.7164;1.70109
-5.1663;-12.0287;0.53582;-1.75476;0.016;-5.52795;-12.5544;0.624653;-2.63255
-11.781;-10.3144;0.293993;2.66489;0.033;-11.4411;-10.2802;0.319104;-1.84472
-8.69097;-6.00402;0.81356;-0.478802;0.016;-8.91457;-5.87047;0.653003;1.47144
-8.22548;-11.9943;0.681713;-1.60844;0.148;-8.16323;-12.1571;0.643428;-0.181958
-11.9583;-6.49303;0.363128;0.573446;0.018;-12.1993;-6.45376;0.47525;2.06654
-10.4588;-10.1851;0.420283;-2.44846;0.015;-10.4725;-10.3455;0.44347;0.283168
-3.71414;-8.53691;0.210152;-0.720288;0.016;-3.86264;-8.9336;0.201037;1.76397
-3.88762;-8.76169;0.45072;-0.0718039;0.016;-3.86264;-8.9336;0.201037;1.76397
-3.99927;-8.87897;0.45475;-0.653724;0.016;-3.88762;-8.76169;0.45072;-0.0718039
-14.5628;-11.6355;0.250577;1.20852;0;-14.668;-11.9665;0.194417;-1.3522
-12.026;-6.1702;0.552205;-1.29025;0.017;-12.1691;-5.92012;0.599224;2.32222
0.583604;-9.23833;0.325563;-0.0987322;0.016;0.275795;-10.1815;0.199942;2.34224
-14.138;-6.53563;0.247038;1.02039;0.017;-14.3151;-6.67553;0.311082;1.80629
-9.49244;-5.78749;0.622758;-1.00787;0.016;-9.30703;-5.81161;0.417287;1.98214
-13.6283;-6.6164;0.650843;2.90375;0.017;-13.3831;-6.78291;0.699155;1.61057
-12.3682;-8.08284;0.21975;1.13119;0.015;-12.4832;-7.60492;0.232476;-1.37356
-9.89254;-11.5828;0.609784;-2.45071;0.284;-9.90133;-11.5232;0.778135;0.980901
0.30857;-8.46997;0.4931;-2.79587;0.016;0.583604;-9.23833;0.325563;-0.0987322
-11.3406;-5.68569;0.665066;-0.780538;0.016;-11.6797;-5.94897;0.651378;-0.461093
-13.4202;-11.7737;0.288988;-2.70399;0.01;-13.5191;-11.9547;0.329477;1.41025
1.0432;-7.79155;0.48533;-1.96391;0.016;0.30857;-8.46997;0.4931;-2.79587
2.03057;-7.63349;0.474116;0.711924;0.016;1.0432;-7.79155;0.48533;-1.96391
-13.7229;-5.74162;0.254332;1.75738;0.016;-13.6932;-5.90419;0.374279;-0.0927081
2.98677;-7.8904;0.614407;-0.48693;0.016;2.03057;-7.63349;0.474116;0.711924
-8.05105;-10.5323;0.363085;2.64611;0.016;-7.62419;-10.599;0.222175;0.538999
3.43;-6.99405;0.604302;1.26858;0.016;2.98677;-7.8904;0.614407;-0.48693
4.41685;-7.14959;0.648475;1.64209;0.016;3.43;-6.99405;0.604302;1.26858
3.48769;-5.99573;0.608847;-0.715631;0.016;3.43;-6.99405;0.604302;1.26858
-13.766;-11.5332;0.25305;-1.06788;0.164;-13.6251;-11.7102;0.48268;1.20475
-13.3367;-5.91251;0.360511;-0.520027;0.017;-13.4059;-6.23523;0.258466;2.01296
-8.35218;-10.6808;0.448861;2.8306;0.016;-8.05105;-10.5323;0.363085;2.64611
-7.64816;-9.55885;0.590157;-2.9429;0.016;-7.70417;-9.65279;0.830786;1.4152
3.77661;-5.03838;0.607017;1.15246;0.016;3.48769;-5.99573;0.608847;-0.715631
4.63826;-8.12477;0.650602;2.91195;0.024;4.41685;-7.14959;0.648475;1.64209
3.83817;-4.04041;0.590376;-0.584381;0.016;3.77661;-5.03838;0.607017;1.15246
-6.28058;-7.69843;0.580207;3.027;0.016;-6.46668;-7.46596;0.461803;-2.87261
4.04183;-4.20596;0.507028;-1.64681;0.016;3.83817;-4.04041;0.590376;-0.584381
3.17784;-4.19649;0.418312;0.878304;0.016;3.83817;-4.04041;0.590376;-0.584381
4.18363;-5.05366;0.263579;-0.922423;0.016;3.77661;-5.03838;0.607017;1.15246
-10.3069;-11.8163;0.541643;-2.4671;0.116;-10.2556;-11.832;0.455049;-0.658352
-14.4856;-7.08684;0.537783;2.27297;0.017;-14.2377;-7.08114;0.509537;0.294701
-10.0009;-12.1928;0.517348;0.192431;0.083;-9.91503;-12.2128;0.445642;-2.57057
-0.34219;-9.41085;0.570599;-1.94765;0.016;0.583604;-9.23833;0.325563;-0.0987322
4.59963;-5.43424;0.427951;0.418464;0.016;4.18363;-5.05366;0.263579;-0.922423
-4.01973;-9.0137;0.643563;0.16204;0.016;-3.99927;-8.87897;0.45475;-0.653724
-14.6285;-11.3741;0.64835;-0.169813;0.104;-14.7114;-11.1793;0.477945;-0.623558
-10.1868;-12.4038;0.208075;0.620659;0.076;-10.2388;-12.4008;0.347349;-1.79094
2.18965;-4.04424;0.400552;2.6011;0.016;3.17784;-4.19649;0.418312;0.878304
-13.8173;-6.52501;0.781637;1.40698;0.017;-13.6283;-6.6164;0.650843;2.90375
-0.555028;-10.2667;0.704259;1.42548;0.016;-0.34219;-9.41085;0.570599;-1.94765
-0.898595;-12.0504;0.73448;0.767716;0.016;-1.39848;-12.2624;0.735686;-1.28007
1.87986;-4.99454;0.431384;1.98187;0.016;2.18965;-4.04424;0.400552;2.6011
2.38961;-4.00933;0.697645;-1.18796;0.016;2.18965;-4.04424;0.400552;2.6011
-5.97191;-12.1348;0.610471;-2.92115;0.016;-6.19182;-12.2819;0.39594;-0.0348668
-9.785;-8.47926;0.265831;0.175377;0.015;-9.78704;-8.54817;0.392533;2.0063
-14.4615;-10.4725;0.261924;2.52011;0.022;-14.5589;-10.5515;0.3835;0.98339
-12.3439;-9.54798;0.492781;-1.69631;0.028;-12.4765;-9.5385;0.497796;0.272089
-3.7748;-11.7646;0.376712;2.43486;0.016;-3.76179;-11.8805;0.555988;-2.01746
3.5249;-4.40137;0.719394;-0.584131;0.016;3.83817;-4.04041;0.590376;-0.584381
-14.1403;-6.05813;0.489205;3.00616;0.016;-14.0179;-6.26542;0.643464;-0.506599
-2.42893;-10.0773;0.164998;-0.484182;0.016;-2.21772;-10.0865;0.500375;-1.26615
-1.94324;-12.1204;0.761874;-1.69406;0.016;-1.90292;-11.9998;0.411349;2.03665
-3.43308;-8.382;0.720567;-1.87977;0.016;-3.49077;-8.50871;0.750829;-1.26308
4.48918;-6.20326;0.609965;-0.934469;0.016;4.59963;-5.43424;0.427951;0.418464
-14.0437;-6.27596;0.702613;-0.292191;0.016;-14.0179;-6.26542;0.643464;-0.506599
-1.23102;-11.8982;0.639763;-1.95916;0.016;-1.33863;-11.6945;0.809032;-0.975259
-6.66514;-7.12027;0.657655;2.96136;0.016;-6.66343;-7.30167;0.525276;-3.10544
-14.4038;-8.11174;0.450412;-0.514465;0.018;-14.2552;-8.02463;0.214372;1.45309
-7.05735;-8.03825;0.522255;-0.394375;0.016;-7.051;-8.1818;0.377739;-0.604734
-4.44016;-7.71349;0.62765;0.0811491;0.016;-4.41315;-7.70647;0.383433;-2.9636
-4.63489;-12.5362;0.451735;-1.6255;0.016;-4.63803;-12.345;0.814426;-2.87212
-6.22889;-7.68588;0.439668;-3.02549;0.016;-6.28058;-7.69843;0.580207;3.027
-13.6102;-8.29116;0.164319;0.217614;0.016;-13.5224;-8.0965;0.262042;-2.84955
-6.14403;-11.8155;0.831256;-1.78389;0.016;-6.01835;-11.6861;0.718988;-2.35664
-5.81847;-12.5775;0.668261;-3.0889;0.016;-5.52795;-12.5544;0.624653;-2.63255
4.35105;-5.99231;0.638582;-1.83954;0.016;4.48918;-6.20326;0.609965;-0.934469
-11.9581;-12.0745;0.412312;0.35471;0.077;-11.9012;-12.2912;0.531835;2.99954
-4.06663;-12.6417;0.683413;-0.456912;0.016;-4.63489;-12.5362;0.451735;-1.6255
4.36721;-5.64685;0.179609;-0.0532756;0.016;4.59963;-5.43424;0.427951;0.418464
-12.5454;-12.3807;0.773316;-0.698239;0.026;-12.5775;-12.49;0.601663;-2.19179
-11.6606;-9.6459;0.766615;-1.70337;0.039;-11.4734;-9.5692;0.693651;-1.14396
-7.34802;-5.96531;0.443961;1.25241;0.016;-7.2651;-5.85071;0.461137;-2.6805
-8.14451;-12.0373;0.774196;-0.0853267;0.148;-8.22548;-11.9943;0.681713;-1.60844
-1.65377;-12.5574;0.735565;0.647966;0.016;-1.78349;-12.4648;0.431552;-2.79766
-0.259872;-11.0405;0.701468;2.10298;0.016;-0.171357;-11.1936;0.714731;-1.87117
-4.30068;-7.89409;0.726372;-0.435833;0.016;-4.44016;-7.71349;0.62765;0.0811491
-7.15371;-7.99979;0.551074;2.38177;0.016;-7.05735;-8.03825;0.522255;-0.394375
-4.46834;-10.2254;0.532211;2.62206;0.016;-4.34314;-10.0369;0.50774;0.180424
-12.0974;-11.8714;0.361183;-2.82282;0.101;-12.2679;-11.7718;0.405743;-2.37738
-5.67855;-11.5621;0.722487;0.464381;0.016;-6.01835;-11.6861;0.718988;-2.35664
4.60725;-7.79207;0.413137;2.89319;0.032;4.63826;-8.12477;0.650602;2.91195
-3.69054;-7.78025;0.468653;3.07283;0.016;-3.12556;-7.86718;0.539035;1.78313
-2.35621;-12.2534;0.562365;-1.63272;0.016;-1.94324;-12.1204;0.761874;-1.69406
-13.5178;-6.19676;0.456107;-2.94973;0.017;-13.4059;-6.23523;0.258466;2.01296
-8.18409;-11.6934;0.433279;1.72181;0.148;-7.98267;-11.7155;0.496767;0.449692
-0.0823577;-8.44627;0.475228;-1.72002;0.016;0.30857;-8.46997;0.4931;-2.79587
-10.2414;-9.29956;0.470446;2.05902;0.015;-10.2687;-9.46506;0.414379;-0.89106
0.0148558;-10.7776;0.451163;0.657285;0.016;-0.259872;-11.0405;0.701468;2.10298
-7.98736;-8.74408;0.540029;-1.61311;0.016;-7.98769;-8.68703;0.403418;-2.17825
-11.1029;-6.08181;0.534804;2.64288;0.016;-11.0444;-6.32663;0.273937;1.16451
-8.66618;-6.35829;0.232974;-2.73652;0.016;-8.61024;-6.45684;0.41187;-2.19527
-8.60587;-9.27487;0.660101;2.11997;0.016;-8.54162;-9.52431;0.608159;2.03065
-9.9706;-6.12528;0.442449;1.24425;0.016;-10.1268;-6.3679;0.682074;-0.358692
-8.20435;-11.7544;0.209286;2.43569;0.207;-8.18409;-11.6934;0.433279;1.72181
-2.09441;-8.1555;0.638513;0.791543;0.016;-1.91344;-7.88802;0.763133;-2.17366
-0.428702;-11.5812;0.527501;-1.97705;0.016;-0.38914;-11.2981;0.545479;0.516547
-0.962676;-12.3921;0.274508;1.72463;0.016;-0.898595;-12.0504;0.73448;0.767716
-13.8242;-11.8434;0.322974;0.880266;0.159;-13.689;-11.77;0.541745;-3.11774
1.94476;-5.99231;0.447387;2.61568;0.016;1.87986;-4.99454;0.431384;1.98187
-6.30442;-6.43837;0.290079;1.58462;0.016;-6.17399;-6.27308;0.207429;-1.71472
-2.07773;-11.0152;0.732643;-0.288041;0.016;-2.20923;-10.7443;0.776733;1.93828
0.749444;-8.4371;0.834531;-2.82363;0.016;0.30857;-8.46997;0.4931;-2.79587
3.86419;-7.65188;0.292466;-0.124214;0.032;4.60725;-7.79207;0.413137;2.89319
-2.19704;-8.14954;0.432145;1.12044;0.016;-2.09441;-8.1555;0.638513;0.791543
0.0925323;-8.38378;0.609343;-1.86111;0.016;-0.0823577;-8.44627;0.475228;-1.72002
-12.6007;-9.93505;0.624303;-2.82405;0.028;-12.4701;-9.99775;0.588429;-0.00790441
0.341676;-8.0239;0.300799;-1.46981;0.016;0.30857;-8.46997;0.4931;-2.79587
-4.42856;-8.35004;0.479922;-1.57935;0.016;-4.30895;-8.58877;0.336332;2.88399
-4.62446;-11.1758;0.317345;2.36612;0.016;-4.52393;-11.7589;0.25121;1.9997
-6.48138;-8.43373;0.407182;-1.72896;0.016;-6.78625;-8.18943;0.457023;-0.101802
2.73722;-4.28321;0.253839;-0.600047;0.016;3.17784;-4.19649;0.418312;0.878304
-10.0631;-11.6703;0.466867;-2.62863;0.432;-9.89254;-11.5828;0.609784;-2.45071
-0.50682;-9.87039;0.452597;-1.74436;0.016;-0.555028;-10.2667;0.704259;1.42548
-1.75684;-11.6375;0.216624;-0.0479047;0.016;-1.90292;-11.9998;0.411349;2.03665
-12.8342;-9.7378;0.614712;0.910599;0;-12.8841;-9.55203;0.565862;0.953302
-5.38219;-11.6805;0.799577;0.641277;0.016;-5.67855;-11.5621;0.722487;0.464381
2.67919;-7.88046;0.789869;-1.43344;0.159;2.98677;-7.8904;0.614407;-0.48693
4.06186;-6.04703;0.61522;1.60826;0.016;4.35105;-5.99231;0.638582;-1.83954
-4.14728;-9.95045;0.819159;1.00742;0.016;-3.88949;-9.94878;0.753345;2.62182
-4.58042;-11.1611;0.673559;1.28445;0.016;-4.62446;-11.1758;0.317345;2.36612
-13.7136;-12.6052;0.646106;-0.791131;0;-13.9804;-12.5833;0.591591;-3.12158
-2.55088;-8.15423;0.363292;-2.54511;0.016;-2.43837;-8.13807;0.367368;2.7556
-14.3728;-6.80825;0.844835;2.87565;0.016;-14.2023;-6.83479;0.819294;-1.57635
-13.1541;-7.9283;0.380847;2.41641;0.016;-12.8322;-7.97476;0.54162;-1.8133
-9.10573;-6.1208;0.366904;-1.31011;0.016;-8.96171;-6.34699;0.5061;1.08655
-0.407378;-9.31233;0.277353;2.74304;0.016;-0.34219;-9.41085;0.570599;-1.94765
4.11051;-8.47155;0.618555;-2.24423;0.206;4.63826;-8.12477;0.650602;2.91195
-13.7283;-9.89314;0.517355;-0.0522877;0.063;-13.6465;-10.004;0.512406;-0.133608
-14.3299;-7.8759;0.501158;1.29494;0.019;-14.4038;-8.11174;0.450412;-0.514465
1.35086;-5.73896;0.317866;-3.0501;0.016;1.94476;-5.99231;0.447387;2.61568
0.244215;-9.31529;0.155361;1.66842;0.016;0.583604;-9.23833;0.325563;-0.0987322
-10.564;-5.9223;0.250026;1.67961;0.016;-10.4551;-5.83387;0.152274;0.414057
0.249483;-12.0983;0.174108;-2.28117;0.016;0.199877;-12.0751;0.323149;-0.274749
4.30128;-4.58156;0.549035;0.641019;0.016;4.04183;-4.20596;0.507028;-1.64681
-7.60192;-8.17178;0.171488;-0.618243;0.016;-7.33612;-7.93475;0.305868;2.93531
0.434661;-5.90805;0.681174;1.88759;0.016;1.35086;-5.73896;0.317866;-3.0501
3.05084;-4.11567;0.290556;-3.02389;0.016;3.17784;-4.19649;0.418312;0.878304
-7.21879;-10.1071;0.808571;-0.599609;0.016;-7.50432;-10.1735;0.72827;1.55013
-8.4983;-10.3862;0.453431;-0.607362;0.016;-8.35218;-10.6808;0.448861;2.8306
-14.3779;-6.10346;0.578523;-2.62548;0.016;-14.1403;-6.05813;0.489205;3.00616
-8.01546;-11.9972;0.700728;-0.389443;0.148;-7.96171;-11.9297;0.702154;-2.17678
-5.68347;-7.5006;0.615958;-0.276373;0.016;-5.87275;-7.34393;0.531393;-1.62
-13.8011;-7.77932;0.613996;-1.06054;0.016;-13.8334;-7.65986;0.719707;-1.58814
-6.4579;-7.71394;0.571592;-0.0375085;0.016;-6.28058;-7.69843;0.580207;3.027
-1.41269;-11.6292;0.769932;3.11661;0.016;-1.33863;-11.6945;0.809032;-0.975259
-2.18842;-11.7746;0.395479;2.22096;0.016;-1.90292;-11.9998;0.411349;2.03665
0.508929;-9.6575;0.650882;-2.06519;0.016;0.583604;-9.23833;0.325563;-0.0987322
-7.69682;-9.39691;0.792467;2.01039;0.016;-7.70417;-9.65279;0.830786;1.4152
-7.58213;-9.79142;0.384481;0.963668;0.016;-7.64816;-9.55885;0.590157;-2.9429
3.56471;-6.68521;0.610274;2.42126;0.016;3.43;-6.99405;0.604302;1.26858
0.16851;-12.0301;0.473185;-2.14113;0.016;0.199877;-12.0751;0.323149;-0.274749
-7.65155;-8.76697;0.239806;0.435236;0.016;-7.79977;-8.61423;0.187475;0.742127
-0.53909;-5.74058;0.527028;-2.41364;0.016;0.434661;-5.90805;0.681174;1.88759
-4.62757;-10.787;0.631349;1.48382;0.016;-4.58042;-11.1611;0.673559;1.28445
-4.5061;-9.20264;0.74093;-2.17966;0.016;-4.48727;-9.04333;0.623804;1.66296
-6.20181;-6.50137;0.41321;-2.83878;0.016;-6.30442;-6.43837;0.290079;1.58462
-14.0398;-6.93709;0.225565;-0.319956;0.017;-14.2247;-6.9725;0.317556;1.99204
-12.3144;-7.91407;0.199377;-2.36652;0.015;-12.3682;-8.08284;0.21975;1.13119
-9.93733;-8.57325;0.423878;-1.49086;0.026;-10.0073;-8.702;0.462193;1.98274
-11.3773;-8.17382;0.565124;-2.35811;0.015;-11.4514;-8.36041;0.484458;-3.06647
-1.49971;-9.68317;0.401514;0.40888;0.016;-1.62085;-9.95272;0.193351;3.03715
-2.42548;-12.1657;0.753776;-3.00813;0.016;-2.35621;-12.2534;0.562365;-1.63272
-5.81436;-6.61626;0.374934;-0.323026;0.016;-5.61399;-6.39923;0.36869;-0.719616
-13.7539;-6.57239;0.262519;-2.83712;0.016;-13.8993;-6.68818;0.258413;1.29968
-4.46949;-12.1507;0.622693;2.09335;0.016;-4.35818;-11.9094;0.470092;2.86318
-5.81122;-10.0793;0.486968;-2.09139;0.016;-6.15266;-10.2079;0.806368;-0.661494
-1.42184;-5.28242;0.631164;1.79007;0.016;-0.53909;-5.74058;0.527028;-2.41364
-5.72648;-6.35195;0.479255;0.408403;0.016;-5.61399;-6.39923;0.36869;-0.719616
-6.08573;-6.71046;0.82379;2.18089;0.016;-6.27838;-6.9691;0.810312;0.932532
-3.70303;-7.60558;0.705069;1.84085;0.016;-3.69054;-7.78025;0.468653;3.07283
-8.13904;-9.75716;0.648807;1.60682;0.016;-8.23579;-9.80954;0.779575;0.704195
-1.77606;-4.34798;0.594584;1.18202;0.016;-1.42184;-5.28242;0.631164;1.79007
-1.10395;-3.62766;0.42307;-0.853656;0.016;-1.77606;-4.34798;0.594584;1.18202
-6.20034;-10.8866;0.781794;-1.14141;0.016;-6.3373;-10.936;0.479724;-1.35692
-11.0982;-5.5362;0.731664;-0.337201;0.016;-11.3406;-5.68569;0.665066;-0.780538
-1.52829;-5.31783;0.417569;-2.2936;0.016;-1.42184;-5.28242;0.631164;1.79007
-1.09015;-6.10264;0.561149;2.50308;0.016;-0.53909;-5.74058;0.527028;-2.41364
-6.26473;-6.77167;0.5794;2.69032;0.016;-6.27838;-6.9691;0.810312;0.932532
-4.35524;-9.3419;0.746876;-2.17242;0.016;-4.5061;-9.20264;0.74093;-2.17966
-2.65653;-8.11702;0.309826;2.47809;0.016;-2.55088;-8.15423;0.363292;-2.54511
-4.374;-11.086;0.20106;-0.452731;0.016;-4.62446;-11.1758;0.317345;2.36612
-1.17985;-4.40657;0.677955;0.822966;0.016;-1.77606;-4.34798;0.594584;1.18202
-4.63707;-11.9942;0.360878;-1.97834;0.016;-4.52393;-11.7589;0.25121;1.9997
4.13493;-6.44751;0.622646;-0.754935;0.016;4.06186;-6.04703;0.61522;1.60826
-12.3381;-11.9825;0.339077;-2.18712;0.09;-12.2679;-11.7718;0.405743;-2.37738
-14.5728;-10.7423;0.735864;-3.03368;0;-14.563;-10.6553;0.820221;1.14078
1.20084;-5.75446;0.550269;2.89949;0.016;1.35086;-5.73896;0.317866;-3.0501
-11.8603;-10.0637;0.266018;-2.43358;0.033;-11.781;-10.3144;0.293993;2.66489
-12.6087;-9.59378;0.674672;-2.5968;0.028;-12.4765;-9.5385;0.497796;0.272089
-9.72478;-9.76372;0.359175;1.85993;0.015;-9.88104;-9.54329;0.362495;-1.21779
-10.5963;-10.4294;0.295028;-3.02011;0.018;-10.7457;-10.3976;0.370788;-1.74042
-9.5188;-6.32239;0.412378;-0.590256;0.016;-9.65097;-6.39512;0.575872;2.731
-6.70899;-8.0866;0.260591;1.44005;0.016;-6.78625;-8.18943;0.457023;-0.101802
4.5813;-5.94104;0.264729;-1.21081;0.016;4.36721;-5.64685;0.179609;-0.0532756
-6.35019;-7.43352;0.671531;2.37603;0.016;-6.46668;-7.46596;0.461803;-2.87261
-5.77497;-10.0372;0.586138;-1.52707;0.016;-5.81122;-10.0793;0.486968;-2.09139
-6.0019;-11.232;0.540387;-0.00695496;0.016;-5.97312;-11.3434;0.41441;-2.38033
-9.82125;-11.6894;0.285224;-3.0397;0.295;-9.78409;-11.5011;0.46807;0.715721
-14.3279;-9.57172;0.603318;-0.890509;0.019;-14.375;-9.7161;0.778115;0.0983333
-14.2341;-10.2732;0.22177;1.5165;0.022;-14.0075;-10.2187;0.198494;-1.09286
-7.19864;-6.3517;0.382909;-0.0410272;0.016;-7.06711;-6.34718;0.478405;2.31738
-7.80558;-12.2797;0.573289;-3.05913;0.156;-7.74237;-12.266;0.498412;-1.1328
-2.14499;-11.497;0.476558;-1.18169;0.016;-2.18842;-11.7746;0.395479;2.22096
-1.01778;-11.6138;0.685225;-0.240627;0.016;-1.33863;-11.6945;0.809032;-0.975259
-0.0396286;-10.2348;0.460934;-2.1335;0.016;0.275795;-10.1815;0.199942;2.34224
-13.2597;-12.3893;0.629953;-1.44331;0;-13.3349;-12.278;0.545566;1.91984
-8.07137;-11.8313;0.324773;0.603407;0.207;-8.20435;-11.7544;0.209286;2.43569
-12.6105;-10.3538;0.20687;-0.600756;0;-12.3478;-10.427;0.196991;2.57867
-11.2591;-7.73394;0.620732;-2.60321;0.015;-11.1104;-7.72465;0.800327;1.7577
-8.45662;-12.4142;0.46161;0.740658;0.241;-8.35324;-12.2543;0.214836;-0.737883
-1.29051;-12.5731;0.362848;0.102169;0.016;-0.962676;-12.3921;0.274508;1.72463
-11.8263;-10.1825;0.567524;-3.06373;0;-11.8886;-10.3254;0.67963;2.05021
-3.67776;-9.48189;0.782516;-1.85774;0.016;-3.56415;-9.55456;0.534412;-1.99702
-5.98366;-6.73088;0.476936;2.97547;0.016;-6.03917;-6.91293;0.403568;0.053072
-9.84917;-5.76205;0.737215;1.74127;0.016;-9.89334;-5.81592;0.784757;-1.18762
2.97428;-3.71589;0.373866;-2.45283;0.016;3.05084;-4.11567;0.290556;-3.02389
-6.13731;-10.755;0.279053;0.429913;0.016;-6.07089;-10.9324;0.280574;-2.75111
-9.67251;-5.8177;0.6853;-0.731218;0.016;-9.84917;-5.76205;0.737215;1.74127
-0.501183;-10.1845;0.512911;-1.58392;0.016;-0.555028;-10.2667;0.704259;1.42548
-13.4567;-12.4054;0.37872;2.57668;0;-13.3349;-12.278;0.545566;1.91984
3.61036;-6.02169;0.512753;0.352731;0.016;3.48769;-5.99573;0.608847;-0.715631
-6.3601;-12.4143;0.684087;0.631794;0.016;-6.19182;-12.2819;0.39594;-0.0348668
-2.03095;-6.38728;0.377117;-1.70086;0.016;-1.09015;-6.10264;0.561149;2.50308
-8.29805;-8.92311;0.734954;-0.24609;0.016;-7.98736;-8.74408;0.540029;-1.61311
-10.5238;-6.08536;0.389071;3.02185;0.016;-10.6975;-6.06914;0.437586;-1.20554
-11.422;-7.73532;0.546585;-0.084098;0.015;-11.4726;-7.81703;0.503222;-0.541798
-3.98295;-9.77418;0.717186;-2.30123;0.016;-3.88949;-9.94878;0.753345;2.62182
-1.92908;-10.1999;0.660767;0.687713;0.016;-2.21772;-10.0865;0.500375;-1.26615
1.15819;-8.0791;0.282632;-2.80384;0.016;1.0432;-7.79155;0.48533;-1.96391
-1.44981;-12.4144;0.59021;-0.933481;0.016;-1.39848;-12.2624;0.735686;-1.28007
-1.44645;-10.8695;0.226442;-1.46176;0.016;-1.38864;-11.2766;0.568469;-1.12447
3.1041;-8.28447;0.807376;0.967798;0.016;2.98677;-7.8904;0.614407;-0.48693
0.0640665;-8.95566;0.730594;0.875783;0.02;0.0925323;-8.38378;0.609343;-1.86111
-6.22331;-6.79744;0.255841;1.70305;0.016;-6.03917;-6.91293;0.403568;0.053072
-4.0938;-10.5978;0.794541;-2.16932;0.016;-4.13318;-10.6765;0.686614;-3.00348
4.04911;-7.81598;0.205579;-0.235229;0.032;3.86419;-7.65188;0.292466;-0.124214
-14.0004;-6.75157;0.670258;-1.38151;0.016;-14.2023;-6.83479;0.819294;-1.57635
-13.3943;-5.99723;0.762602;-2.1945;0.017;-13.5178;-6.19676;0.456107;-2.94973
-0.180067;-3.99558;0.317869;0.351953;0.016;-1.10395;-3.62766;0.42307;-0.853656
-8.47605;-8.07957;0.439462;-1.44754;0.016;-8.4787;-8.09134;0.574073;-2.15005
-12.8007;-11.8204;0.532094;0.394746;0.293;-12.7686;-11.8092;0.405044;-1.58821
-7.9031;-6.42811;0.46171;0.149311;0.016;-7.98211;-6.41482;0.264949;2.87367
-6.10504;-11.5079;0.304004;-2.49532;0.016;-5.97312;-11.3434;0.41441;-2.38033
-8.42915;-6.29494;0.523307;0.570975;0.016;-8.40046;-6.23949;0.575364;1.04993
-11.8897;-5.7425;0.408104;-1.44018;0.017;-12.0247;-6.02573;0.221891;-1.26463
-1.46919;-11.9297;0.455072;0.406956;0.016;-1.23102;-11.8982;0.639763;-1.95916
-1.95911;-4.3704;0.75963;-1.18075;0.016;-1.77606;-4.34798;0.594584;1.18202
1.99466;-4.16017;0.3436;0.453339;0.016;2.18965;-4.04424;0.400552;2.6011
4.15368;-4.616;0.298372;-3.14022;0.016;4.30128;-4.58156;0.549035;0.641019
0.752863;-6.26272;0.618665;-1.05753;0.016;0.434661;-5.90805;0.681174;1.88759
-0.731786;-11.9495;0.681301;-1.95868;0.016;-0.898595;-12.0504;0.73448;0.767716
3.39678;-7.99495;0.271727;0.478036;0.016;2.98677;-7.8904;0.614407;-0.48693
-8.14398;-10.1562;0.335273;-2.62188;0.016;-8.05105;-10.5323;0.363085;2.64611
-7.35881;-10.4613;0.167231;0.93643;0.016;-7.62419;-10.599;0.222175;0.538999
-10.9648;-8.23914;0.613227;-1.0936;0.056;-11.1077;-8.1306;0.655873;2.3625
-2.057;-6.34601;0.698008;-1.1024;0.016;-2.03095;-6.38728;0.377117;-1.70086
-8.18427;-9.91933;0.774611;0.467239;0.016;-8.23579;-9.80954;0.779575;0.704195
0.183395;-3.06447;0.34849;1.38898;0.016;-0.180067;-3.99558;0.317869;0.351953
0.4163;-2.09223;0.370842;-1.05893;0.016;0.183395;-3.06447;0.34849;1.38898
1.08531;-1.34947;0.397805;-2.59857;0.016;0.4163;-2.09223;0.370842;-1.05893
1.85032;-0.705629;0.412849;2.51332;0.016;1.08531;-1.34947;0.397805;-2.59857
2.51904;0.03667;0.45548;2.64807;0.016;1.85032;-0.705629;0.412849;2.51332
-7.02712;-6.57208;0.447512;2.87879;0.016;-7.02512;-6.64388;0.350728;2.71111
2.30584;1.01345;0.434297;1.32718;0.016;2.51904;0.03667;0.45548;2.64807
1.99479;1.96343;0.462453;1.57035;0.016;2.30584;1.01345;0.434297;1.32718
1.10854;2.42626;0.443776;-1.23987;0.016;1.99479;1.96343;0.462453;1.57035
1.755;-4.39475;0.564972;-1.2976;0.016;1.99466;-4.16017;0.3436;0.453339
-8.66867;-11.9858;0.388026;1.25438;0.148;-8.7;-11.7739;0.362338;1.73365
-7.65447;-9.67838;0.586144;2.60341;0.016;-7.64816;-9.55885;0.590157;-2.9429
-8.81702;-6.24443;0.491648;-0.772309;0.016;-8.96171;-6.34699;0.5061;1.08655
1.64286;-7.71629;0.633316;1.00448;0.016;2.03057;-7.63349;0.474116;0.711924
-1.20536;-4.29697;0.520385;-1.94605;0.016;-1.17985;-4.40657;0.677955;0.822966
1.40734;-7.85921;0.270681;1.48361;0.016;1.15819;-8.0791;0.282632;-2.80384
3.50698;-0.0946908;0.537413;-0.881326;0.016;2.51904;0.03667;0.45548;2.64807
4.48431;0.102936;0.613319;1.38734;0.016;3.50698;-0.0946908;0.537413;-0.881326
0.114384;2.52909;0.476482;2.03782;0.016;1.10854;2.42626;0.443776;-1.23987
-0.880698;2.62574;0.454789;0.0289682;0.016;0.114384;2.52909;0.476482;2.03782
4.48856;0.358197;0.841317;-1.18896;0.016;4.48431;0.102936;0.613319;1.38734
0.275275;3.51599;0.464065;0.64323;0.016;0.114384;2.52909;0.476482;2.03782
-0.344767;4.3005;0.473365;2.18592;0.016;0.275275;3.51599;0.464065;0.64323
-3.96255;-9.91769;0.381941;-1.60092;0.016;-4.14744;-10.1632;0.355133;0.738501
4.35762;-5.89013;0.215936;-2.32559;0.016;4.5813;-5.94104;0.264729;-1.21081
-5.80799;-11.3756;0.210724;2.42795;0.016;-5.97312;-11.3434;0.41441;-2.38033
0.866857;4.31806;0.382164;-0.874136;0.016;0.275275;3.51599;0.464065;0.64323
1.66612;2.04944;0.197529;3.0502;0.016;1.99479;1.96343;0.462453;1.57035
1.78393;4.71319;0.435489;-0.929171;0.016;0.866857;4.31806;0.382164;-0.874136
1.77285;5.71234;0.474959;-2.50023;0.016;1.78393;4.71319;0.435489;-0.929171
2.52275;6.37379;0.487082;-1.24965;0.016;1.77285;5.71234;0.474959;-2.50023
-1.21962;1.68499;0.465627;-1.12872;0.016;-0.880698;2.62574;0.454789;0.0289682
-0.522865;-1.77425;0.241014;0.0476414;0.016;0.4163;-2.09223;0.370842;-1.05893
-2.16506;1.36495;0.526571;0.392696;0.016;-1.21962;1.68499;0.465627;-1.12872
-7.07875;-8.4143;0.686286;0.0866962;0.016;-7.33832;-8.40015;0.71923;-2.449
-11.9754;-10.0089;0.368287;2.56828;0.033;-11.8603;-10.0637;0.266018;-2.43358
0.660683;-0.456472;0.546943;-1.84857;0.016;1.08531;-1.34947;0.397805;-2.59857
1.14334;6.48907;0.454646;-1.47625;0.016;1.77285;5.71234;0.474959;-2.50023
-7.01351;-10.2129;0.726089;1.74388;0.016;-7.21879;-10.1071;0.808571;-0.599609
1.43073;0.616203;0.205403;-0.594246;0.016;2.30584;1.01345;0.434297;1.32718
1.81304;-1.36752;0.631773;0.558437;0.016;1.85032;-0.705629;0.412849;2.51332
-11.2332;-6.04462;0.777363;2.11318;0.016;-11.1029;-6.08181;0.534804;2.64288
1.85446;5.41345;0.40028;1.28925;0.016;1.77285;5.71234;0.474959;-2.50023
-8.13008;-9.0939;0.391613;2.63441;0.016;-8.43899;-9.22327;0.333816;-3.01428
-2.18111;-10.1897;0.42906;-0.0246397;0.016;-2.21772;-10.0865;0.500375;-1.26615
-0.0480221;-12.0084;0.751654;-0.358236;0.016;0.16851;-12.0301;0.473185;-2.14113
-2.85439;-8.34056;0.673145;2.12769;0.016;-2.78557;-8.37729;0.764004;0.758452
4.13659;-0.331504;0.732242;-0.175216;0.016;4.48431;0.102936;0.613319;1.38734
-2.74445;0.754413;0.431272;-0.660323;0.016;-2.16506;1.36495;0.526571;0.392696
-3.64863;0.330418;0.483172;2.81902;0.016;-2.74445;0.754413;0.431272;-0.660323
-0.345022;-0.930201;0.282718;1.53511;0.016;-0.522865;-1.77425;0.241014;0.0476414
1.7612;6.19503;0.600509;2.67338;0.016;1.77285;5.71234;0.474959;-2.50023
-1.25474;-12.4784;0.340205;1.20936;0.016;-1.29051;-12.5731;0.362848;0.102169
-10.5266;-9.93358;0.720465;1.00649;0.015;-10.6232;-9.79353;0.674208;1.78641
1.88796;6.25407;0.490481;-0.843609;0.016;1.7612;6.19503;0.600509;2.67338
-1.88367;2.0269;0.372076;-1.07971;0.016;-2.16506;1.36495;0.526571;0.392696
0.404096;-5.70478;0.435909;2.96433;0.016;0.434661;-5.90805;0.681174;1.88759
2.45227;0.395564;0.534706;2.8682;0.016;2.51904;0.03667;0.45548;2.64807
-10.3371;-11.7722;0.297347;-2.69512;0.159;-10.2556;-11.832;0.455049;-0.658352
-12.0974;-12.4173;0.328743;-2.87682;0.038;-12.1828;-12.3462;0.404033;2.84847
-6.08134;-11.3147;0.408632;3.00724;0.016;-5.97312;-11.3434;0.41441;-2.38033
0.563698;-2.46048;0.330861;-1.56296;0.016;0.4163;-2.09223;0.370842;-1.05893
-0.593713;3.46855;0.343169;1.31655;0.016;-0.344767;4.3005;0.473365;2.18592
3.04899;0.156018;0.188069;0.671657;0.016;2.51904;0.03667;0.45548;2.64807
-11.2008;-6.22077;0.821982;0.240894;0.016;-11.2332;-6.04462;0.777363;2.11318
0.34596;-10.354;0.282964;-1.16608;0.016;0.275795;-10.1815;0.199942;2.34224
-4.25666;1.12432;0.479981;0.829094;0.016;-3.64863;0.330418;0.483172;2.81902
4.48641;-5.95758;0.317644;0.792346;0.016;4.5813;-5.94104;0.264729;-1.21081
0.459337;5.76814;0.565977;0.93405;0.016;1.14334;6.48907;0.454646;-1.47625
-0.524784;-3.70162;0.154027;2.96374;0.016;-0.180067;-3.99558;0.317869;0.351953
-1.93883;-8.53988;0.698699;-2.52012;0.016;-1.69397;-8.58743;0.389524;0.636733
-6.67668;-10.1292;0.739534;-1.69439;0.016;-6.39261;-10.1042;0.741016;2.19042
-12.2516;-5.94952;0.520182;0.297114;0.017;-12.1691;-5.92012;0.599224;2.32222
1.93017;-5.71972;0.561449;-1.41178;0.018;1.94476;-5.99231;0.447387;2.61568
1.10452;1.53571;0.174368;-2.63898;0.016;1.66612;2.04944;0.197529;3.0502
-4.52041;-12.1516;0.785043;-0.579409;0.016;-4.46949;-12.1507;0.622693;2.09335
-10.0171;-6.13143;0.348824;-0.641271;0.016;-9.9706;-6.12528;0.442449;1.24425
-7.30747;-5.81011;0.688767;1.1876;0.016;-7.30167;-5.83607;0.61933;2.60414
-0.2898;-3.45316;0.369894;0.996119;0.016;-0.524784;-3.70162;0.154027;2.96374
-4.37831;-0.347896;0.396826;-1.5816;0.016;-3.64863;0.330418;0.483172;2.81902
-0.354813;6.3485;0.584383;-1.03011;0.016;0.459337;5.76814;0.565977;0.93405
-0.496062;-2.97439;0.255222;-0.0526916;0.016;-0.2898;-3.45316;0.369894;0.996119
-1.35234;6.31015;0.525513;-1.83283;0.016;-0.354813;6.3485;0.584383;-1.03011
-2.32816;6.09958;0.466866;2.40636;0.016;-1.35234;6.31015;0.525513;-1.83283
-2.59915;1.15888;0.359193;-1.77848;0.016;-2.74445;0.754413;0.431272;-0.660323
-3.23627;-8.60878;0.7936;-0.756799;0.016;-3.22327;-8.58717;0.829272;-1.15114
-1.81783;-12.6199;0.792977;3.08721;0.016;-1.65377;-12.5574;0.735565;0.647966
-13.0648;-6.42257;0.570718;2.11595;0.017;-13.3456;-6.40688;0.350073;-2.75789
-0.847689;0.766572;0.330857;0.450608;0.016;-1.21962;1.68499;0.465627;-1.12872
-1.62823;-11.5626;0.488804;-0.727569;0.016;-1.75684;-11.6375;0.216624;-0.0479047
4.45981;-1.24855;0.498679;2.57915;0.016;4.13659;-0.331504;0.732242;-0.175216
-3.69454;-11.9172;0.403425;-1.64633;0.016;-3.76179;-11.8805;0.555988;-2.01746
0.0669731;-10.3049;0.23332;-2.74481;0.016;0.275795;-10.1815;0.199942;2.34224
-0.297451;-9.89659;0.838334;-0.293375;0.016;-0.50682;-9.87039;0.452597;-1.74436
0.934298;-2.35716;0.790987;-0.11842;0.016;0.563698;-2.46048;0.330861;-1.56296
3.66736;-7.7862;0.636643;-0.8243;0.032;3.86419;-7.65188;0.292466;-0.124214
-4.47152;-0.720267;0.171962;-1.08502;0.016;-4.37831;-0.347896;0.396826;-1.5816
-2.45162;-8.15555;0.542176;2.97471;0.016;-2.43837;-8.13807;0.367368;2.7556
-5.88455;-6.05639;0.489869;2.04181;0.016;-5.73917;-6.17626;0.507726;-1.41256
-2.07055;-10.8542;0.842533;-2.71764;0.016;-2.20923;-10.7443;0.776733;1.93828
-4.35713;-9.78548;0.224638;-0.796094;0.016;-4.25579;-9.85647;0.210303;0.725011
-0.0579045;-9.90867;0.847539;0.766414;0.016;-0.297451;-9.89659;0.838334;-0.293375
-0.758841;-4.15319;0.54575;0.215327;0.016;-1.20536;-4.29697;0.520385;-1.94605
-13.2179;-9.82108;0.539767;-2.50993;0;-13.3704;-9.59362;0.386467;2.46878
-0.303661;-0.99555;0.702308;-1.93775;0.016;-0.345022;-0.930201;0.282718;1.53511
-11.9458;-5.89571;0.525807;-0.574036;0.017;-11.8897;-5.7425;0.408104;-1.44018
1.23773;4.47025;0.254336;2.49143;0.016;0.866857;4.31806;0.382164;-0.874136
-6.74574;-9.88469;0.736869;-2.09852;0.016;-6.67668;-10.1292;0.739534;-1.69439
3.86378;-1.19064;0.399112;1.51397;0.016;4.45981;-1.24855;0.498679;2.57915
1.99798;-2.3073;0.358762;-1.96302;0.016;1.81304;-1.36752;0.631773;0.558437
-4.45236;-1.71886;0.221403;0.63078;0.016;-4.47152;-0.720267;0.171962;-1.08502
-9.80195;-11.9133;0.275547;0.23294;0.076;-9.9969;-11.9453;0.355658;0.757581
-4.42142;-10.5355;0.848778;-1.7069;0.016;-4.0938;-10.5978;0.794541;-2.16932
1.96032;3.73018;0.486404;2.15758;0.016;1.78393;4.71319;0.435489;-0.929171
-1.31003;-0.717611;0.436229;-2.96636;0.016;-0.345022;-0.930201;0.282718;1.53511
1.40319;5.88853;0.675869;-2.45594;0.016;1.77285;5.71234;0.474959;-2.50023
-4.42511;-2.7086;0.36169;0.351221;0.016;-4.45236;-1.71886;0.221403;0.63078
0.157209;4.43595;0.352653;2.10656;0.016;-0.344767;4.3005;0.473365;2.18592
-2.13534;1.54685;0.749356;-1.03615;0.016;-2.16506;1.36495;0.526571;0.392696
-9.99742;-11.8711;0.802399;-0.501232;0.148;-9.90133;-11.5232;0.778135;0.980901
-9.54072;-11.8124;0.662576;-2.56979;0.204;-9.71632;-12.1519;0.544976;-1.74129
-4.2248;-3.57099;0.70637;1.39537;0.016;-4.42511;-2.7086;0.36169;0.351221
3.68984;-1.36698;0.431257;-2.46701;0.016;3.86378;-1.19064;0.399112;1.51397
-6.66321;-10.3011;0.206707;1.79555;0.016;-6.60112;-10.5038;0.373664;-3.11403
-13.104;-9.60343;0.559307;-0.48449;0.028;-12.8841;-9.55203;0.565862;0.953302
-6.50506;-7.03792;0.662614;2.99695;0.016;-6.66514;-7.12027;0.657655;2.96136
-3.97153;-11.5725;0.682401;2.55683;0.016;-4.09742;-11.3367;0.718629;2.40111
-0.868128;0.296126;0.185799;-0.610554;0.016;-0.847689;0.766572;0.330857;0.450608
-10.1781;-8.36741;0.553903;-2.61849;0.044;-10.0797;-8.27001;0.504451;2.03411
0.165568;-0.69107;0.526997;-0.893736;0.016;0.660683;-0.456472;0.546943;-1.84857
0.431326;-11.5655;0.844326;0.788326;0.016;0.16851;-12.0301;0.473185;-2.14113
-2.38835;-4.03235;0.848002;1.81975;0.016;-1.95911;-4.3704;0.75963;-1.18075
-4.12321;-9.81492;0.271889;-1.43413;0.016;-4.25579;-9.85647;0.210303;0.725011
0.970491;4.18713;0.779395;-1.54701;0.016;0.866857;4.31806;0.382164;-0.874136
4.30384;-5.4092;0.537387;-0.619758;0.016;4.59963;-5.43424;0.427951;0.418464
-0.0253121;-12.5638;0.565691;2.9325;0.016;0.16851;-12.0301;0.473185;-2.14113
-6.14284;-11.9318;0.466357;-2.06343;0.016;-6.20649;-11.7929;0.511776;-0.406315
1.11795;-2.35905;0.163299;-1.59303;0.016;0.563698;-2.46048;0.330861;-1.56296
-4.30597;2.1223;0.439814;-2.22169;0.016;-4.25666;1.12432;0.479981;0.829094
3.29015;-4.22609;0.237845;-0.491069;0.016;3.17784;-4.19649;0.418312;0.878304
-1.55336;-12.3862;0.693913;1.92274;0.016;-1.44981;-12.4144;0.59021;-0.933481
4.24773;-7.20509;0.151102;-0.729023;0.016;4.41685;-7.14959;0.648475;1.64209
3.42287;0.228352;0.450542;-1.11006;0.016;3.50698;-0.0946908;0.537413;-0.881326
-14.4758;-7.8018;0.374886;-0.489572;0.019;-14.3299;-7.8759;0.501158;1.29494
-4.37879;-12.0904;0.597918;-1.86917;0.016;-4.46949;-12.1507;0.622693;2.09335
4.61786;-6.70177;0.6171;2.93325;0.016;4.41685;-7.14959;0.648475;1.64209
2.26006;6.56381;0.214964;1.24235;0.212;2.52275;6.37379;0.487082;-1.24965
-11.4731;-11.5528;0.271091;2.09345;0.115;-11.342;-11.4813;0.163773;-2.92639
-6.61866;-10.3483;0.316937;0.656234;0.016;-6.66321;-10.3011;0.206707;1.79555
-4.15463;-3.47649;0.230643;-0.49037;0.016;-4.2248;-3.57099;0.70637;1.39537
-4.19342;-1.0955;0.772456;0.799534;0.016;-4.47152;-0.720267;0.171962;-1.08502
-13.9886;-6.6212;0.573911;1.17152;0.016;-14.0004;-6.75157;0.670258;-1.38151
-9.5548;-6.13283;0.755002;-0.695714;0.016;-9.44178;-6.14235;0.627217;-2.52887
-6.1946;-5.94017;0.185248;-1.79074;0.016;-6.21464;-5.83695;0.262267;-2.89129
-1.21009;2.34947;0.367557;2.97706;0.016;-0.880698;2.62574;0.454789;0.0289682
-8.68862;-8.98617;0.685873;1.81775;0.016;-8.60587;-9.27487;0.660101;2.11997
-2.20701;5.21909;0.507524;-0.470141;0.016;-2.32816;6.09958;0.466866;2.40636
-4.512;-4.41494;0.552955;-0.425031;0.016;-4.2248;-3.57099;0.70637;1.39537
1.27715;-8.16773;0.436308;2.17268;0.016;1.15819;-8.0791;0.282632;-2.80384
0.867957;1.01632;0.781051;2.50831;0.016;1.10452;1.53571;0.174368;-2.63898
1.94943;-5.73608;0.446929;-2.59101;0.018;1.93017;-5.71972;0.561449;-1.41178
-0.807667;-2.53046;0.625729;0.29817;0.016;-0.496062;-2.97439;0.255222;-0.0526916
4.69591;-2.21912;0.451218;2.57233;0.016;4.45981;-1.24855;0.498679;2.57915
1.39298;3.46028;0.618936;1.64482;0.016;1.96032;3.73018;0.486404;2.15758
5.6931;-2.16231;0.500017;0.716102;0.016;4.69591;-2.21912;0.451218;2.57233
-14.2162;-12.2678;0.476896;1.68757;0;-14.3239;-12.3043;0.690827;1.25955
-0.910255;2.41762;0.415839;1.36982;0.016;-0.880698;2.62574;0.454789;0.0289682
6.52423;-1.60689;0.472966;0.747886;0.016;5.6931;-2.16231;0.500017;0.716102
-1.9905;-11.7609;0.705577;-1.38892;0.016;-1.94324;-12.1204;0.761874;-1.69406
0.697973;-7.90584;0.511345;-2.32123;0.016;1.0432;-7.79155;0.48533;-1.96391
-0.350416;3.8119;0.64497;-1.04087;0.016;-0.593713;3.46855;0.343169;1.31655
2.40339;5.3484;0.826059;-0.399369;0.016;1.85446;5.41345;0.40028;1.28925
-13.4635;-10.3998;0.754299;-2.16758;0;-13.5987;-10.298;0.833328;1.16355
-3.54901;-2.03343;0.505438;-2.43436;0.016;-4.45236;-1.71886;0.221403;0.63078
-13.2221;-6.2941;0.217865;0.662401;0.017;-13.4059;-6.23523;0.258466;2.01296
0.399795;-1.89783;0.384516;-2.22136;0.016;0.4163;-2.09223;0.370842;-1.05893
-0.97501;6.12838;0.648794;0.580892;0.016;-1.35234;6.31015;0.525513;-1.83283
-2.0931;0.986438;0.452819;2.67648;0.016;-2.16506;1.36495;0.526571;0.392696
-9.87792;-10.3898;0.178166;-2.10587;0.015;-9.91193;-10.0205;0.423335;-0.08978
1.80483;3.96099;0.216759;-2.08693;0.016;1.96032;3.73018;0.486404;2.15758
-4.1307;-0.939536;0.68416;2.58256;0.016;-4.19342;-1.0955;0.772456;0.799534
-10.6545;-8.34326;0.526158;0.0743173;0.037;-10.518;-8.30417;0.52888;1.86164
-11.5132;-6.39045;0.252308;-0.169687;0.016;-11.6289;-6.40577;0.636466;-0.0187586
-13.9627;-7.57069;0.747441;0.22269;0.016;-14.0173;-7.69234;0.725817;-2.97138
-3.42036;-8.51228;0.315814;1.99847;0.016;-3.71414;-8.53691;0.210152;-0.720288
2.25844;-7.9012;0.352492;-0.420258;0.016;2.03057;-7.63349;0.474116;0.711924
-2.29395;-5.40216;0.541275;2.80783;0.016;-1.52829;-5.31783;0.417569;-2.2936
0.182882;2.0974;0.493044;-0.135544;0.016;0.114384;2.52909;0.476482;2.03782
-3.85363;-8.01011;0.641728;-0.73785;0.016;-3.69054;-7.78025;0.468653;3.07283
-1.58925;-0.88586;0.333573;-2.42676;0.016;-1.31003;-0.717611;0.436229;-2.96636
-6.97617;-10.1156;0.165304;1.74454;0.016;-6.95795;-10.4013;0.272075;-1.2236
0.432413;-8.54131;0.690594;-0.0229417;0.023;0.30857;-8.46997;0.4931;-2.79587
1.73393;-7.59808;0.34293;-0.504044;0.017;2.03057;-7.63349;0.474116;0.711924
-13.3016;-5.77575;0.580211;0.317073;0.017;-13.3367;-5.91251;0.360511;-0.520027
-12.0377;-8.01005;0.290015;1.27869;0.015;-12.3144;-7.91407;0.199377;-2.36652
-4.11544;-1.43274;0.63023;-1.36533;0.016;-4.19342;-1.0955;0.772456;0.799534
-14.09;-7.39309;0.549933;-2.24116;0.016;-14.2219;-7.36891;0.732323;-1.99303
-14.0345;-11.1519;0.296927;-0.697958;0.457;-13.647;-11.2219;0.263879;-0.581986
-3.68565;-7.71997;0.372982;0.0226683;0.016;-3.69054;-7.78025;0.468653;3.07283
1.57527;-1.22835;0.824667;-2.8843;0.016;1.81304;-1.36752;0.631773;0.558437
-4.44372;-3.77793;0.317005;1.82108;0.016;-4.15463;-3.47649;0.230643;-0.49037
6.61714;-0.611718;0.441255;-1.51624;0.034;6.52423;-1.60689;0.472966;0.747886
-14.5416;-10.495;0.454705;0.534154;0.022;-14.5589;-10.5515;0.3835;0.98339
2.46881;-7.66716;0.314028;1.90334;0.016;2.25844;-7.9012;0.352492;-0.420258
1.44542;-2.30432;0.447029;-1.98543;0.016;1.11795;-2.35905;0.163299;-1.59303
-13.3388;-6.19722;0.153423;3.06406;0.018;-13.4059;-6.23523;0.258466;2.01296
-8.42849;-8.19443;0.482775;2.5373;0.016;-8.47605;-8.07957;0.439462;-1.44754
2.94721;0.0933569;0.380971;0.202676;0.016;3.04899;0.156018;0.188069;0.671657
2.24215;5.04727;0.402696;-0.829998;0.016;1.85446;5.41345;0.40028;1.28925
2.3202;-5.88335;0.50231;-0.321867;0.016;1.94476;-5.99231;0.447387;2.61568
-11.82;-12.397;0.799419;-2.95505;0.003;-11.9012;-12.2912;0.531835;2.99954
0.822769;2.45399;0.687553;2.68281;0.016;1.10854;2.42626;0.443776;-1.23987
-9.77934;-5.72567;0.651693;-2.29181;0.016;-9.84917;-5.76205;0.737215;1.74127
-0.738426;-4.28418;0.5166;-0.0929247;0.016;-0.758841;-4.15319;0.54575;0.215327
-7.94789;-12.3965;0.26005;0.919721;0.149;-7.62191;-12.4048;0.317401;2.64224
0.450244;3.66217;0.829655;-2.26415;0.016;0.275275;3.51599;0.464065;0.64323
5.82711;-1.07804;0.569305;2.08476;0.016;6.52423;-1.60689;0.472966;0.747886
-14.348;-6.51867;0.684257;-2.59329;0.016;-14.1803;-6.55976;0.736417;1.90796
-8.16191;-8.00835;0.496143;-2.28778;0.016;-8.42849;-8.19443;0.482775;2.5373
-11.0783;-12.0101;0.299421;-0.474893;0.138;-11.1899;-12.0799;0.395393;2.26299
0.909747;-5.90897;0.662351;0.980284;0.016;1.20084;-5.75446;0.550269;2.89949
-2.36658;-11.2763;0.367946;0.170339;0.016;-2.14499;-11.497;0.476558;-1.18169
-0.59482;6.08692;0.190616;-1.20396;0.016;-0.354813;6.3485;0.584383;-1.03011
-4.62189;-5.36842;0.833661;-0.956979;0.016;-4.512;-4.41494;0.552955;-0.425031
-4.27053;-9.71153;0.830434;-1.35442;0.016;-4.14728;-9.95045;0.819159;1.00742
2.25593;2.3219;0.721457;-1.82654;0.016;1.99479;1.96343;0.462453;1.57035
-4.05941;0.27228;0.411032;2.14723;0.016;-3.64863;0.330418;0.483172;2.81902
1.62379;4.19534;0.607505;1.90228;0.016;1.80483;3.96099;0.216759;-2.08693
0.606439;-6.0213;0.460949;2.34539;0.016;0.434661;-5.90805;0.681174;1.88759
-7.07833;-8.35185;0.233157;2.25465;0.016;-7.04796;-8.25554;0.37725;-0.823314
-4.09293;-3.28799;0.201749;-1.84757;0.016;-4.15463;-3.47649;0.230643;-0.49037
-3.5827;-7.6828;0.228445;2.49597;0.016;-3.68565;-7.71997;0.372982;0.0226683
-14.4465;-11.0666;0.805257;-2.5437;0;-14.5728;-10.7423;0.735864;-3.03368
-0.0674999;-7.8633;0.645351;0.231144;0.025;0.0925323;-8.38378;0.609343;-1.86111
-10.2565;-10.2121;0.305638;1.14476;0.015;-10.4588;-10.1851;0.420283;-2.44846
-8.56167;-10.2246;0.188408;2.37923;0.016;-8.49586;-9.98143;0.170553;-2.44975
-13.9749;-8.31524;0.184572;0.490354;0.017;-14.0028;-8.4655;0.304651;-2.25359
-14.6119;-11.1779;0.672312;-1.74337;0.104;-14.6285;-11.3741;0.64835;-0.169813
3.73641;-4.67912;0.223404;1.99203;0.016;4.15368;-4.616;0.298372;-3.14022
-6.77779;-6.04935;0.68544;1.48712;0.016;-6.8487;-6.05123;0.794292;-1.77174
-0.0128696;-12.5906;0.542729;3.08716;0.016;-0.0253121;-12.5638;0.565691;2.9325
5.32617;-2.07611;0.530922;-2.99941;0.016;5.6931;-2.16231;0.500017;0.716102
0.909672;1.94571;0.484354;2.49105;0.016;1.10854;2.42626;0.443776;-1.23987
-1.74393;-7.86133;0.532218;-1.72603;0.016;-1.91344;-7.88802;0.763133;-2.17366
-0.540672;0.0962187;0.844885;3.02138;0.016;-0.868128;0.296126;0.185799;-0.610554
4.87819;-2.14359;0.2406;-0.789618;0.016;4.69591;-2.21912;0.451218;2.57233
4.43927;-4.75443;0.755781;1.36166;0.016;4.30128;-4.58156;0.549035;0.641019
6.67262;0.386012;0.403086;1.05797;0.034;6.61714;-0.611718;0.441255;-1.51624
-11.7121;-9.8306;0.516746;-2.83039;0.009;-11.6672;-10.0537;0.707541;-2.15992
-5.17928;-11.7214;0.733617;-1.87339;0.016;-5.38219;-11.6805;0.799577;0.641277
0.149662;-4.25436;0.732976;-0.930451;0.016;-0.180067;-3.99558;0.317869;0.351953
1.9644;-8.05043;0.233879;0.632846;0.016;2.25844;-7.9012;0.352492;-0.420258
-3.71245;-9.28131;0.332037;1.56655;0.016;-3.99067;-9.12624;0.178568;-1.22233
3.73477;-5.98199;0.835358;-2.25574;0.016;3.48769;-5.99573;0.608847;-0.715631
2.2498;-7.60745;0.711731;1.87902;0.016;2.03057;-7.63349;0.474116;0.711924
-0.586166;1.98854;0.177186;-1.10969;0.016;-0.910255;2.41762;0.415839;1.36982
-3.68048;-1.05383;0.654214;-2.35055;0.016;-4.1307;-0.939536;0.68416;2.58256
-4.30841;-0.524884;0.609799;1.94175;0.016;-4.37831;-0.347896;0.396826;-1.5816
6.31333;1.31479;0.312104;2.08825;0.034;6.67262;0.386012;0.403086;1.05797
-5.00612;-3.91841;0.38203;-3.12969;0.016;-4.44372;-3.77793;0.317005;1.82108
-0.957519;-11.6546;0.438791;0.0377693;0.016;-1.01778;-11.6138;0.685225;-0.240627
-2.26687;-1.39463;0.383636;1.0951;0.016;-1.58925;-0.88586;0.333573;-2.42676
0.734488;1.72047;0.771476;-0.607231;0.016;0.909672;1.94571;0.484354;2.49105
3.99787;-0.319184;0.685462;0.505862;0.016;4.13659;-0.331504;0.732242;-0.175216
-1.33345;-3.87342;0.394823;-1.13939;0.016;-1.10395;-3.62766;0.42307;-0.853656
-11.6288;-10.2457;0.541392;-2.01371;0.009;-11.8263;-10.1825;0.567524;-3.06373
-9.27997;-11.9237;0.428845;-1.09058;0.148;-9.2953;-11.8327;0.203627;-1.88896
4.16055;-7.48661;0.540523;-2.20924;0.138;3.86419;-7.65188;0.292466;-0.124214
-4.06991;-7.85992;0.24016;-1.91343;0.016;-4.36546;-7.66567;0.246024;1.3615
1.78814;4.129;0.844396;-0.00152113;0.016;1.62379;4.19534;0.607505;1.90228
-11.9369;-7.74304;0.80676;-2.41193;0.015;-11.7161;-7.88999;0.786992;2.37013
1.40962;0.77971;0.365012;-1.17817;0.016;1.43073;0.616203;0.205403;-0.594246
-10.3599;-5.83419;0.626537;-2.2371;0.016;-10.19;-5.81328;0.519409;2.4897
-11.9115;-6.23709;0.304052;0.917415;0.017;-12.1256;-6.16591;0.267265;-0.51336
1.75708;-0.361318;0.602746;1.81366;0.016;1.85032;-0.705629;0.412849;2.51332
0.866206;1.9398;0.165584;1.18138;0.016;0.909672;1.94571;0.484354;2.49105
6.18151;2.30578;0.288468;-1.59929;0.034;6.31333;1.31479;0.312104;2.08825
-3.63877;-12.3978;0.238958;0.148368;0.016;-3.63573;-12.1026;0.443789;2.28626
-1.89778;0.939979;0.681816;0.578213;0.016;-2.0931;0.986438;0.452819;2.67648
-5.19503;-11.5167;0.840425;-2.75398;0.016;-5.09672;-11.3718;0.731816;-0.372062
-14.0017;-11.2925;0.693595;-1.39766;0;-13.9311;-11.3906;0.770562;-2.17238
-2.3771;0.0962628;0.695231;-2.44019;0.016;-2.74445;0.754413;0.431272;-0.660323
0.080053;-11.43;0.41828;0.900205;0.016;0.0225529;-11.7235;0.239975;-0.966551
1.07615;-1.52486;0.192022;-0.448597;0.016;1.08531;-1.34947;0.397805;-2.59857
-13.7149;-7.4674;0.548152;-1.82532;0.016;-13.8334;-7.65986;0.719707;-1.58814
2.90471;-0.221152;0.227812;-3.00575;0.016;2.94721;0.0933569;0.380971;0.202676
4.50658;-4.14268;0.714274;1.72691;0.016;4.30128;-4.58156;0.549035;0.641019
-5.90037;-11.312;0.749946;2.55652;0.016;-6.0956;-11.3607;0.777848;0.468331
6.01278;-0.549752;0.641872;-2.24417;0.023;5.82711;-1.07804;0.569305;2.08476
1.73815;2.27596;0.743373;0.574155;0.016;1.99479;1.96343;0.462453;1.57035
-1.98726;-5.30373;0.414;2.21291;0.016;-2.29395;-5.40216;0.541275;2.80783
-1.41538;5.47108;0.657027;-0.843655;0.016;-0.97501;6.12838;0.648794;0.580892
-10.8285;-12.1745;0.365171;-2.78257;0.026;-10.904;-12.2949;0.606031;0.289905
-1.87919;-8.70276;0.397909;-2.67241;0.016;-1.69397;-8.58743;0.389524;0.636733
3.85616;0.0853606;0.389358;2.4149;0.016;3.50698;-0.0946908;0.537413;-0.881326
1.61301;6.12204;0.187104;-0.503596;0.016;1.88796;6.25407;0.490481;-0.843609
2.44926;-5.39317;0.811848;-0.922592;0.016;2.3202;-5.88335;0.50231;-0.321867
4.63911;-1.85966;0.580942;0.953367;0.016;4.69591;-2.21912;0.451218;2.57233
-5.64749;-7.67345;0.784639;-3.12965;0.016;-5.68347;-7.5006;0.615958;-0.276373
-1.79111;0.05499;0.552544;-2.64061;0.016;-2.3771;0.0962628;0.695231;-2.44019
-1.76004;-6.30159;0.759187;2.45964;0.016;-2.057;-6.34601;0.698008;-1.1024
-5.66009;-3.73021;0.622881;-3.12493;0.016;-5.00612;-3.91841;0.38203;-3.12969
6.46178;-1.19322;0.433601;-1.87801;0.082;6.52423;-1.60689;0.472966;0.747886
-3.97679;-9.04456;0.538016;1.834;0.016;-4.01973;-9.0137;0.643563;0.16204
-0.947336;1.70332;0.204098;0.903501;0.016;-1.21962;1.68499;0.465627;-1.12872
2.96163;-0.160293;0.737272;-0.897756;0.016;2.94721;0.0933569;0.380971;0.202676
-4.35525;-7.78252;0.216268;0.154748;0.016;-4.36546;-7.66567;0.246024;1.3615
-14.186;-10.5076;0.713752;1.61379;0;-14.2013;-10.4619;0.674295;2.17666
-6.40868;-5.88188;0.452607;2.68217;0.016;-6.39352;-5.74482;0.545415;2.57309
-2.38182;-9.10796;0.181866;0.62279;0.016;-2.37441;-8.85802;0.469091;-1.62374
-9.16675;-12.4518;0.499604;0.418666;0.248;-9.33121;-12.569;0.578955;-2.87436
-2.55017;4.28322;0.427611;-2.12381;0.016;-2.20701;5.21909;0.507524;-0.470141
-3.49884;3.99676;0.561674;-1.75777;0.016;-2.55017;4.28322;0.427611;-2.12381
-13.4152;-7.88702;0.544838;-3.10989;0.016;-13.5404;-7.76166;0.422164;-2.99662
0.664438;-2.58593;0.546551;2.10753;0.016;0.563698;-2.46048;0.330861;-1.56296
6.49361;-1.48484;0.714259;1.34611;0.016;6.52423;-1.60689;0.472966;0.747886
-6.1696;-5.96932;0.510946;-2.45783;0.016;-6.40868;-5.88188;0.452607;2.68217
-0.056749;-0.700294;0.806445;1.98534;0.016;0.165568;-0.69107;0.526997;-0.893736
-6.57733;-4.06002;0.399515;-1.89663;0.016;-5.66009;-3.73021;0.622881;-3.12493
-0.726342;2.59611;0.663345;1.60728;0.016;-0.880698;2.62574;0.454789;0.0289682
-6.15129;-12.1313;0.240524;-1.12405;0.016;-6.24534;-12.3026;0.338189;1.62719
-0.733066;-2.79135;0.729001;1.46245;0.016;-0.807667;-2.53046;0.625729;0.29817
-4.42656;4.37003;0.560528;1.22368;0.016;-3.49884;3.99676;0.561674;-1.75777
-13.4661;-6.64546;0.701766;1.99762;0.018;-13.3831;-6.78291;0.699155;1.61057
-3.87735;2.07538;0.619654;-1.05309;0.016;-4.30597;2.1223;0.439814;-2.22169
-13.8498;-6.08059;0.154151;-2.25359;0.016;-13.6656;-6.07569;0.292552;0.359173
-5.42547;4.32414;0.551329;-1.04181;0.016;-4.42656;4.37003;0.560528;1.22368
-5.80089;5.25049;0.520889;1.25034;0.026;-5.42547;4.32414;0.551329;-1.04181
-5.80379;6.24995;0.553802;2.70799;0.026;-5.80089;5.25049;0.520889;1.25034
0.326147;3.24203;0.35589;-2.15009;0.016;0.275275;3.51599;0.464065;0.64323
-0.393593;-1.4148;0.721106;-1.60297;0.016;-0.303661;-0.99555;0.702308;-1.93775
4.04426;-0.225118;0.607736;-0.275585;0.016;3.99787;-0.319184;0.685462;0.505862
-7.64927;-10.2647;0.814952;-0.0832934;0.016;-7.50432;-10.1735;0.72827;1.55013
-1.77161;-4.13419;0.820167;-3.07605;0.016;-1.95911;-4.3704;0.75963;-1.18075
-9.66172;-11.9741;0.592867;1.64733;0.083;-9.71632;-12.1519;0.544976;-1.74129
-0.871484;-6.05636;0.313979;-1.88324;0.016;-1.09015;-6.10264;0.561149;2.50308
-2.05347;1.20528;0.246648;-2.25538;0.016;-2.0931;0.986438;0.452819;2.67648
1.84894;-7.92725;0.402787;-1.00483;0.166;1.9644;-8.05043;0.233879;0.632846
-7.36746;-3.44976;0.342132;-0.680407;0.016;-6.57733;-4.06002;0.399515;-1.89663
-8.09418;-9.12896;0.797588;2.1788;0.016;-8.29805;-8.92311;0.734954;-0.24609
0.613234;-2.26704;0.5834;1.13521;0.016;0.563698;-2.46048;0.330861;-1.56296
-4.52056;3.68288;0.287144;3.10601;0.016;-4.42656;4.37003;0.560528;1.22368
-5.08232;-11.5527;0.709594;0.961494;0.016;-5.19503;-11.5167;0.840425;-2.75398
-3.77285;-7.93078;0.839295;0.675592;0.016;-3.85363;-8.01011;0.641728;-0.73785
-13.4449;-11.5293;0.422747;0.559716;0.136;-13.2594;-11.5695;0.599205;-1.58132
-2.34239;4.15229;0.565064;2.18408;0.016;-2.55017;4.28322;0.427611;-2.12381
-7.48702;-2.45701;0.330075;-2.3445;0.016;-7.36746;-3.44976;0.342132;-0.680407
-4.83856;6.30554;0.298353;1.02426;0.099;-5.80379;6.24995;0.553802;2.70799
0.436183;-0.350686;0.686528;-0.829541;0.016;0.660683;-0.456472;0.546943;-1.84857
0.0515583;-11.7707;0.157316;1.04794;0.016;0.0225529;-11.7235;0.239975;-0.966551
-4.29677;6.54154;0.190343;-1.5283;0.099;-4.83856;6.30554;0.298353;1.02426
-14.5024;-7.06374;0.325;2.22797;0.018;-14.4856;-7.08684;0.537783;2.27297
-0.438761;6.24669;0.829769;2.74466;0.016;-0.354813;6.3485;0.584383;-1.03011
-12.027;-9.83583;0.516958;0.0254893;0.059;-11.9754;-10.0089;0.368287;2.56828
-8.25701;-1.81899;0.322358;1.78372;0.016;-7.48702;-2.45701;0.330075;-2.3445
5.98687;-0.0520712;0.580444;-0.522358;0.023;6.01278;-0.549752;0.641872;-2.24417
-5.46366;-11.7159;0.543305;1.05808;0.016;-5.38219;-11.6805;0.799577;0.641277
3.0676;-7.65552;0.354121;1.34684;0.016;2.98677;-7.8904;0.614407;-0.48693
4.39516;-2.11947;0.656941;-1.2492;0.016;4.63911;-1.85966;0.580942;0.953367
-3.77397;0.714028;0.69278;-2.13837;0.016;-3.64863;0.330418;0.483172;2.81902
-4.47923;-5.57193;0.72148;-2.64625;0.016;-4.62189;-5.36842;0.833661;-0.956979
-0.284399;-3.05501;0.28134;0.464139;0.016;-0.496062;-2.97439;0.255222;-0.0526916
-0.20901;-1.91079;0.68518;-2.25721;0.016;-0.393593;-1.4148;0.721106;-1.60297
-4.1899;7.53514;0.226898;-2.06502;0.101;-4.29677;6.54154;0.190343;-1.5283
-1.79595;-8.44765;0.512284;-1.58185;0.016;-1.69397;-8.58743;0.389524;0.636733
-7.89492;-2.75302;0.451579;1.99038;0.016;-7.48702;-2.45701;0.330075;-2.3445
5.58397;-1.82553;0.300651;0.846085;0.016;5.6931;-2.16231;0.500017;0.716102
-4.06779;-6.09953;0.722777;2.56819;0.016;-4.47923;-5.57193;0.72148;-2.64625
1.94302;0.662808;0.251667;-2.73713;0.016;1.43073;0.616203;0.205403;-0.594246
-0.00939853;-3.49281;0.503936;0.592432;0.016;-0.2898;-3.45316;0.369894;0.996119
0.0483808;-10.8973;0.562228;-2.81651;0.016;0.0148558;-10.7776;0.451163;0.657285
1.57449;-1.79193;0.703788;0.047716;0.016;1.81304;-1.36752;0.631773;0.558437
-7.93362;-2.08404;0.638869;0.825663;0.016;-8.25701;-1.81899;0.322358;1.78372
-5.30195;4.27842;0.679289;-0.485592;0.016;-5.42547;4.32414;0.551329;-1.04181
-0.691779;-3.71954;0.813861;0.644284;0.016;-0.758841;-4.15319;0.54575;0.215327
-7.18209;-8.11521;0.300691;-3.1309;0.016;-7.051;-8.1818;0.377739;-0.604734
-7.51565;-9.22849;0.490819;0.966981;0.016;-7.81608;-9.1307;0.617054;-0.189126
-9.20301;-6.477;0.440771;1.11211;0.016;-8.96171;-6.34699;0.5061;1.08655
-5.76253;-8.39688;0.660367;-1.50387;0.016;-5.87312;-8.26984;0.423603;1.80852
0.152725;5.70139;0.822009;1.59367;0.016;0.459337;5.76814;0.565977;0.93405
2.74234;-7.89902;0.300309;2.08994;0.016;2.46881;-7.66716;0.314028;1.90334
-3.48685;8.24035;0.318511;1.7269;0.101;-4.1899;7.53514;0.226898;-2.06502
2.04317;3.92172;0.230466;1.76581;0.016;1.80483;3.96099;0.216759;-2.08693
-3.35841;0.551958;0.538332;0.506159;0.016;-3.64863;0.330418;0.483172;2.81902
-0.12714;-9.29484;0.846488;-0.138555;0.018;-0.34219;-9.41085;0.570599;-1.94765
3.79908;-7.63992;0.468617;-1.00795;0.147;3.86419;-7.65188;0.292466;-0.124214
0.974703;1.98508;0.546024;2.99426;0.016;0.909672;1.94571;0.484354;2.49105
6.06991;-2.09395;0.812508;-2.95005;0.016;5.6931;-2.16231;0.500017;0.716102
-1.15417;-1.24825;0.848471;2.82787;0.016;-1.31003;-0.717611;0.436229;-2.96636
-8.33885;-3.09974;0.382135;-2.09709;0.016;-7.89492;-2.75302;0.451579;1.99038
-4.27052;-11.9446;0.466045;2.99237;0.016;-4.35818;-11.9094;0.470092;2.86318
-14.1878;-10.3017;0.255329;2.34551;0.022;-14.2341;-10.2732;0.22177;1.5165
-14.1988;-8.13378;0.303344;-1.73096;0.018;-14.2552;-8.02463;0.214372;1.45309
-0.173741;-4.02987;0.675186;2.05403;0.016;-0.180067;-3.99558;0.317869;0.351953
3.64345;0.165629;0.72595;-0.479536;0.016;3.50698;-0.0946908;0.537413;-0.881326
2.61414;-0.766912;0.701646;-2.29989;0.016;2.96163;-0.160293;0.737272;-0.897756
3.92938;-6.13496;0.27717;2.18123;0.016;4.06186;-6.04703;0.61522;1.60826
-6.03753;-5.90199;0.335706;-0.957361;0.016;-6.21464;-5.83695;0.262267;-2.89129
5.66458;-2.09778;0.558915;-2.39951;0.016;5.6931;-2.16231;0.500017;0.716102
-11.8309;-5.92306;0.433429;-1.95317;0.017;-11.9458;-5.89571;0.525807;-0.574036
-14.0521;-10.0189;0.749987;0.558891;0;-14.1511;-9.86426;0.834302;-2.89463
-6.19014;-12.037;0.396088;0.389775;0.016;-6.14284;-11.9318;0.466357;-2.06343
-11.9424;-7.70483;0.589949;-1.293;0.015;-11.9369;-7.74304;0.80676;-2.41193
-7.64879;-6.34229;0.548419;1.06158;0.016;-7.67753;-6.19148;0.347789;1.13556
-1.67871;-11.7838;0.766647;2.22561;0.016;-1.41269;-11.6292;0.769932;3.11661
-12.554;-11.753;0.402835;2.29894;0.141;-12.6397;-11.6089;0.48038;-0.345229
-3.96561;-4.40507;0.525565;0.0952255;0.016;-4.512;-4.41494;0.552955;-0.425031
-3.85008;-5.34998;0.365785;-0.380633;0.016;-4.47923;-5.57193;0.72148;-2.64625
-14.4558;-7.48015;0.83705;2.47795;0.016;-14.2219;-7.36891;0.732323;-1.99303
1.10784;-1.15631;0.75216;1.42112;0.016;1.08531;-1.34947;0.397805;-2.59857
1.72577;-1.11774;0.52545;-0.456958;0.016;1.81304;-1.36752;0.631773;0.558437
4.33736;-6.62587;0.726648;-0.846189;0.033;4.13493;-6.44751;0.622646;-0.754935
-10.8852;-11.595;0.150511;0.508253;0.115;-11.342;-11.4813;0.163773;-2.92639
-3.99243;-1.83764;0.606439;-0.424125;0.016;-4.11544;-1.43274;0.63023;-1.36533
6.28552;-0.687452;0.777332;0.0108684;0.023;6.01278;-0.549752;0.641872;-2.24417
0.9762;0.336967;0.590078;0.978715;0.016;1.43073;0.616203;0.205403;-0.594246
-7.58322;-8.13491;0.21118;-2.63346;0.016;-7.60192;-8.17178;0.171488;-0.618243
2.21856;2.23686;0.755615;-0.788004;0.016;2.25593;2.3219;0.721457;-1.82654
-2.15886;5.36574;0.815896;-1.94894;0.016;-2.20701;5.21909;0.507524;-0.470141
0.55621;-0.930302;0.660441;-0.293256;0.016;0.165568;-0.69107;0.526997;-0.893736
-0.715789;-0.96218;0.153543;-1.2407;0.016;-0.345022;-0.930201;0.282718;1.53511
3.84145;0.172311;0.296653;2.24539;0.016;3.85616;0.0853606;0.389358;2.4149
-12.2524;-10.0093;0.501503;2.02742;0;-12.2513;-10.0663;0.42558;-2.53552
-10.3599;-11.9228;0.223542;1.75629;0.079;-10.2453;-11.9307;0.194978;0.590126
-4.13344;-10.4495;0.492443;2.85817;0.016;-4.10071;-10.388;0.40242;1.40753
-0.64929;2.95792;0.306306;-1.19762;0.016;-0.880698;2.62574;0.454789;0.0289682
-5.89986;-4.48616;0.603599;-2.8666;0.016;-5.66009;-3.73021;0.622881;-3.12493
-2.83648;3.83163;0.153534;0.71761;0.016;-2.55017;4.28322;0.427611;-2.12381
-0.808004;-1.31128;0.240266;-2.36672;0.016;-0.715789;-0.96218;0.153543;-1.2407
6.55107;-0.256913;0.363711;-1.17644;0.034;6.61714;-0.611718;0.441255;-1.51624
-5.26198;-4.14217;0.595182;-2.92034;0.016;-5.00612;-3.91841;0.38203;-3.12969
-4.40247;-3.39751;0.596325;2.44626;0.016;-4.2248;-3.57099;0.70637;1.39537
-11.857;-12.1035;0.273178;1.77015;0.078;-11.9581;-12.0745;0.412312;0.35471
-0.97304;-4.40539;0.546279;-2.95373;0.016;-1.17985;-4.40657;0.677955;0.822966
-1.38319;6.45127;0.416818;-0.452582;0.016;-1.35234;6.31015;0.525513;-1.83283
-6.24243;5.03773;0.40722;2.06316;0.026;-5.80089;5.25049;0.520889;1.25034
-1.64051;-2.44651;0.646549;-2.5762;0.016;-0.807667;-2.53046;0.625729;0.29817
-7.92756;-8.24134;0.713372;1.31571;0.016;-8.16191;-8.00835;0.496143;-2.28778
0.346059;1.39492;0.174302;-1.30016;0.016;0.866206;1.9398;0.165584;1.18138
1.23087;4.11864;0.47429;0.479122;0.016;0.970491;4.18713;0.779395;-1.54701
-3.87297;-3.05235;0.615671;1.46653;0.016;-4.09293;-3.28799;0.201749;-1.84757
-3.9972;-5.73253;0.682607;-2.21049;0.016;-4.06779;-6.09953;0.722777;2.56819
-9.73044;-5.77698;0.627432;2.97848;0.016;-9.77934;-5.72567;0.651693;-2.29181
-6.29364;-10.3294;0.25696;-2.69211;0.016;-6.37099;-10.3825;0.455465;-0.560061
2.48356;-8.29166;0.198237;-2.3142;0.022;2.25844;-7.9012;0.352492;-0.420258
3.4026;-7.36064;0.205129;-2.44791;0.026;3.0676;-7.65552;0.354121;1.34684
-3.61777;4.15853;0.820067;1.0671;0.018;-3.49884;3.99676;0.561674;-1.75777
-2.45998;-12.3781;0.729329;1.82059;0.016;-2.42548;-12.1657;0.753776;-3.00813
-9.64062;-5.80018;0.724879;-2.22916;0.016;-9.67251;-5.8177;0.6853;-0.731218
-11.169;-12.414;0.679054;-1.70446;0.003;-10.904;-12.2949;0.606031;0.289905
-10.0519;-9.57599;0.16368;-0.413329;0.015;-10.0745;-9.68862;0.177672;-0.515757
-10.5326;-10.3635;0.678763;-0.738087;0.015;-10.4725;-10.3455;0.44347;0.283168
-3.40367;-0.85672;0.376059;-1.15605;0.016;-3.68048;-1.05383;0.654214;-2.35055
-2.32012;-9.91695;0.546591;2.14205;0.016;-2.21772;-10.0865;0.500375;-1.26615
6.18553;1.99654;0.732738;0.394224;0.034;6.18151;2.30578;0.288468;-1.59929
2.36667;6.0352;0.316311;-1.25547;0.016;2.52275;6.37379;0.487082;-1.24965
1.94238;-0.962116;0.295075;-1.09977;0.016;1.85032;-0.705629;0.412849;2.51332
2.28484;-4.31378;0.479684;-1.22929;0.016;2.18965;-4.04424;0.400552;2.6011
-0.185932;-11.5243;0.459425;-0.574455;0.016;-0.428702;-11.5812;0.527501;-1.97705
-4.0955;7.67183;0.829325;0.360036;1.795;-4.1899;7.53514;0.226898;-2.06502
