-7.74596;5.82524;0.414253;-0.859219;0.002;-8.5998;5.30493;0.398659;-2.06728
-13.6663;4.57798;0.203639;-1.5318;0.002;-13.4977;4.19681;0.688392;0.122257
-11.5964;5.21686;0.280229;0.0689274;0.002;-11.5953;5.17124;0.352501;-1.47568
-8.03311;4.20108;0.535116;1.85164;0.002;-8.197;4.38969;0.407913;0.496403
-13.4111;-4.31713;0.420016;0.598739;0.111;-13.0037;-3.41171;0.539325;-0.00274518
-14.1594;0.68841;0.556153;2.96883;0.002;-13.695;0.812554;0.555757;0.0215867
-12.4433;7.77878;0.680765;-1.38019;0.002;-12.2507;8.00064;0.514635;0.61256
-14.1165;8.30161;0.301151;-2.3112;0.002;-13.2213;8.13443;0.714396;2.99277
-8.90894;8.07538;0.631693;-0.100471;0;-9.85249;7.74417;0.627569;-2.91026
-7.96363;8.36934;0.490311;-1.18721;0;-8.90894;8.07538;0.631693;-0.100471
-6.98095;8.55457;0.48633;1.91645;0;-7.96363;8.36934;0.490311;-1.18721
-12.9439;3.5736;0.162417;0.548518;0.002;-12.6567;3.65579;0.690743;2.91847
-5.99853;8.74126;0.483485;2.92351;0;-6.98095;8.55457;0.48633;1.91645
-12.5206;-1.83614;0.241711;1.20686;0.074;-12.3979;-1.49373;0.569998;2.43456
-9.68666;5.89185;0.793379;1.84919;0.002;-9.53664;5.63604;0.511297;-1.94798
-5.57235;9.64505;0.444305;-2.22428;0;-5.99853;8.74126;0.483485;2.92351
-4.58494;9.48754;0.429957;1.18538;0;-5.57235;9.64505;0.444305;-2.22428
-3.59076;9.59356;0.410812;-0.944155;0;-4.58494;9.48754;0.429957;1.18538
-2.89748;10.314;0.391521;-1.10752;0.011;-3.59076;9.59356;0.410812;-0.944155
-1.93981;10.6018;0.385926;0.965484;0.031;-2.89748;10.314;0.391521;-1.10752
-9.84377;-3.66189;0.307499;-0.516011;0.316;-10.3235;-4.49189;0.59205;-0.949495
-1.43785;9.73741;0.414892;-1.76107;0.161;-1.93981;10.6018;0.385926;0.965484
-5.19043;10.0245;0.298431;-2.96864;0;-5.57235;9.64505;0.444305;-2.22428
-5.8416;10.7834;0.308252;1.97051;0;-5.19043;10.0245;0.298431;-2.96864
-10.8876;6.05753;0.463927;-2.15889;0.002;-10.8295;5.87941;0.624431;2.57782
-5.46682;11.6872;0.514712;2.27474;0;-5.8416;10.7834;0.308252;1.97051
-6.4337;11.94;0.479006;2.48385;0;-5.46682;11.6872;0.514712;2.27474
-4.10886;9.74019;0.323217;-0.853548;0;-3.59076;9.59356;0.410812;-0.944155
-2.39255;9.9221;0.810405;-1.40657;0.099;-2.89748;10.314;0.391521;-1.10752
-13.0709;4.23219;0.675274;-2.44682;0.002;-13.4977;4.19681;0.688392;0.122257
-9.28811;3.53256;0.563604;1.79646;0.002;-9.08502;3.94551;0.289091;-0.0405245
-6.28279;11.4071;0.167628;-3.09579;0;-6.4337;11.94;0.479006;2.48385
-12.0749;1.92515;0.838558;-0.698093;0.002;-11.8067;1.49986;0.585253;0.209361
-12.644;-3.55728;0.401642;-0.292273;0.111;-13.0037;-3.41171;0.539325;-0.00274518
-10.0444;6.20448;0.269499;1.55358;0.002;-10.4522;6.01414;0.648267;0.69979
-2.83105;10.1049;0.282412;-1.76682;0.022;-2.89748;10.314;0.391521;-1.10752
-14.0337;0.534027;0.545679;-2.90934;0.002;-14.1594;0.68841;0.556153;2.96883
-5.73652;7.78112;0.386118;-0.346975;0;-5.99853;8.74126;0.483485;2.92351
-5.22308;11.6148;0.453089;-1.81101;0;-5.46682;11.6872;0.514712;2.27474
-5.58278;11.1855;0.45595;-2.63345;0;-5.8416;10.7834;0.308252;1.97051
-8.4942;5.79228;0.324439;-2.72337;0.002;-8.5998;5.30493;0.398659;-2.06728
-14.5314;4.98257;0.394834;-1.58396;0.002;-13.6663;4.57798;0.203639;-1.5318
-4.67081;12.4484;0.462954;-1.44671;0;-5.22308;11.6148;0.453089;-1.81101
-4.20361;10.0291;0.623821;2.98285;0;-4.10886;9.74019;0.323217;-0.853548
-2.97273;9.60646;0.735699;2.7228;0.099;-2.39255;9.9221;0.810405;-1.40657
-12.5371;1.99473;0.466304;2.6238;0.002;-12.407;1.61232;0.361677;1.56746
-10.077;-2.70733;0.493009;1.52168;0.316;-9.84377;-3.66189;0.307499;-0.516011
-5.53664;12.0498;0.444481;-1.98705;0;-5.46682;11.6872;0.514712;2.27474
-6.95236;7.87516;0.288458;-1.50086;0;-6.98095;8.55457;0.48633;1.91645
-6.42093;7.49268;0.423945;-0.0970785;0;-6.95236;7.87516;0.288458;-1.50086
-13.7834;1.53428;0.69368;-0.25018;0.002;-13.385;1.76204;0.506915;2.23094
-4.49651;10.0296;0.846898;-0.783446;0;-4.20361;10.0291;0.623821;2.98285
-6.04117;8.16693;0.841073;-1.86562;0;-5.73652;7.78112;0.386118;-0.346975
-13.2763;3.85693;0.845377;2.06697;0.002;-13.4977;4.19681;0.688392;0.122257
-3.12278;10.1779;0.444563;-1.72096;0.012;-2.89748;10.314;0.391521;-1.10752
-10.2184;7.50281;0.656107;-2.85703;0;-10.5842;7.60282;0.578233;3.09755
-9.88613;2.05252;0.825829;-1.55155;0.002;-9.78867;2.52273;0.757399;-2.4746
-7.74168;3.58674;0.464026;2.37768;0.002;-8.03311;4.20108;0.535116;1.85164
-13.7007;5.90639;0.665842;-2.7607;0.002;-13.6229;6.19186;0.714656;1.51486
-3.68008;12.5581;0.382845;-1.38932;0;-4.67081;12.4484;0.462954;-1.44671
-9.4065;6.35687;0.419789;-1.15093;0.002;-9.68666;5.89185;0.793379;1.84919
-9.19528;7.88559;0.831941;-0.901868;0;-8.90894;8.07538;0.631693;-0.100471
-6.45076;11.822;0.826415;-1.17075;0;-6.4337;11.94;0.479006;2.48385
-4.60495;10.5435;0.80166;-1.79461;0;-4.49651;10.0296;0.846898;-0.783446
-9.76287;-4.02372;0.849646;0.563079;0.316;-9.84377;-3.66189;0.307499;-0.516011
-10.8433;-3.71956;0.286743;0.805576;0.124;-11.1982;-4.00756;0.574352;0.0153308
-12.2464;4.94466;0.302489;0.325126;0.002;-11.5953;5.17124;0.352501;-1.47568
-4.10015;9.90918;0.549804;-1.9974;0;-4.20361;10.0291;0.623821;2.98285
-10.5121;2.17236;0.693642;2.42801;0.002;-11.0758;2.18045;0.534694;-2.3137
-9.71327;4.32631;0.330435;-2.65447;0.002;-9.70364;4.3065;0.597701;0.765108
-9.81312;7.79433;0.26614;-3.11258;0.001;-9.85249;7.74417;0.627569;-2.91026
-13.6811;-1.62996;0.774509;-2.82472;0.111;-12.8729;-2.12445;0.628964;-3.0937
-8.42399;4.52466;0.345168;-3.08825;0.002;-8.197;4.38969;0.407913;0.496403
-13.3996;-2.19846;0.64732;-0.36272;0.111;-12.8729;-2.12445;0.628964;-3.0937
-10.3879;-2.94661;0.42964;3.11382;0.316;-10.077;-2.70733;0.493009;1.52168
-11.2876;5.42414;0.751076;-2.75295;0.002;-11.0897;5.63452;0.828639;1.05996
-13.1448;4.18888;0.5394;-1.64736;0.002;-13.0709;4.23219;0.675274;-2.44682
-11.7005;4.67361;0.260344;0.229686;0.002;-11.5953;5.17124;0.352501;-1.47568
-11.8644;1.73628;0.202171;-1.97844;0.002;-11.8067;1.49986;0.585253;0.209361
-6.23326;9.23759;0.575076;1.50362;0;-5.99853;8.74126;0.483485;2.92351
-2.77227;9.88407;0.366835;-1.02774;0.053;-2.83105;10.1049;0.282412;-1.76682
-9.50933;3.68425;0.585354;-2.38634;0.002;-9.28811;3.53256;0.563604;1.79646
-6.04139;9.77049;0.304178;-0.817828;0;-5.57235;9.64505;0.444305;-2.22428
-2.73304;12.3698;0.64295;3.06276;0;-3.68008;12.5581;0.382845;-1.38932
-1.77227;12.6468;0.654926;2.72807;0;-2.73304;12.3698;0.64295;3.06276
-12.225;4.75317;0.737758;2.09983;0.002;-12.2464;4.94466;0.302489;0.325126
-13.8168;1.23745;0.341859;-2.01918;0.021;-13.7834;1.53428;0.69368;-0.25018
-14.5492;7.67039;0.165228;-1.51371;0.002;-14.1165;8.30161;0.301151;-2.3112
-10.1526;-4.15047;0.399881;1.25102;0.316;-10.3235;-4.49189;0.59205;-0.949495
-10.1506;-3.74105;0.706434;-1.16023;0.446;-9.76287;-4.02372;0.849646;0.563079
-5.95681;8.01014;0.583338;1.87035;0;-6.04117;8.16693;0.841073;-1.86562
-12.3486;2.19917;0.378604;-0.541269;0.002;-12.5371;1.99473;0.466304;2.6238
-8.08868;6.18363;0.683607;-2.34636;0.002;-7.74596;5.82524;0.414253;-0.859219
-2.81057;11.2611;0.37426;2.9598;0.011;-2.89748;10.314;0.391521;-1.10752
-2.27008;10.6359;0.459777;1.60137;0.051;-1.93981;10.6018;0.385926;0.965484
-13.1443;-3.87919;0.585545;-0.307351;0.111;-13.0037;-3.41171;0.539325;-0.00274518
-13.0956;-0.0369191;0.683688;1.69147;0.002;-12.8565;-0.150851;0.833566;2.96478
-9.92907;3.81934;0.782138;2.55816;0.002;-10.176;3.44438;0.781139;1.49854
-14.0155;6.83795;0.545006;-0.223518;0.002;-13.5469;7.18894;0.722119;-3.09497
-9.94965;3.50541;0.329724;2.18477;0.002;-10.176;3.44438;0.781139;1.49854
-10.6798;-4.24551;0.836262;2.04373;0.316;-10.3235;-4.49189;0.59205;-0.949495
-13.5407;5.37322;0.72776;-1.83244;0.002;-13.5319;5.19621;0.695275;-2.1228
-11.7859;-1.05857;0.284749;-1.28131;0.043;-12.0881;-0.787906;0.771713;2.6756
-14.4094;-4.37219;0.397631;-0.366292;0.111;-13.4111;-4.31713;0.420016;0.598739
-12.8403;2.51971;0.179891;-1.90025;0.002;-12.3486;2.19917;0.378604;-0.541269
-12.0799;6.23136;0.616082;-2.05843;0.002;-11.4286;6.15475;0.282362;0.390683
-8.58612;8.03253;0.72097;2.33066;0;-8.90894;8.07538;0.631693;-0.100471
-10.5008;2.28919;0.423881;2.07947;0.002;-10.5121;2.17236;0.693642;2.42801
-5.09193;11.3277;0.278295;0.114228;0;-5.22308;11.6148;0.453089;-1.81101
-12.6851;8.09426;0.274695;2.93455;0.002;-12.2507;8.00064;0.514635;0.61256
-4.58232;10.82;0.548138;-0.909803;0;-4.60495;10.5435;0.80166;-1.79461
-9.28191;5.73654;0.75743;1.98649;0.002;-9.53664;5.63604;0.511297;-1.94798
-10.1199;-2.13944;0.394774;-0.716345;0.316;-10.077;-2.70733;0.493009;1.52168
-6.16006;9.5803;0.236422;2.91041;0;-6.04139;9.77049;0.304178;-0.817828
-4.18403;9.70459;0.80065;1.94336;0;-4.10015;9.90918;0.549804;-1.9974
-5.89591;9.55531;0.814774;-0.887573;0;-5.57235;9.64505;0.444305;-2.22428
-9.73545;-2.94607;0.593677;0.265704;0.316;-10.077;-2.70733;0.493009;1.52168
-14.3584;5.55996;0.386227;1.89414;0.002;-14.5314;4.98257;0.394834;-1.58396
-10.5173;8.15208;0.521597;1.75988;0;-10.5842;7.60282;0.578233;3.09755
-13.9549;-2.4647;0.383396;0.325101;0.111;-13.6875;-2.70003;0.700279;0.86277
-8.36642;3.93341;0.672585;-2.57391;0.002;-8.03311;4.20108;0.535116;1.85164
-12.9899;4.0789;0.814475;2.25958;0.002;-13.0709;4.23219;0.675274;-2.44682
-13.5121;-1.83061;0.290374;0.769688;0.111;-13.3996;-2.19846;0.64732;-0.36272
-9.94528;-3.55541;0.47416;1.14704;0.316;-9.84377;-3.66189;0.307499;-0.516011
-11.873;4.39722;0.513928;-1.91783;0.002;-11.8825;4.28785;0.722827;-0.959058
-7.70294;4.36443;0.792835;-2.8682;0.002;-8.03311;4.20108;0.535116;1.85164
-12.7992;-1.95546;0.381977;0.73305;0.111;-12.8729;-2.12445;0.628964;-3.0937
-14.04;-2.68047;0.279442;-2.68913;0.111;-13.9549;-2.4647;0.383396;0.325101
-14.3074;2.24499;0.282803;-1.30241;0.112;-13.7834;1.53428;0.69368;-0.25018
-12.1238;0.323161;0.652113;-1.16108;0.002;-12.8565;-0.150851;0.833566;2.96478
-9.15969;6.47516;0.508884;2.34722;0.002;-9.4065;6.35687;0.419789;-1.15093
-13.8186;-0.0512031;0.187883;0.504785;0.03;-13.7612;-0.185199;0.565531;-1.51301
-4.55828;9.71296;0.456683;2.71395;0;-4.58494;9.48754;0.429957;1.18538
-10.0916;-1.23449;0.371736;-0.282118;0.316;-10.1199;-2.13944;0.394774;-0.716345
-5.86094;10.4289;0.423038;-1.34824;0;-5.8416;10.7834;0.308252;1.97051
-10.3303;-0.853929;0.716687;-1.894;0.316;-10.0916;-1.23449;0.371736;-0.282118
-9.0196;6.1465;0.219209;1.34117;0.002;-9.15969;6.47516;0.508884;2.34722
-1.85897;11.8351;0.175718;-2.12949;0;-1.77227;12.6468;0.654926;2.72807
-11.2451;8.01579;0.412257;2.71345;0;-11.2686;8.18892;0.50976;2.62498
-14.5359;-4.39845;0.565957;-0.443578;0.111;-14.4094;-4.37219;0.397631;-0.366292
-12.4416;4.27134;0.741177;0.117733;0.002;-12.225;4.75317;0.737758;2.09983
-3.08009;12.4267;0.587102;-2.97028;0;-2.73304;12.3698;0.64295;3.06276
-4.32867;10.5007;0.446074;-2.94339;0;-4.58232;10.82;0.548138;-0.909803
-3.86548;11.7027;0.661717;1.4747;0;-3.68008;12.5581;0.382845;-1.38932
-14.6488;1.97353;0.82801;1.18802;0.112;-14.3074;2.24499;0.282803;-1.30241
-13.7213;-4.07838;0.373123;1.81198;0.168;-13.4111;-4.31713;0.420016;0.598739
-12.4289;8.35473;0.184497;-2.47214;0.002;-12.6851;8.09426;0.274695;2.93455
-1.50104;11.9986;0.479245;1.29623;0.152;-1.85897;11.8351;0.175718;-2.12949
-7.10052;9.82268;0.474737;-2.79839;0;-6.16006;9.5803;0.236422;2.91041
-13.4522;-2.96265;0.618181;-1.99826;0.111;-13.6875;-2.70003;0.700279;0.86277
-12.3796;8.18313;0.682792;2.69621;0.002;-12.2507;8.00064;0.514635;0.61256
-4.21158;9.73643;0.539238;-1.94351;0;-4.10015;9.90918;0.549804;-1.9974
-5.76549;8.08362;0.80133;-0.97875;0;-6.04117;8.16693;0.841073;-1.86562
-13.2494;2.07449;0.70758;2.31538;0.002;-13.385;1.76204;0.506915;2.23094
-2.1614;9.86912;0.336586;2.39074;0.099;-2.39255;9.9221;0.810405;-1.40657
-12.3254;2.31728;0.381553;2.81076;0.002;-12.3486;2.19917;0.378604;-0.541269
-6.04112;9.21557;0.829722;2.24132;0;-6.23326;9.23759;0.575076;1.50362
-12.0888;-1.59224;0.635611;-0.190908;0.043;-11.971;-1.77709;0.683404;-0.79248
-12.1314;-0.0955823;0.3414;-2.8326;0.12;-12.1238;0.323161;0.652113;-1.16108
-13.8554;-0.0689732;0.249813;1.93915;0.03;-13.8186;-0.0512031;0.187883;0.504785
-12.0803;-4.0392;0.509276;0.604713;0.124;-12.1977;-4.00356;0.542983;2.39037
-11.9018;5.5043;0.268111;0.253214;0.002;-11.5964;5.21686;0.280229;0.0689274
-9.41823;-0.448029;0.774602;-2.59309;0.316;-10.3303;-0.853929;0.716687;-1.894
-7.84133;4.82577;0.184603;-0.778713;0.002;-8.197;4.38969;0.407913;0.496403
-8.44234;-0.446411;0.55638;-0.159345;0.316;-9.41823;-0.448029;0.774602;-2.59309
-11.8481;0.0105469;0.429165;0.656819;0.12;-12.1314;-0.0955823;0.3414;-2.8326
-5.775;9.48806;0.308674;-0.217832;0;-5.57235;9.64505;0.444305;-2.22428
-13.9727;3.75529;0.354785;1.3545;0.002;-13.4977;4.19681;0.688392;0.122257
-11.8212;1.70558;0.288266;1.45235;0.002;-11.8644;1.73628;0.202171;-1.97844
-7.74009;0.26159;0.631069;-1.90955;0.316;-8.44234;-0.446411;0.55638;-0.159345
-3.62441;10.632;0.749658;-0.430569;0.012;-3.12278;10.1779;0.444563;-1.72096
-5.37821;11.2107;0.606021;-2.78044;0;-5.58278;11.1855;0.45595;-2.63345
-14.3981;7.21789;0.481008;-0.856455;0.002;-14.0155;6.83795;0.545006;-0.223518
-7.09695;7.60969;0.830534;-1.42205;0;-6.95236;7.87516;0.288458;-1.50086
-12.7679;-4.60843;0.69317;3.02587;0.111;-13.4111;-4.31713;0.420016;0.598739
-9.24303;6.27322;0.775826;1.41181;0.002;-9.15969;6.47516;0.508884;2.34722
-9.86923;3.85485;0.279373;2.91047;0.002;-9.94965;3.50541;0.329724;2.18477
-6.41915;10.2223;0.72426;2.46658;0;-5.86094;10.4289;0.423038;-1.34824
-14.3211;5.30218;0.224754;-1.7032;0.002;-14.3584;5.55996;0.386227;1.89414
-12.0448;6.10282;0.376576;1.76633;0.002;-12.0799;6.23136;0.616082;-2.05843
-7.88856;10.4381;0.492389;-2.3335;0;-7.10052;9.82268;0.474737;-2.79839
-9.77242;-1.5358;0.238749;2.00301;0.316;-10.0916;-1.23449;0.371736;-0.282118
-10.3083;-0.501665;0.230309;-0.0438643;0.316;-10.3303;-0.853929;0.716687;-1.894
-8.23371;4.63964;0.301037;-1.2224;0.002;-8.42399;4.52466;0.345168;-3.08825
-12.5555;-4.4362;0.838558;3.01142;0.111;-12.7679;-4.60843;0.69317;3.02587
-13.2749;7.99436;0.292783;3.12207;0.002;-13.2213;8.13443;0.714396;2.99277
-12.0954;4.77802;0.532781;-3.06838;0.002;-12.225;4.75317;0.737758;2.09983
-7.8983;1.23838;0.486686;-0.870064;0.316;-7.74009;0.26159;0.631069;-1.90955
-3.09336;11.7608;0.584822;2.78348;0.011;-2.81057;11.2611;0.37426;2.9598
-9.03463;-0.0249437;0.321599;-0.856927;0.316;-9.41823;-0.448029;0.774602;-2.59309
-4.31288;10.9054;0.320602;0.969823;0;-4.58232;10.82;0.548138;-0.909803
-6.90558;1.33622;0.556909;0.538373;0.316;-7.8983;1.23838;0.486686;-0.870064
-9.90078;-2.50442;0.82161;-0.076233;0.316;-10.077;-2.70733;0.493009;1.52168
-11.6145;6.0845;0.529147;-2.79702;0.002;-11.4286;6.15475;0.282362;0.390683
-7.8057;8.06545;0.151028;1.55409;0;-7.96363;8.36934;0.490311;-1.18721
-2.13218;11.6265;0.825181;1.71164;0.119;-1.85897;11.8351;0.175718;-2.12949
-6.23623;2.07143;0.449966;-0.630048;0.316;-6.90558;1.33622;0.556909;0.538373
-9.77127;-3.87832;0.433727;-2.70666;0.316;-9.84377;-3.66189;0.307499;-0.516011
-9.66611;2.71444;0.803532;1.9536;0.002;-9.78867;2.52273;0.757399;-2.4746
-10.4434;5.9028;0.712829;0.711691;0.002;-10.4522;6.01414;0.648267;0.69979
-5.47537;10.6765;0.444061;-1.52223;0;-5.8416;10.7834;0.308252;1.97051
-11.1478;1.72833;0.425881;0.343533;0.002;-11.0758;2.18045;0.534694;-2.3137
-8.88736;10.43;0.44402;-1.50623;0;-7.88856;10.4381;0.492389;-2.3335
-3.25685;10.7731;0.674286;-1.23358;0.013;-3.62441;10.632;0.749658;-0.430569
-4.38343;10.1487;0.386018;2.63884;0;-4.20361;10.0291;0.623821;2.98285
-5.5268;1.36792;0.492306;-0.861889;0.316;-6.23623;2.07143;0.449966;-0.630048
-8.44314;1.12473;0.70296;-1.2341;0.316;-7.8983;1.23838;0.486686;-0.870064
-10.4695;7.4075;0.826472;2.35706;0;-10.2184;7.50281;0.656107;-2.85703
-2.26885;10.4544;0.451711;-0.0366381;0.051;-2.27008;10.6359;0.459777;1.60137
-3.00086;11.1466;0.695438;-0.0694551;0.011;-2.81057;11.2611;0.37426;2.9598
-9.39936;4.4076;0.56968;2.26237;0.002;-9.70364;4.3065;0.597701;0.765108
-12.5183;-0.199566;0.348319;1.23717;0.12;-12.1314;-0.0955823;0.3414;-2.8326
-5.50994;11.7013;0.401113;-0.645886;0;-5.46682;11.6872;0.514712;2.27474
-10.0065;5.6949;0.209781;-1.49404;0.002;-10.0444;6.20448;0.269499;1.55358
-9.49279;3.7281;0.221742;-0.804619;0.002;-9.50933;3.68425;0.585354;-2.38634
-12.3592;8.09468;0.656943;0.984677;0.002;-12.3796;8.18313;0.682792;2.69621
-7.99341;4.44264;0.842293;0.969464;0.002;-7.70294;4.36443;0.792835;-2.8682
-13.357;-2.08438;0.227779;-2.89267;0.147;-13.5121;-1.83061;0.290374;0.769688
-10.423;-3.14217;0.761692;-0.869644;0.391;-10.3879;-2.94661;0.42964;3.11382
-11.0005;1.85028;0.7227;0.27243;0.002;-11.1478;1.72833;0.425881;0.343533
-9.42846;9.63354;0.714051;0.955982;0;-8.88736;10.43;0.44402;-1.50623
-8.59201;0.112322;0.783937;-1.23339;0.316;-8.44234;-0.446411;0.55638;-0.159345
-12.1721;-2.28007;0.354419;0.840881;0.074;-12.5206;-1.83614;0.241711;1.20686
-14.4169;5.8429;0.510871;-2.36077;0.002;-14.3584;5.55996;0.386227;1.89414
-9.72437;9.87148;0.389487;-1.99335;0;-9.42846;9.63354;0.714051;0.955982
-4.20237;12.3984;0.751775;-1.24435;0;-4.67081;12.4484;0.462954;-1.44671
-10.3933;-0.0192896;0.43654;2.71832;0.316;-10.3083;-0.501665;0.230309;-0.0438643
-9.48773;7.91173;0.518831;1.08052;0;-9.85249;7.74417;0.627569;-2.91026
-10.2672;1.68471;0.215072;2.5255;0.002;-10.248;1.63801;0.678191;0.0430125
-14.4497;4.39325;0.199622;0.66175;0.002;-14.5314;4.98257;0.394834;-1.58396
-13.7087;0.820021;0.817657;-1.64146;0.039;-13.695;0.812554;0.555757;0.0215867
-5.74163;2.29278;0.506192;0.551729;0.316;-6.23623;2.07143;0.449966;-0.630048
-4.10506;10.5434;0.523144;-2.92717;0;-4.32867;10.5007;0.446074;-2.94339
-10.5778;10.3925;0.375124;0.894563;0;-9.72437;9.87148;0.389487;-1.99335
-8.54901;0.159408;0.73952;-2.17576;0.316;-8.59201;0.112322;0.783937;-1.23339
-13.6356;4.0152;0.845951;-0.748555;0.002;-13.4977;4.19681;0.688392;0.122257
-12.1137;7.88058;0.575062;0.07867;0.004;-12.2507;8.00064;0.514635;0.61256
-13.787;4.47567;0.294876;1.69113;0.002;-13.6663;4.57798;0.203639;-1.5318
-13.433;0.095425;0.661981;-1.35427;0.007;-13.0956;-0.0369191;0.683688;1.69147
-5.37901;11.0227;0.339148;2.06564;0;-5.58278;11.1855;0.45595;-2.63345
-13.297;-3.25992;0.507864;-0.158983;0.111;-13.0037;-3.41171;0.539325;-0.00274518
-6.07312;9.60727;0.672707;1.17322;0;-5.89591;9.55531;0.814774;-0.887573
-3.83708;10.532;0.661513;1.60122;0.012;-3.62441;10.632;0.749658;-0.430569
-3.31761;10.6965;0.844143;-2.58211;0.013;-3.25685;10.7731;0.674286;-1.23358
-6.95762;8.36118;0.195609;-1.68616;0;-6.98095;8.55457;0.48633;1.91645
-13.4987;1.09669;0.671022;2.20743;0.002;-13.695;0.812554;0.555757;0.0215867
-13.3754;-3.97873;0.467063;-0.173925;0.111;-13.1443;-3.87919;0.585545;-0.307351
-14.0461;4.22653;0.522491;-1.39604;0.002;-13.787;4.47567;0.294876;1.69113
-11.9939;-0.277563;0.568874;-2.12841;0.121;-12.1314;-0.0955823;0.3414;-2.8326
-12.8826;1.75448;0.545382;-3.07742;0.002;-12.5371;1.99473;0.466304;2.6238
-4.51131;10.7461;0.712261;0.89027;0;-4.58232;10.82;0.548138;-0.909803
-5.59702;8.6487;0.522648;-1.42153;0;-5.99853;8.74126;0.483485;2.92351
-10.8587;-3.51223;0.446526;1.55023;0.124;-10.8433;-3.71956;0.286743;0.805576
-3.26271;9.86247;0.153586;-0.28909;0.012;-3.12278;10.1779;0.444563;-1.72096
-8.0265;1.04789;0.185913;-1.96823;0.316;-7.8983;1.23838;0.486686;-0.870064
-7.54073;-0.0723358;0.24321;0.174024;0.316;-7.74009;0.26159;0.631069;-1.90955
-9.97327;2.18299;0.615491;1.81363;0.002;-9.88613;2.05252;0.825829;-1.55155
-10.3916;6.41412;0.299384;-2.2042;0.002;-10.0444;6.20448;0.269499;1.55358
-14.387;6.55059;0.504857;-0.988712;0.002;-14.0155;6.83795;0.545006;-0.223518
-14.246;7.98481;0.743743;2.82909;0.002;-14.1165;8.30161;0.301151;-2.3112
-11.4889;10.8011;0.428883;2.69018;0;-10.5778;10.3925;0.375124;0.894563
-12.9415;-1.42422;0.825228;-1.77657;0.072;-12.3979;-1.49373;0.569998;2.43456
-14.5319;6.04395;0.572501;-2.20634;0.002;-14.4169;5.8429;0.510871;-2.36077
-5.80164;8.61444;0.389575;-1.96359;0;-5.59702;8.6487;0.522648;-1.42153
-6.21162;9.54186;0.35988;-2.09419;0;-6.16006;9.5803;0.236422;2.91041
-11.3878;1.59477;0.624484;-2.19469;0.002;-11.1478;1.72833;0.425881;0.343533
-3.17469;11.4283;0.340876;0.742927;0.011;-2.81057;11.2611;0.37426;2.9598
-14.0981;1.35285;0.836349;2.26781;0.002;-13.7834;1.53428;0.69368;-0.25018
-14.037;6.57538;0.40748;-1.20855;0.002;-14.0155;6.83795;0.545006;-0.223518
-13.2975;-4.45281;0.746713;0.795894;0.111;-13.4111;-4.31713;0.420016;0.598739
-12.0062;-0.18335;0.745665;0.130193;0.121;-11.9939;-0.277563;0.568874;-2.12841
-9.42311;6.01075;0.452453;2.75096;0.002;-9.4065;6.35687;0.419789;-1.15093
-13.5725;-4.42473;0.424778;2.48803;0.143;-13.4111;-4.31713;0.420016;0.598739
-11.7907;11.7514;0.505284;-2.98265;0;-11.4889;10.8011;0.428883;2.69018
-12.4924;12.4554;0.39598;2.18569;0;-11.7907;11.7514;0.505284;-2.98265
-9.26238;9.62209;0.309711;2.80715;0;-9.42846;9.63354;0.714051;0.955982
-7.43437;8.38138;0.51591;2.35752;0;-6.98095;8.55457;0.48633;1.91645
-10.3427;-3.70598;0.56161;-0.71237;0.446;-10.1506;-3.74105;0.706434;-1.16023
-13.1971;2.23744;0.4523;-2.30265;0.056;-13.2494;2.07449;0.70758;2.31538
-4.72068;10.2027;0.22655;1.9768;0;-4.38343;10.1487;0.386018;2.63884
-13.4238;-2.93687;0.757296;1.40965;0.111;-13.4522;-2.96265;0.618181;-1.99826
-3.24138;11.3553;0.649125;2.7653;0.011;-3.00086;11.1466;0.695438;-0.0694551
-9.30999;-0.214607;0.652573;-2.05949;0.316;-9.41823;-0.448029;0.774602;-2.59309
-13.2991;-4.12057;0.174269;3.03422;0.111;-13.4111;-4.31713;0.420016;0.598739
-5.32404;9.74118;0.675213;-1.05816;0;-5.57235;9.64505;0.444305;-2.22428
-1.60507;12.422;0.568064;-2.7235;0;-1.77227;12.6468;0.654926;2.72807
-11.8106;12.3488;0.803362;-2.42964;0;-11.7907;11.7514;0.505284;-2.98265
-14.5808;5.82277;0.219283;0.826074;0.002;-14.4169;5.8429;0.510871;-2.36077
-12.4895;-1.66043;0.659826;2.33082;0.084;-12.3979;-1.49373;0.569998;2.43456
-9.5491;6.34762;0.261841;-0.807034;0.002;-9.4065;6.35687;0.419789;-1.15093
-12.3098;4.70022;0.271943;1.75135;0.002;-12.2464;4.94466;0.302489;0.325126
-13.4438;-0.127502;0.741441;-3.11973;0.007;-13.433;0.095425;0.661981;-1.35427
-14.5353;-0.0288482;0.59131;0.28861;0.097;-14.0337;0.534027;0.545679;-2.90934
-11.676;13.3352;0.709;-2.86112;0;-11.8106;12.3488;0.803362;-2.42964
-2.12343;10.5679;0.754935;1.29966;0.061;-2.27008;10.6359;0.459777;1.60137
-1.81362;10.148;0.588032;0.733003;0.099;-2.1614;9.86912;0.336586;2.39074
-14.215;-0.000649749;0.796421;0.414195;0.098;-14.5353;-0.0288482;0.59131;0.28861
-6.0237;10.2385;0.657855;-3.09284;0;-5.86094;10.4289;0.423038;-1.34824
-5.39309;12.4626;0.54589;3.00683;0;-5.53664;12.0498;0.444481;-1.98705
-9.98274;-3.63462;0.416277;2.06154;0.316;-9.94528;-3.55541;0.47416;1.14704
-11.5129;12.5056;0.593929;-0.0765355;0;-11.8106;12.3488;0.803362;-2.42964
-5.17985;9.70615;0.42873;1.58732;0;-5.32404;9.74118;0.675213;-1.05816
-12.202;11.6955;0.817188;0.103512;0;-11.7907;11.7514;0.505284;-2.98265
-8.24938;-0.0604549;0.333815;2.54063;0.316;-8.44234;-0.446411;0.55638;-0.159345
-5.64548;1.60065;0.728505;-2.83645;0.316;-5.5268;1.36792;0.492306;-0.861889
-9.65905;2.99782;0.457929;1.83209;0.002;-9.66611;2.71444;0.803532;1.9536
-3.79968;11.936;0.741479;-0.771907;0;-3.86548;11.7027;0.661717;1.4747
-1.92769;12.3013;0.336084;-0.725319;0;-1.60507;12.422;0.568064;-2.7235
-8.48761;9.66769;0.500477;-2.14363;0;-9.26238;9.62209;0.309711;2.80715
-10.124;0.217987;0.333373;-0.441358;0.316;-10.3933;-0.0192896;0.43654;2.71832
-5.5225;12.5521;0.682991;-1.90668;0;-5.39309;12.4626;0.54589;3.00683
-12.4975;11.1783;0.780133;0.974348;0;-12.202;11.6955;0.817188;0.103512
-10.946;6.25801;0.520862;1.00529;0.002;-10.8876;6.05753;0.463927;-2.15889
-5.63586;0.406586;0.239445;-2.12553;0.316;-5.5268;1.36792;0.492306;-0.861889
-12.0163;-4.47793;0.58633;-2.76096;0.124;-12.0803;-4.0392;0.509276;0.604713
-7.81481;5.32254;0.655142;2.79324;0.002;-7.74596;5.82524;0.414253;-0.859219
-13.4119;-2.90127;0.376938;0.53433;0.111;-13.4522;-2.96265;0.618181;-1.99826
-11.7928;5.42094;0.751882;-0.928226;0.002;-11.9018;5.5043;0.268111;0.253214
-5.55336;-0.588311;0.297522;3.02325;0.316;-5.63586;0.406586;0.239445;-2.12553
-9.96149;-1.64165;0.792462;0.280642;0.316;-9.77242;-1.5358;0.238749;2.00301
-6.06717;-0.612661;0.802316;-1.86947;0.316;-5.55336;-0.588311;0.297522;3.02325
-13.5915;-0.193415;0.800105;-1.00547;0.007;-13.4438;-0.127502;0.741441;-3.11973
-11.9902;14.2845;0.719346;-2.13365;0;-11.676;13.3352;0.709;-2.86112
-12.411;14.2124;0.780844;0.0958834;0;-11.9902;14.2845;0.719346;-2.13365
-10.2915;-3.93797;0.683651;3.04521;0.446;-10.1506;-3.74105;0.706434;-1.16023
-9.29522;4.444;0.434909;1.08258;0.002;-9.39936;4.4076;0.56968;2.26237
-3.89283;10.8789;0.752769;0.988441;0.012;-3.83708;10.532;0.661513;1.60122
-9.90937;3.4629;0.368767;0.6277;0.002;-9.94965;3.50541;0.329724;2.18477
-8.15654;3.66288;0.45439;-2.51994;0.002;-8.36642;3.93341;0.672585;-2.57391
-10.6928;8.16542;0.649343;-1.30251;0;-10.5173;8.15208;0.521597;1.75988
-7.03194;10.3246;0.15085;-1.95082;0;-7.10052;9.82268;0.474737;-2.79839
-9.25875;8.22783;0.706096;2.83121;0.001;-9.19528;7.88559;0.831941;-0.901868
-9.61473;4.10045;0.186192;-1.79245;0.002;-9.71327;4.32631;0.330435;-2.65447
-3.93937;10.0189;0.716805;-0.21082;0;-4.10015;9.90918;0.549804;-1.9974
-14.55;7.08736;0.309834;-0.366532;0.002;-14.3981;7.21789;0.481008;-0.856455
-8.69035;5.66481;0.829469;2.80135;0.002;-8.4942;5.79228;0.324439;-2.72337
-12.7329;-1.44979;0.533491;0.751207;0.072;-12.3979;-1.49373;0.569998;2.43456
-9.80328;2.27616;0.534395;-0.867961;0.002;-9.97327;2.18299;0.615491;1.81363
-6.00741;9.16839;0.565471;-2.67924;0;-6.23326;9.23759;0.575076;1.50362
-8.47501;6.2619;0.719161;-0.0530446;0.002;-8.08868;6.18363;0.683607;-2.34636
-12.6852;13.1111;0.812251;0.683547;0;-12.4924;12.4554;0.39598;2.18569
-11.9573;15.2534;0.474228;0.0669838;0;-11.9902;14.2845;0.719346;-2.13365
-11.0698;15.7142;0.476176;1.54029;0;-11.9573;15.2534;0.474228;0.0669838
-13.987;-2.11375;0.4904;2.2012;0.112;-13.9549;-2.4647;0.383396;0.325101
-6.08863;12.2523;0.576538;-0.77604;0;-6.4337;11.94;0.479006;2.48385
-8.8499;4.09356;0.245634;-2.66805;0.002;-9.08502;3.94551;0.289091;-0.0405245
-10.6727;-4.10864;0.41305;-1.62471;0.299;-10.8433;-3.71956;0.286743;0.805576
-11.2824;9.70949;0.567474;-1.95985;0;-10.5778;10.3925;0.375124;0.894563
-11.7003;1.88423;0.168475;-0.65127;0.002;-11.8644;1.73628;0.202171;-1.97844
-12.1116;11.5762;0.456324;-2.52166;0;-11.7907;11.7514;0.505284;-2.98265
-3.45963;9.53928;0.479948;1.89056;0;-3.59076;9.59356;0.410812;-0.944155
-13.7846;-3.73483;0.38959;-2.18355;0.168;-13.7213;-4.07838;0.373123;1.81198
-7.94382;1.36801;0.441151;-0.951221;0.316;-7.8983;1.23838;0.486686;-0.870064
-6.22927;9.33805;0.495176;2.52044;0;-6.23326;9.23759;0.575076;1.50362
-1.65926;11.5165;0.485665;1.54808;0.111;-1.85897;11.8351;0.175718;-2.12949
-6.15125;-1.39642;0.42573;2.17486;0.316;-6.06717;-0.612661;0.802316;-1.86947
-13.4139;-3.23943;0.771252;-2.97866;0.111;-13.297;-3.25992;0.507864;-0.158983
-5.8781;8.51208;0.345436;-1.95727;0;-5.80164;8.61444;0.389575;-1.96359
-10.1209;15.4069;0.403986;2.20641;0;-11.0698;15.7142;0.476176;1.54029
-12.2992;12.1846;0.668782;-1.36734;0;-12.4924;12.4554;0.39598;2.18569
-10.1281;16.2238;0.205886;-1.05569;0;-10.1209;15.4069;0.403986;2.20641
-11.9892;8.22742;0.541085;1.05652;0.002;-12.2507;8.00064;0.514635;0.61256
-9.93134;-1.00389;0.740226;2.91149;0.316;-10.3303;-0.853929;0.716687;-1.894
-14.2821;8.27705;0.709044;1.97442;0.002;-14.246;7.98481;0.743743;2.82909
-4.85616;10.6185;0.698269;-0.132272;0;-4.60495;10.5435;0.80166;-1.79461
-6.98805;-1.92798;0.556962;-0.72313;0.316;-6.15125;-1.39642;0.42573;2.17486
-5.80172;-2.27854;0.741472;2.899;0.316;-6.15125;-1.39642;0.42573;2.17486
-12.2369;10.7375;0.540669;1.53321;0;-12.4975;11.1783;0.780133;0.974348
-14.3538;-1.7044;0.80889;2.49224;0.112;-13.987;-2.11375;0.4904;2.2012
-10.856;6.29136;0.342288;-2.15849;0.002;-10.946;6.25801;0.520862;1.00529
-12.2561;15.2236;0.28844;-0.37324;0;-11.9573;15.2534;0.474228;0.0669838
-6.1995;8.47339;0.666138;2.12076;0;-5.99853;8.74126;0.483485;2.92351
-10.2566;-2.10643;0.42941;2.00207;0.316;-10.1199;-2.13944;0.394774;-0.716345
-9.15414;15.1786;0.519151;1.64525;0;-10.1209;15.4069;0.403986;2.20641
-7.44717;7.56666;0.385173;-2.77063;0;-7.09695;7.60969;0.830534;-1.42205
-8.85782;0.74608;0.312239;-0.114236;0.316;-8.44314;1.12473;0.70296;-1.2341
-5.65109;10.3976;0.639379;-2.90657;0;-5.86094;10.4289;0.423038;-1.34824
-10.831;-4.31866;0.797311;-2.5134;0.316;-10.6798;-4.24551;0.836262;2.04373
-6.50405;10.7823;0.696169;-0.753207;0;-6.41915;10.2223;0.72426;2.46658
-13.0734;15.7708;0.468934;-0.402393;0;-12.2561;15.2236;0.28844;-0.37324
-13.2649;-3.9049;0.603651;-0.257132;0.111;-13.1443;-3.87919;0.585545;-0.307351
-11.7682;4.40583;0.82779;-1.176;0.002;-11.8825;4.28785;0.722827;-0.959058
-9.3691;8.15506;0.823518;2.20341;0.001;-9.25875;8.22783;0.706096;2.83121
-4.43729;9.82927;0.714841;2.1991;0;-4.49651;10.0296;0.846898;-0.783446
-2.09168;12.6186;0.480694;-1.97923;0;-1.77227;12.6468;0.654926;2.72807
-12.019;0.214093;0.666345;-2.97217;0.089;-12.1238;0.323161;0.652113;-1.16108
-5.74365;8.03804;0.55316;1.31682;0;-5.95681;8.01014;0.583338;1.87035
-10.5412;15.3834;0.721292;-1.83334;0;-10.1209;15.4069;0.403986;2.20641
-4.63231;9.51297;0.521219;1.06864;0;-4.58494;9.48754;0.429957;1.18538
-2.53169;11.9837;0.47285;1.92954;0.15;-2.73304;12.3698;0.64295;3.06276
-7.10938;10.1053;0.34719;1.98409;0;-7.03194;10.3246;0.15085;-1.95082
-12.2701;-0.596851;0.231843;0.176705;0.12;-12.5183;-0.199566;0.348319;1.23717
-3.59899;10.5479;0.276256;-1.89919;0.012;-3.83708;10.532;0.661513;1.60122
-6.40189;8.76289;0.640823;2.0674;0;-6.1995;8.47339;0.666138;2.12076
-5.88696;0.0629422;0.749602;-2.58728;0.316;-5.63586;0.406586;0.239445;-2.12553
-7.67921;9.6805;0.749825;-1.67216;0;-7.10052;9.82268;0.474737;-2.79839
-10.4617;6.01187;0.210176;-1.7073;0.002;-10.3916;6.41412;0.299384;-2.2042
-6.12619;7.46742;0.619154;1.1718;0;-6.42093;7.49268;0.423945;-0.0970785
-12.1717;11.8979;0.374506;-0.276101;0;-12.1116;11.5762;0.456324;-2.52166
-14.4505;0.292791;0.670039;0.268461;0.12;-14.5353;-0.0288482;0.59131;0.28861
-9.269;14.1946;0.655063;-1.76406;0;-9.15414;15.1786;0.519151;1.64525
-14.3613;6.2271;0.613297;2.30537;0.002;-14.5319;6.04395;0.572501;-2.20634
-13.4111;-4.18941;0.748724;-2.58549;0.111;-13.2975;-4.45281;0.746713;0.795894
-3.97597;12.6036;0.514074;-1.80297;0;-3.68008;12.5581;0.382845;-1.38932
-12.1846;15.3038;0.49419;2.42154;0;-12.2561;15.2236;0.28844;-0.37324
-9.07892;4.1708;0.519656;-0.11666;0.002;-9.08502;3.94551;0.289091;-0.0405245
-5.93827;11.4119;0.164633;-0.623534;0;-6.28279;11.4071;0.167628;-3.09579
-3.45305;9.8448;0.509029;-2.25825;0.001;-3.59076;9.59356;0.410812;-0.944155
-14.2925;5.31903;0.523857;0.332669;0.002;-14.3584;5.55996;0.386227;1.89414
-9.63693;3.04065;0.357923;-1.8577;0.002;-9.65905;2.99782;0.457929;1.83209
-14.2191;-2.0088;0.736714;-1.7809;0.112;-14.3538;-1.7044;0.80889;2.49224
-6.44428;11.9782;0.643429;2.00841;0;-6.4337;11.94;0.479006;2.48385
-12.1014;-0.70335;0.753191;-1.25929;0.043;-12.0881;-0.787906;0.771713;2.6756
-11.9753;4.60128;0.226773;2.13233;0.002;-11.7005;4.67361;0.260344;0.229686
-12.4886;-3.74538;0.400583;1.04765;0.111;-12.644;-3.55728;0.401642;-0.292273
-10.2119;10.5763;0.848556;-0.0128265;0;-10.5778;10.3925;0.375124;0.894563
-7.95711;8.30425;0.679134;0.459121;0;-7.96363;8.36934;0.490311;-1.18721
-3.07146;9.93423;0.215167;-1.16905;0.012;-3.26271;9.86247;0.153586;-0.28909
-2.43727;10.5389;0.646425;-2.62117;0.051;-2.27008;10.6359;0.459777;1.60137
-8.31555;13.9038;0.575359;1.70253;0;-9.269;14.1946;0.655063;-1.76406
-12.0597;15.5207;0.303875;-0.641798;0;-12.1846;15.3038;0.49419;2.42154
-7.62272;14.2706;0.419272;0.721044;0;-8.31555;13.9038;0.575359;1.70253
-9.98009;8.1163;0.36087;0.919488;0.001;-9.81312;7.79433;0.26614;-3.11258
-12.4495;11.5961;0.829438;-2.22358;0;-12.202;11.6955;0.817188;0.103512
-12.0213;10.5537;0.814492;2.16252;0;-12.2369;10.7375;0.540669;1.53321
-7.49227;7.6594;0.292305;0.0493799;0;-7.44717;7.56666;0.385173;-2.77063
-5.63841;8.2829;0.311131;-1.31382;0;-5.8781;8.51208;0.345436;-1.95727
-6.45464;-0.90785;0.356865;3.11858;0.316;-6.15125;-1.39642;0.42573;2.17486
-13.6022;4.30851;0.280894;1.26593;0.002;-13.787;4.47567;0.294876;1.69113
-13.7828;-0.137643;0.453774;-2.70746;0.002;-13.7612;-0.185199;0.565531;-1.51301
-13.2607;-4.39071;0.583753;2.43722;0.152;-13.2975;-4.45281;0.746713;0.795894
-10.4139;16.0829;0.325197;-1.67988;0;-10.1281;16.2238;0.205886;-1.05569
-5.85033;10.4338;0.228415;2.77388;0;-5.86094;10.4289;0.423038;-1.34824
-10.3486;-3.51456;0.836039;-0.426263;0.446;-10.1506;-3.74105;0.706434;-1.16023
-11.8425;15.2176;0.746332;-1.41566;0;-11.9573;15.2534;0.474228;0.0669838
-14.6314;-3.71256;0.751765;-1.61492;0.111;-14.5359;-4.39845;0.565957;-0.443578
-11.6606;9.61729;0.318286;1.40903;0;-11.2824;9.70949;0.567474;-1.95985
-10.819;15.6605;0.175124;1.23351;0;-11.0698;15.7142;0.476176;1.54029
-10.4113;15.5721;0.344212;-3.06904;0;-10.1209;15.4069;0.403986;2.20641
-8.3169;15.7164;0.618363;0.647372;0;-9.15414;15.1786;0.519151;1.64525
-14.5876;-0.0422947;0.791192;0.982009;0.097;-14.5353;-0.0288482;0.59131;0.28861
-7.75671;8.38865;0.770081;-1.6857;0;-7.95711;8.30425;0.679134;0.459121
-4.65521;11.8511;0.766123;2.29163;0;-4.67081;12.4484;0.462954;-1.44671
-9.16204;15.0915;0.758177;0.847011;0;-9.15414;15.1786;0.519151;1.64525
-9.89961;9.80303;0.56351;0.390815;0;-9.72437;9.87148;0.389487;-1.99335
-5.94305;1.9616;0.419928;1.46775;0.316;-6.23623;2.07143;0.449966;-0.630048
-9.5199;3.10356;0.294304;-1.44666;0.002;-9.63693;3.04065;0.357923;-1.8577
-12.2536;5.85716;0.747844;2.02558;0.002;-12.0799;6.23136;0.616082;-2.05843
-4.51324;10.291;0.613138;2.05587;0;-4.38343;10.1487;0.386018;2.63884
-14.5873;5.99116;0.64101;2.81906;0.002;-14.5319;6.04395;0.572501;-2.20634
-12.2734;-2.12199;0.471226;1.10404;0.074;-12.1721;-2.28007;0.354419;0.840881
-9.79465;10.5818;0.506105;0.402024;0;-10.2119;10.5763;0.848556;-0.0128265
-14.2747;7.05294;0.638952;1.71967;0.002;-14.3981;7.21789;0.481008;-0.856455
-7.78158;5.68941;0.494782;-2.6853;0.002;-7.74596;5.82524;0.414253;-0.859219
-12.4659;-4.49174;0.372785;-2.21254;0.111;-12.7679;-4.60843;0.69317;3.02587
-13.315;4.64008;0.25591;-0.501858;0.002;-13.6663;4.57798;0.203639;-1.5318
-8.02356;10.3363;0.331216;-2.8948;0;-7.88856;10.4381;0.492389;-2.3335
-6.84431;10.0377;0.533818;2.8871;0;-7.10938;10.1053;0.34719;1.98409
-14.0135;1.28873;0.77857;0.521351;0.002;-14.0981;1.35285;0.836349;2.26781
-9.015;14.8204;0.340597;0.0674781;0;-9.15414;15.1786;0.519151;1.64525
-6.73082;-1.37679;0.598548;0.21062;0.316;-6.45464;-0.90785;0.356865;3.11858
-12.262;11.8549;0.838233;1.44713;0;-12.202;11.6955;0.817188;0.103512
-12.2544;10.5931;0.403725;2.80891;0;-12.2369;10.7375;0.540669;1.53321
-10.8392;1.7959;0.396924;-1.48404;0.002;-11.1478;1.72833;0.425881;0.343533
-10.0344;2.54717;0.685493;-2.18421;0.002;-9.78867;2.52273;0.757399;-2.4746
-7.18392;2.12247;0.572283;-1.16598;0.316;-6.90558;1.33622;0.556909;0.538373
-11.4359;5.60806;0.766074;-1.45836;0.002;-11.2876;5.42414;0.751076;-2.75295
-13.7072;15.2711;0.480191;-2.72307;0;-13.0734;15.7708;0.468934;-0.402393
-9.45969;14.4101;0.774893;1.02905;0;-9.269;14.1946;0.655063;-1.76406
-14.6088;-1.71243;0.541581;-0.60421;0.112;-14.3538;-1.7044;0.80889;2.49224
-9.50742;4.16772;0.464224;-1.66332;0.002;-9.70364;4.3065;0.597701;0.765108
-10.0805;16.0781;0.512656;-1.32559;0;-10.1281;16.2238;0.205886;-1.05569
-10.1988;-2.15265;0.198164;0.647212;0.316;-10.1199;-2.13944;0.394774;-0.716345
-9.89716;14.0823;0.335834;-3.07328;0;-9.45969;14.4101;0.774893;1.02905
-12.9276;16.133;0.735849;-2.89394;0;-13.0734;15.7708;0.468934;-0.402393
-3.99334;9.57896;0.578209;3.07832;0;-4.21158;9.73643;0.539238;-1.94351
-11.5114;4.89963;0.605201;2.93837;0.002;-11.5953;5.17124;0.352501;-1.47568
-8.22217;12.909;0.616718;2.35415;0;-8.31555;13.9038;0.575359;1.70253
-10.9706;15.8885;0.166484;-2.84788;0;-10.819;15.6605;0.175124;1.23351
-14.037;-2.74178;0.707405;0.163743;0.111;-13.6875;-2.70003;0.700279;0.86277
-13.9823;4.28888;0.369001;-0.677063;0.002;-14.0461;4.22653;0.522491;-1.39604
-13.5338;5.43015;0.848589;2.19536;0.002;-13.5407;5.37322;0.72776;-1.83244
-2.78122;10.0587;0.151071;1.80165;0.022;-2.83105;10.1049;0.282412;-1.76682
-9.58154;-3.04317;0.342304;-1.30998;0.378;-9.73545;-2.94607;0.593677;0.265704
-12.6737;2.32944;0.407329;3.08723;0.002;-12.8403;2.51971;0.179891;-1.90025
-9.31788;10.4428;0.656551;-0.0134893;0;-8.88736;10.43;0.44402;-1.50623
-8.77077;12.1588;0.748143;2.91228;0;-8.22217;12.909;0.616718;2.35415
-13.2687;-4.15918;0.33439;-0.5316;0.111;-13.2991;-4.12057;0.174269;3.03422
-13.4257;1.29721;0.709881;1.96803;0.002;-13.4987;1.09669;0.671022;2.20743
-6.40153;-0.712743;0.15956;-1.3915;0.316;-6.45464;-0.90785;0.356865;3.11858
-13.7834;15.8088;0.670722;-2.70943;0;-13.7072;15.2711;0.480191;-2.72307
-5.25854;11.2482;0.730256;-3.0058;0;-5.37821;11.2107;0.606021;-2.78044
-7.96011;-2.03725;0.349245;0.487643;0.316;-6.98805;-1.92798;0.556962;-0.72313
-12.7738;-2.23107;0.341642;0.309654;0.111;-12.7992;-1.95546;0.381977;0.73305
-9.64719;12.3183;0.43665;0.84336;0;-8.77077;12.1588;0.748143;2.91228
-13.0185;1.83947;0.716088;-2.62145;0.002;-12.8826;1.75448;0.545382;-3.07742
-7.43636;16.1883;0.6628;1.26209;0;-8.3169;15.7164;0.618363;0.647372
-11.8349;7.94639;0.793033;-2.41742;0.004;-12.1137;7.88058;0.575062;0.07867
-6.43918;16.236;0.604929;1.23173;0;-7.43636;16.1883;0.6628;1.26209
-10.1415;9.58038;0.594023;-1.69847;0;-9.89961;9.80303;0.56351;0.390815
-9.25773;7.7938;0.402117;0.995014;0;-9.48773;7.91173;0.518831;1.08052
-14.5478;-3.48236;0.186153;-2.61045;0.111;-14.6314;-3.71256;0.751765;-1.61492
-12.6305;0.426035;0.527084;-2.81005;0.052;-12.1238;0.323161;0.652113;-1.16108
-7.19666;2.13353;0.328941;-0.496226;0.316;-7.18392;2.12247;0.572283;-1.16598
-12.4114;10.5105;0.579418;2.01075;0;-12.2544;10.5931;0.403725;2.80891
-14.3782;-2.57784;0.700366;-2.02756;0.111;-14.037;-2.74178;0.707405;0.163743
-12.4503;12.2229;0.289251;2.94282;0;-12.4924;12.4554;0.39598;2.18569
-14.2181;-3.62456;0.297374;0.304298;0.111;-14.5478;-3.48236;0.186153;-2.61045
-9.42873;13.6881;0.174797;2.30206;0;-9.89716;14.0823;0.335834;-3.07328
-12.6276;10.4177;0.31047;1.86284;0;-12.4114;10.5105;0.579418;2.01075
-5.8793;0.413306;0.242211;0.644043;0.316;-5.63586;0.406586;0.239445;-2.12553
-10.0723;-1.94126;0.657297;0.348416;0.316;-10.1199;-2.13944;0.394774;-0.716345
-13.5931;10.6491;0.429876;-2.08707;0;-12.6276;10.4177;0.31047;1.86284
-9.4535;10.5562;0.479909;2.93454;0;-9.31788;10.4428;0.656551;-0.0134893
-5.99443;15.3479;0.721138;-0.733556;0;-6.43918;16.236;0.604929;1.23173
-9.77953;13.8286;0.83312;3.12484;0;-9.89716;14.0823;0.335834;-3.07328
-7.8256;-2.43914;0.577423;1.24333;0.316;-7.96011;-2.03725;0.349245;0.487643
-11.8702;-4.49632;0.332265;-2.61629;0.124;-12.0163;-4.47793;0.58633;-2.76096
-14.3098;1.93678;0.329675;-1.41298;0.232;-14.3074;2.24499;0.282803;-1.30241
-12.2203;12.9782;0.154437;-2.1135;0;-12.4924;12.4554;0.39598;2.18569
-12.1699;4.20245;0.513581;2.01323;0.002;-11.873;4.39722;0.513928;-1.91783
-11.6068;12.3843;0.18481;-1.88921;0;-11.5129;12.5056;0.593929;-0.0765355
-14.2786;-4.31937;0.171855;-2.5488;0.111;-14.4094;-4.37219;0.397631;-0.366292
-10.4189;-2.54033;0.242576;-1.15414;0.331;-10.1988;-2.15265;0.198164;0.647212
-5.0174;15.5511;0.656915;-2.39556;0;-5.99443;15.3479;0.721138;-0.733556
-7.49668;-3.38224;0.528793;-0.784978;0.316;-7.8256;-2.43914;0.577423;1.24333
-14.3652;8.05544;0.831383;1.43486;0.002;-14.246;7.98481;0.743743;2.82909
-9.43279;0.172252;0.170031;3.13116;0.316;-9.03463;-0.0249437;0.321599;-0.856927
-11.6565;10.2319;0.799787;0.0988692;0;-12.0213;10.5537;0.814492;2.16252
-4.03655;15.3841;0.556557;-1.72092;0;-5.0174;15.5511;0.656915;-2.39556
-7.09106;-4.29621;0.540869;2.07389;0.316;-7.49668;-3.38224;0.528793;-0.784978
-10.4088;-1.0821;0.739276;1.47185;0.316;-10.3303;-0.853929;0.716687;-1.894
-10.7981;6.03838;0.618325;-0.148206;0.002;-10.8295;5.87941;0.624431;2.57782
-9.68794;-0.753627;0.775539;-0.701456;0.316;-9.93134;-1.00389;0.740226;2.91149
-6.1354;-4.58962;0.565707;2.40982;0.316;-7.09106;-4.29621;0.540869;2.07389
-10.8291;16.0197;0.246604;0.754051;0;-10.9706;15.8885;0.166484;-2.84788
-14.1613;14.3807;0.512089;-0.404712;0;-13.7072;15.2711;0.480191;-2.72307
-9.85734;1.63223;0.28975;-1.40166;0.002;-10.2672;1.68471;0.215072;2.5255
-6.17073;8.35409;0.748368;2.63291;0;-6.1995;8.47339;0.666138;2.12076
-12.2803;9.55837;0.293018;1.15738;0;-11.6606;9.61729;0.318286;1.40903
-12.761;-1.41373;0.18792;0.293302;0.072;-12.7329;-1.44979;0.533491;0.751207
-9.09363;8.0991;0.318597;1.07639;0;-9.25773;7.7938;0.402117;0.995014
-1.65378;12.6432;0.477732;1.04565;0.21;-1.77227;12.6468;0.654926;2.72807
-6.73743;7.77955;0.58375;-0.727916;0;-6.95236;7.87516;0.288458;-1.50086
-10.2123;3.00246;0.38991;-2.71882;0.002;-9.90937;3.4629;0.368767;0.6277
-9.63338;-0.43194;0.676271;0.206952;0.316;-9.41823;-0.448029;0.774602;-2.59309
-12.638;4.47942;0.486285;-1.21782;0.002;-12.4416;4.27134;0.741177;0.117733
-12.5826;12.9697;0.474091;0.378524;0;-12.6852;13.1111;0.812251;0.683547
-13.111;-3.64956;0.556309;-1.17716;0.111;-13.1443;-3.87919;0.585545;-0.307351
-13.8921;0.856459;0.251171;-1.08139;0.122;-13.695;0.812554;0.555757;0.0215867
-5.13744;-4.61384;0.624757;0.248301;0.316;-6.1354;-4.58962;0.565707;2.40982
-4.17171;-4.87277;0.606888;3.05751;0.316;-5.13744;-4.61384;0.624757;0.248301
-8.73586;9.68187;0.172205;0.845138;0;-8.48761;9.66769;0.500477;-2.14363
-4.40461;-5.8451;0.588697;0.276469;0.316;-4.17171;-4.87277;0.606888;3.05751
-8.03111;11.7415;0.355439;-0.956125;0;-8.77077;12.1588;0.748143;2.91228
-8.50771;12.4428;0.238902;0.127391;0;-8.77077;12.1588;0.748143;2.91228
-6.43904;-2.0188;0.219169;-2.23476;0.316;-6.98805;-1.92798;0.556962;-0.72313
-7.0167;-2.15767;0.669376;-0.0234116;0.316;-6.98805;-1.92798;0.556962;-0.72313
-3.96383;10.3075;0.559089;-2.28238;0;-4.10506;10.5434;0.523144;-2.92717
-12.3406;12.9487;0.615943;-0.870325;0;-12.5826;12.9697;0.474091;0.378524
-8.73287;12.5136;0.338273;-2.25242;0;-8.50771;12.4428;0.238902;0.127391
-5.87433;-3.65768;0.314069;3.01113;0.316;-6.1354;-4.58962;0.565707;2.40982
-12.1514;12.9085;0.777536;2.83267;0;-12.3406;12.9487;0.615943;-0.870325
-12.2382;-1.36346;0.749503;-0.771899;0.072;-12.3979;-1.49373;0.569998;2.43456
-12.9505;-2.19214;0.675227;1.09202;0.111;-12.8729;-2.12445;0.628964;-3.0937
-8.02491;12.9811;0.620149;-1.33798;0;-8.22217;12.909;0.616718;2.35415
-11.7798;-3.58899;0.724115;1.46576;0.124;-12.0803;-4.0392;0.509276;0.604713
-4.27698;-4.63929;0.422968;2.7709;0.316;-4.17171;-4.87277;0.606888;3.05751
-3.91306;-6.42463;0.152757;-2.70639;0.316;-4.40461;-5.8451;0.588697;0.276469
-9.41313;9.52734;0.458678;1.00472;0;-9.26238;9.62209;0.309711;2.80715
-13.6593;11.6314;0.254502;0.180328;0;-13.5931;10.6491;0.429876;-2.08707
-8.58436;9.98929;0.174729;2.55069;0;-8.73586;9.68187;0.172205;0.845138
-9.64808;7.8424;0.225222;2.38925;0.002;-9.81312;7.79433;0.26614;-3.11258
-7.66951;10.1059;0.277172;-0.21852;0;-8.02356;10.3363;0.331216;-2.8948
-11.595;15.5376;0.253396;2.70047;0;-12.0597;15.5207;0.303875;-0.641798
-4.01751;11.9336;0.266457;-2.44779;0;-3.86548;11.7027;0.661717;1.4747
-8.00137;4.06881;0.533087;2.08102;0.002;-8.03311;4.20108;0.535116;1.85164
-5.78154;-2.37881;0.284893;-2.70458;0.316;-5.80172;-2.27854;0.741472;2.899
-6.40135;2.12772;0.50327;0.621558;0.316;-6.23623;2.07143;0.449966;-0.630048
-12.7396;4.59275;0.685168;0.186879;0.002;-12.638;4.47942;0.486285;-1.21782
-7.48494;-1.87596;0.698033;-1.73049;0.316;-6.98805;-1.92798;0.556962;-0.72313
-6.88356;10.5276;0.772711;-1.28572;0;-6.50405;10.7823;0.696169;-0.753207
-3.93644;14.4031;0.390499;1.52608;0;-4.03655;15.3841;0.556557;-1.72092
-6.73504;7.70685;0.314328;1.30049;0;-6.95236;7.87516;0.288458;-1.50086
-6.31772;1.59459;0.238982;-1.78493;0.316;-6.23623;2.07143;0.449966;-0.630048
-13.591;-2.53727;0.243916;-0.663075;0.111;-13.9549;-2.4647;0.383396;0.325101
-5.43522;15.8232;0.502258;0.0883126;0;-5.0174;15.5511;0.656915;-2.39556
-11.6866;4.93483;0.535748;1.45545;0.002;-11.5114;4.89963;0.605201;2.93837
-12.5391;15.4207;0.821078;1.66037;0;-12.1846;15.3038;0.49419;2.42154
-4.72413;15.4212;0.71707;2.14326;0;-5.0174;15.5511;0.656915;-2.39556
-5.84322;7.78492;0.234035;-1.60841;0;-5.73652;7.78112;0.386118;-0.346975
-12.9476;2.33523;0.608655;-2.6905;0.056;-13.1971;2.23744;0.4523;-2.30265
-5.71796;9.8505;0.197785;0.112228;0;-6.04139;9.77049;0.304178;-0.817828
-7.54473;-3.57697;0.679286;1.97018;0.316;-7.49668;-3.38224;0.528793;-0.784978
-11.8011;-0.184063;0.155667;-1.67798;0.12;-11.8481;0.0105469;0.429165;0.656819
-7.66074;12.1524;0.780913;0.464708;0;-8.03111;11.7415;0.355439;-0.956125
-5.67068;1.15218;0.638921;2.60732;0.316;-5.5268;1.36792;0.492306;-0.861889
-8.27567;14.8065;0.380384;2.45214;0;-9.015;14.8204;0.340597;0.0674781
-11.7747;8.09769;0.304749;-2.30051;0.002;-11.9892;8.22742;0.541085;1.05652
-9.99673;3.51757;0.431682;-3.12713;0.002;-9.94965;3.50541;0.329724;2.18477
-5.44742;9.44867;0.387303;-2.62048;0;-5.57235;9.64505;0.444305;-2.22428
-12.296;1.85244;0.159263;-1.34866;0.002;-12.407;1.61232;0.361677;1.56746
-4.98695;15.0589;0.359393;1.82531;0;-4.72413;15.4212;0.71707;2.14326
-7.92877;-4.49088;0.816608;1.44359;0.316;-7.09106;-4.29621;0.540869;2.07389
-9.32276;14.5536;0.22974;2.32741;0;-9.015;14.8204;0.340597;0.0674781
-14.2267;14.8523;0.401757;0.811237;0;-14.1613;14.3807;0.512089;-0.404712
-13.5617;8.29477;0.543632;-0.802879;0.002;-13.2213;8.13443;0.714396;2.99277
-3.97231;-3.69131;0.330684;2.92614;0.316;-4.27698;-4.63929;0.422968;2.7709
-11.8923;5.95059;0.462384;0.341907;0.002;-12.0448;6.10282;0.376576;1.76633
-8.97516;5.83018;0.485753;0.286156;0.002;-9.0196;6.1465;0.219209;1.34117
-9.5693;8.13056;0.563752;0.133858;0;-9.48773;7.91173;0.518831;1.08052
-6.33008;0.808539;0.820267;0.197207;0.316;-5.67068;1.15218;0.638921;2.60732
-4.7604;10.9177;0.680524;0.105733;0;-4.58232;10.82;0.548138;-0.909803
-9.9472;15.5852;0.503881;1.35721;0;-10.1209;15.4069;0.403986;2.20641
-4.70265;-4.57535;0.42048;-1.64185;0.323;-4.27698;-4.63929;0.422968;2.7709
-4.48192;11.5691;0.1975;-0.655225;0;-4.01751;11.9336;0.266457;-2.44779
-7.93912;-1.89601;0.793243;-2.30846;0.316;-7.48494;-1.87596;0.698033;-1.73049
-10.1369;5.98175;0.399668;3.05317;0.002;-10.0444;6.20448;0.269499;1.55358
-9.52334;12.6833;0.383416;0.971199;0;-9.64719;12.3183;0.43665;0.84336
-8.41584;13.8746;0.594207;-1.5461;0;-8.31555;13.9038;0.575359;1.70253
-8.54693;15.5262;0.403942;2.00016;0;-8.3169;15.7164;0.618363;0.647372
-6.7713;16.1212;0.671807;-1.4458;0;-6.43918;16.236;0.604929;1.23173
-12.3662;-0.971801;0.539842;0.872644;0.043;-12.0881;-0.787906;0.771713;2.6756
-10.166;3.43783;0.244042;2.14918;0.002;-9.94965;3.50541;0.329724;2.18477
-7.94573;-1.7166;0.490073;-2.2319;0.316;-7.96011;-2.03725;0.349245;0.487643
-6.61425;1.42818;0.795699;-1.62794;0.316;-6.90558;1.33622;0.556909;0.538373
-14.5576;1.75588;0.366722;-2.72455;0.232;-14.3098;1.93678;0.329675;-1.41298
-10.9432;-4.41851;0.176792;1.69162;0.299;-10.6727;-4.10864;0.41305;-1.62471
-8.62834;5.02236;0.657037;2.01606;0.002;-8.5998;5.30493;0.398659;-2.06728
-10.4292;-4.41779;0.163421;-1.71921;0.316;-10.3235;-4.49189;0.59205;-0.949495
-5.16855;11.551;0.800888;0.487357;0;-5.25854;11.2482;0.730256;-3.0058
-7.04137;10.2029;0.472071;-0.58515;0;-7.10938;10.1053;0.34719;1.98409
-8.80075;11.8027;0.315107;-1.76536;0;-8.77077;12.1588;0.748143;2.91228
-11.3686;-3.86626;0.675842;-1.8308;0.269;-11.1982;-4.00756;0.574352;0.0153308
-7.3915;16.1453;0.706702;-0.738053;0;-7.43636;16.1883;0.6628;1.26209
-4.8663;-3.87679;0.204801;2.01551;0.323;-4.70265;-4.57535;0.42048;-1.64185
-10.1576;-1.26408;0.68471;-1.08489;0.316;-10.4088;-1.0821;0.739276;1.47185
-13.4432;2.37999;0.555577;-0.201744;0.056;-13.1971;2.23744;0.4523;-2.30265
-14.025;14.1691;0.669108;1.21204;0;-14.1613;14.3807;0.512089;-0.404712
-3.86367;16.3377;0.309908;2.51658;0;-4.03655;15.3841;0.556557;-1.72092
-14.3;12.3176;0.59884;-1.10878;0;-13.6593;11.6314;0.254502;0.180328
-14.2344;8.37065;0.451523;-1.79699;0.002;-14.1165;8.30161;0.301151;-2.3112
-5.74286;1.79902;0.740844;2.46233;0.316;-5.64548;1.60065;0.728505;-2.83645
-11.8525;12.256;0.747437;0.704491;0;-11.8106;12.3488;0.803362;-2.42964
-8.64953;5.2194;0.597353;-0.178425;0.002;-8.62834;5.02236;0.657037;2.01606
-11.5642;14.9762;0.453761;-0.466621;0;-11.8425;15.2176;0.746332;-1.41566
-8.97141;14.8904;0.361646;0.757943;0;-9.015;14.8204;0.340597;0.0674781
-7.84112;-3.03808;0.566976;-0.861866;0.316;-7.49668;-3.38224;0.528793;-0.784978
-10.0486;-1.52233;0.573366;0.802041;0.316;-9.96149;-1.64165;0.792462;0.280642
-9.63034;7.95371;0.273698;-1.01347;0.002;-9.64808;7.8424;0.225222;2.38925
-7.49145;10.0844;0.648099;2.03794;0;-7.66951;10.1059;0.277172;-0.21852
-8.06338;-1.68844;0.644889;-1.99004;0.316;-7.94573;-1.7166;0.490073;-2.2319
-3.52426;-2.79772;0.303404;0.804647;0.316;-3.97231;-3.69131;0.330684;2.92614
-4.39648;14.9508;0.623961;-0.571658;0;-4.03655;15.3841;0.556557;-1.72092
-6.17947;12.394;0.71408;3.02087;0;-6.08863;12.2523;0.576538;-0.77604
-5.88908;-2.05195;0.239108;0.735928;0.316;-5.78154;-2.37881;0.284893;-2.70458
-12.7698;-4.32496;0.495477;-1.56443;0.111;-12.7679;-4.60843;0.69317;3.02587
-12.2537;13.0637;0.598084;2.01523;0;-12.3406;12.9487;0.615943;-0.870325
-5.24627;10.1735;0.33433;1.80247;0;-5.19043;10.0245;0.298431;-2.96864
-6.7492;10.5158;0.698185;1.90333;0;-6.88356;10.5276;0.772711;-1.28572
-9.76243;9.76941;0.312609;-1.04442;0;-9.72437;9.87148;0.389487;-1.99335
-12.6891;16.5732;0.845035;0.561545;0;-12.9276;16.133;0.735849;-2.89394
-7.81153;4.87128;0.703416;-1.02898;0.002;-7.81481;5.32254;0.655142;2.79324
-9.14159;4.44547;0.538978;-1.25211;0.002;-9.29522;4.444;0.434909;1.08258
-11.337;16.0065;0.220567;2.93007;0;-10.9706;15.8885;0.166484;-2.84788
-12.5749;8.33913;0.845671;2.17171;0.002;-12.3796;8.18313;0.682792;2.69621
-9.75982;16.3467;0.584115;2.7185;0;-10.0805;16.0781;0.512656;-1.32559
-14.2457;6.13656;0.61827;-2.83524;0.002;-14.3613;6.2271;0.613297;2.30537
-4.20755;11.7283;0.521064;1.36012;0;-3.86548;11.7027;0.661717;1.4747
-3.82789;14.2106;0.788472;1.14287;0;-3.93644;14.4031;0.390499;1.52608
-4.55038;-4.31411;0.152573;0.781991;0.323;-4.70265;-4.57535;0.42048;-1.64185
-13.8009;10.2085;0.18886;-1.61243;0;-13.5931;10.6491;0.429876;-2.08707
-6.78635;1.81712;0.694156;-2.89228;0.316;-6.61425;1.42818;0.795699;-1.62794
-14.4965;7.62132;0.714473;-1.00703;0.002;-14.246;7.98481;0.743743;2.82909
-4.50077;-5.86654;0.450505;-0.833742;0.316;-4.40461;-5.8451;0.588697;0.276469
-4.52337;9.64308;0.341411;2.0742;0;-4.55828;9.71296;0.456683;2.71395
-7.90147;3.54532;0.673854;-2.96467;0.002;-7.74168;3.58674;0.464026;2.37768
-11.1261;5.38789;0.526495;-1.99619;0.002;-11.2876;5.42414;0.751076;-2.75295
-9.05406;15.5538;0.442048;-0.623872;0;-9.15414;15.1786;0.519151;1.64525
-3.60183;-1.80106;0.328891;-2.15564;0.316;-3.52426;-2.79772;0.303404;0.804647
-11.958;-0.667172;0.52102;-2.74932;0.147;-12.1014;-0.70335;0.753191;-1.25929
-6.39009;-4.35856;0.337828;-2.99931;0.316;-6.1354;-4.58962;0.565707;2.40982
-6.49726;8.07364;0.192277;-1.90401;0;-6.73504;7.70685;0.314328;1.30049
-7.68729;1.97802;0.217792;-1.19524;0.316;-7.19666;2.13353;0.328941;-0.496226
-9.92985;7.99147;0.691791;-1.76866;0;-9.85249;7.74417;0.627569;-2.91026
-11.0139;15.7468;0.474557;-1.96279;0;-11.0698;15.7142;0.476176;1.54029
-9.70259;15.7707;0.570296;1.32735;0;-9.9472;15.5852;0.503881;1.35721
-8.18583;-4.25099;0.224595;-1.78053;0.492;-7.92877;-4.49088;0.816608;1.44359
-9.90262;7.99028;0.19003;1.73633;0.001;-9.98009;8.1163;0.36087;0.919488
-7.63229;-0.137699;0.666393;-1.35043;0.316;-7.74009;0.26159;0.631069;-1.90955
-10.7568;1.93467;0.681486;-0.0716638;0.002;-11.0005;1.85028;0.7227;0.27243
-8.55316;-0.359501;0.411639;2.2269;0.316;-8.44234;-0.446411;0.55638;-0.159345
-5.82475;-4.16034;0.362826;-2.92372;0.316;-5.87433;-3.65768;0.314069;3.01113
-4.53846;14.0711;0.542679;-0.116669;0;-3.93644;14.4031;0.390499;1.52608
-14.4703;14.295;0.43863;-0.226757;0.003;-14.1613;14.3807;0.512089;-0.404712
-3.76605;11.7807;0.436073;-2.92471;0;-3.86548;11.7027;0.661717;1.4747
-8.46577;10.6013;0.757857;2.38023;0;-8.88736;10.43;0.44402;-1.50623
-8.2969;11.9506;0.802208;-1.33372;0;-8.77077;12.1588;0.748143;2.91228
-6.13573;7.71169;0.671682;-2.1737;0;-6.12619;7.46742;0.619154;1.1718
-5.87824;2.23217;0.713317;-0.0931756;0.316;-5.74163;2.29278;0.506192;0.551729
-3.23032;11.3853;0.622002;0.975117;0.011;-3.24138;11.3553;0.649125;2.7653
-8.29199;5.62643;0.592855;-1.14971;0.002;-8.4942;5.79228;0.324439;-2.72337
-11.6684;2.12857;0.504998;2.12049;0.002;-11.7003;1.88423;0.168475;-0.65127
-2.65842;10.8286;0.275665;-0.685427;0.011;-2.81057;11.2611;0.37426;2.9598
-4.69797;-4.60333;0.252364;2.01042;0.323;-4.70265;-4.57535;0.42048;-1.64185
-14.1273;6.88914;0.774848;-3.00972;0.002;-14.2747;7.05294;0.638952;1.71967
-5.98678;1.64855;0.229799;0.41804;0.316;-6.31772;1.59459;0.238982;-1.78493
-2.7024;11.5643;0.826744;2.02674;0.011;-3.09336;11.7608;0.584822;2.78348
-8.20808;9.92025;0.441241;0.991059;0;-8.48761;9.66769;0.500477;-2.14363
-4.27868;10.8876;0.410083;-1.19199;0;-4.31288;10.9054;0.320602;0.969823
-9.56106;13.0491;0.320954;-0.70377;0;-9.52334;12.6833;0.383416;0.971199
-4.65481;16.5375;0.201344;-2.1837;0;-3.86367;16.3377;0.309908;2.51658
-8.13291;13.3469;0.588678;-0.734486;0;-8.02491;12.9811;0.620149;-1.33798
-10.7796;6.30352;0.405022;2.64011;0.002;-10.856;6.29136;0.342288;-2.15849
-7.72632;-2.64599;0.783646;-2.11953;0.334;-7.8256;-2.43914;0.577423;1.24333
-5.17388;-4.10498;0.3084;0.754062;0.323;-4.8663;-3.87679;0.204801;2.01551
-11.5091;16.502;0.722778;0.498243;0;-11.337;16.0065;0.220567;2.93007
-14.3433;9.8472;0.749944;2.29137;0;-13.8009;10.2085;0.18886;-1.61243
-12.1161;14.1916;0.53015;-1.42146;0;-11.9902;14.2845;0.719346;-2.13365
-14.2579;-4.40502;0.432248;2.99733;0.111;-14.4094;-4.37219;0.397631;-0.366292
-13.2286;2.01447;0.830634;0.629086;0.002;-13.2494;2.07449;0.70758;2.31538
-6.87409;-1.58659;0.848156;-2.19168;0.316;-6.73082;-1.37679;0.598548;0.21062
-11.6005;14.715;0.581038;-1.10953;0;-11.5642;14.9762;0.453761;-0.466621
-9.22647;13.5092;0.534296;-1.53533;0;-9.42873;13.6881;0.174797;2.30206
-5.19275;12.6074;0.74798;-1.02993;0;-5.39309;12.4626;0.54589;3.00683
-7.95576;15.3203;0.720072;-1.04423;0;-8.3169;15.7164;0.618363;0.647372
-8.5265;5.89954;0.740993;2.60182;0.002;-8.69035;5.66481;0.829469;2.80135
-8.97955;4.4654;0.263376;2.51682;0.002;-9.14159;4.44547;0.538978;-1.25211
-10.3173;-3.70091;0.178376;0.657657;0.446;-10.3427;-3.70598;0.56161;-0.71237
-8.74813;10.3713;0.821201;2.98245;0;-8.46577;10.6013;0.757857;2.38023
-7.26598;-2.04945;0.68952;0.595851;0.316;-7.0167;-2.15767;0.669376;-0.0234116
-8.85914;12.1387;0.546295;1.2821;0;-8.77077;12.1588;0.748143;2.91228
-2.27414;10.0673;0.652886;-2.06681;0.211;-2.39255;9.9221;0.810405;-1.40657
-6.2232;10.9644;0.480785;0.817547;0;-6.50405;10.7823;0.696169;-0.753207
-11.7216;10.1955;0.49728;-1.81747;0;-11.6565;10.2319;0.799787;0.0988692
-13.9611;5.11446;0.835111;-0.145936;0.002;-13.5319;5.19621;0.695275;-2.1228
-4.38408;15.4607;0.597985;-1.95922;0;-4.03655;15.3841;0.556557;-1.72092
-1.73343;11.5703;0.44389;-0.651723;0.111;-1.65926;11.5165;0.485665;1.54808
-8.00211;9.90803;0.393593;-1.94085;0;-8.20808;9.92025;0.441241;0.991059
-5.62002;2.28066;0.445841;1.53436;0.316;-5.74163;2.29278;0.506192;0.551729
-14.1832;-2.0222;0.725946;0.329702;0.112;-14.2191;-2.0088;0.736714;-1.7809
-11.1302;-3.80482;0.589882;-2.03641;0.266;-11.1982;-4.00756;0.574352;0.0153308
-7.54237;9.96531;0.306264;-2.70554;0;-7.66951;10.1059;0.277172;-0.21852
-11.2664;15.992;0.753755;1.87412;0;-11.0698;15.7142;0.476176;1.54029
-4.26724;-3.13947;0.298913;-0.56432;0.316;-3.97231;-3.69131;0.330684;2.92614
-6.47861;9.62209;0.363084;-0.386978;0;-6.21162;9.54186;0.35988;-2.09419
-5.46269;0.48124;0.676646;0.632827;0.316;-5.63586;0.406586;0.239445;-2.12553
-14.4734;10.4921;0.839209;1.34452;0;-14.3433;9.8472;0.749944;2.29137
-11.9447;13.0601;0.196609;-2.17089;0;-12.2203;12.9782;0.154437;-2.1135
-11.6916;4.20782;0.340813;1.98433;0.002;-11.873;4.39722;0.513928;-1.91783
-10.9778;1.88432;0.473903;0.216861;0.002;-10.8392;1.7959;0.396924;-1.48404
-10.0932;-1.32657;0.732058;0.120832;0.316;-10.1576;-1.26408;0.68471;-1.08489
-2.97709;10.1679;0.267119;-3.03672;0.022;-2.83105;10.1049;0.282412;-1.76682
-14.5803;11.971;0.167273;-0.697615;0;-14.3;12.3176;0.59884;-1.10878
-13.975;8.35481;0.758482;1.84052;0.002;-14.2821;8.27705;0.709044;1.97442
-8.26446;0.635629;0.762463;-2.81902;0.316;-8.44314;1.12473;0.70296;-1.2341
-9.02673;13.706;0.229172;1.54902;0;-9.42873;13.6881;0.174797;2.30206
-14.0859;15.9014;0.311503;-1.11438;0.023;-13.7834;15.8088;0.670722;-2.70943
-4.4729;-2.41639;0.718886;2.31769;0.316;-4.26724;-3.13947;0.298913;-0.56432
-10.0778;-3.86816;0.245489;-0.286076;0.446;-10.3173;-3.70091;0.178376;0.657657
-4.40955;10.1245;0.210612;-0.661147;0;-4.38343;10.1487;0.386018;2.63884
-4.44425;-2.2804;0.475054;-0.283626;0.316;-4.4729;-2.41639;0.718886;2.31769
-3.78711;-4.25665;0.62226;-0.614382;0.316;-4.27698;-4.63929;0.422968;2.7709
-9.67922;7.63798;0.483191;-0.397301;0;-9.85249;7.74417;0.627569;-2.91026
-9.42931;12.3466;0.251829;-2.70126;0;-9.64719;12.3183;0.43665;0.84336
-10.1165;15.6962;0.847546;1.57358;0;-9.9472;15.5852;0.503881;1.35721
-13.5353;8.12551;0.249002;-2.29824;0.002;-13.2749;7.99436;0.292783;3.12207
-4.04989;16.2208;0.233315;0.56943;0;-3.86367;16.3377;0.309908;2.51658
-4.49267;-5.61557;0.396999;0.59091;0.316;-4.50077;-5.86654;0.450505;-0.833742
-9.25593;14.9258;0.759306;1.49882;0;-9.16204;15.0915;0.758177;0.847011
-12.551;12.4755;0.837918;2.83688;0;-12.2992;12.1846;0.668782;-1.36734
-6.36553;9.02692;0.352405;1.87313;0;-6.23326;9.23759;0.575076;1.50362
-13.1421;7.74827;0.839488;-2.56771;0.002;-13.2213;8.13443;0.714396;2.99277
-5.58775;-0.800821;0.183327;1.16045;0.316;-5.55336;-0.588311;0.297522;3.02325
-11.9536;6.05072;0.833527;0.151508;0.002;-12.0799;6.23136;0.616082;-2.05843
-13.0939;15.6744;0.550776;2.19088;0;-13.0734;15.7708;0.468934;-0.402393
-10.302;9.9867;0.647879;-0.806941;0;-10.1415;9.58038;0.594023;-1.69847
-9.2427;8.07314;0.654503;0.192607;0.001;-9.25875;8.22783;0.706096;2.83121
-12.6182;12.8289;0.393784;2.05982;0;-12.5826;12.9697;0.474091;0.378524
-9.57553;10.4383;0.246073;0.614842;0;-9.4535;10.5562;0.479909;2.93454
-3.57087;10.4147;0.450402;2.44008;0.012;-3.59899;10.5479;0.276256;-1.89919
-7.12777;-3.55122;0.840859;0.856368;0.316;-7.54473;-3.57697;0.679286;1.97018
-11.7732;12.4091;0.166995;-0.346346;0;-11.6068;12.3843;0.18481;-1.88921
-4.07007;-3.69675;0.426403;1.44973;0.316;-3.97231;-3.69131;0.330684;2.92614
-14.4058;-3.46554;0.361258;-1.90245;0.111;-14.5478;-3.48236;0.186153;-2.61045
-9.33064;13.9038;0.231679;0.506701;0;-9.42873;13.6881;0.174797;2.30206
-3.79227;-6.30964;0.712701;1.26392;0.316;-3.91306;-6.42463;0.152757;-2.70639
-4.86595;13.8121;0.659235;-0.457715;0;-4.53846;14.0711;0.542679;-0.116669
-4.17188;-4.88767;0.840707;1.72859;0.316;-4.17171;-4.87277;0.606888;3.05751
-4.22223;9.78867;0.436331;-2.85182;0;-4.21158;9.73643;0.539238;-1.94351
-10.3113;3.47054;0.556844;-1.58684;0.002;-10.176;3.44438;0.781139;1.49854
-11.6613;6.17917;0.412997;2.48169;0.002;-11.6145;6.0845;0.529147;-2.79702
-4.07395;-4.86773;0.193156;2.69914;0.316;-4.27698;-4.63929;0.422968;2.7709
-9.24452;13.9299;0.346317;-0.616557;0;-9.33064;13.9038;0.231679;0.506701
-3.86812;15.7655;0.408578;-0.704072;0;-4.03655;15.3841;0.556557;-1.72092
-12.2252;15.3004;0.18649;-0.172494;0;-12.2561;15.2236;0.28844;-0.37324
-14.6236;1.59476;0.273344;0.138746;0.232;-14.5576;1.75588;0.366722;-2.72455
-13.6979;3.89397;0.668942;-2.00786;0.002;-13.6356;4.0152;0.845951;-0.748555
-6.35384;15.5222;0.604457;-2.00302;0;-5.99443;15.3479;0.721138;-0.733556
-7.89037;1.51467;0.79676;1.03812;0.316;-7.94382;1.36801;0.441151;-0.951221
-5.81911;15.4247;0.354662;1.44629;0;-5.99443;15.3479;0.721138;-0.733556
-13.9943;9.87531;0.508431;-2.05291;0;-14.3433;9.8472;0.749944;2.29137
-14.0399;10.8845;0.772744;-2.78341;0;-14.4734;10.4921;0.839209;1.34452
-14.4023;11.9716;0.613309;-1.60173;0;-14.3;12.3176;0.59884;-1.10878
-7.62988;9.65714;0.751942;2.51689;0;-7.67921;9.6805;0.749825;-1.67216
-12.0133;12.1965;0.236;0.329399;0;-11.7732;12.4091;0.166995;-0.346346
-4.39091;10.0013;0.325306;1.74067;0;-4.38343;10.1487;0.386018;2.63884
-13.7276;8.37401;0.291005;1.46343;0.002;-13.5617;8.29477;0.543632;-0.802879
-13.6934;10.2729;0.376091;2.19929;0;-13.8009;10.2085;0.18886;-1.61243
-11.6229;12.2616;0.679851;0.448723;0;-11.8525;12.256;0.747437;0.704491
-3.74249;14.421;0.529011;-2.11347;0;-3.93644;14.4031;0.390499;1.52608
-7.43542;1.89201;0.45696;-3.10544;0.316;-7.68729;1.97802;0.217792;-1.19524
-8.67693;16.232;0.718388;-2.39208;0;-8.3169;15.7164;0.618363;0.647372
-13.4003;1.29615;0.603444;1.47442;0.002;-13.4257;1.29721;0.709881;1.96803
-10.2079;8.18193;0.531483;0.943866;0.001;-9.98009;8.1163;0.36087;0.919488
-10.1852;-0.713804;0.482219;0.47548;0.316;-10.3303;-0.853929;0.716687;-1.894
-4.33737;-4.16019;0.849977;2.89399;0.316;-3.78711;-4.25665;0.62226;-0.614382
-11.5705;2.00392;0.481972;-1.07937;0.002;-11.6684;2.12857;0.504998;2.12049
-14.4044;8.22295;0.330864;2.3423;0.002;-14.2344;8.37065;0.451523;-1.79699
-12.0594;-4.2152;0.229364;1.95506;0.124;-12.0803;-4.0392;0.509276;0.604713
-12.1171;11.5348;0.833405;-0.669917;0;-12.202;11.6955;0.817188;0.103512
-14.4066;10.6221;0.696433;-2.80113;0;-14.4734;10.4921;0.839209;1.34452
-4.23526;-1.65087;0.167245;-1.60083;0.316;-3.60183;-1.80106;0.328891;-2.15564
-9.88828;7.88241;0.235766;1.37022;0.001;-9.90262;7.99028;0.19003;1.73633
-8.98947;15.4207;0.378602;1.92194;0;-9.05406;15.5538;0.442048;-0.623872
-9.55496;14.0169;0.420754;0.781556;0;-9.33064;13.9038;0.231679;0.506701
-7.6902;6.15086;0.565568;-0.276835;0.002;-7.74596;5.82524;0.414253;-0.859219
-14.0232;6.89832;0.47951;2.47346;0.002;-14.0155;6.83795;0.545006;-0.223518
-6.68445;10.0538;0.443514;-2.3212;0;-6.84431;10.0377;0.533818;2.8871
-3.96307;11.5713;0.224038;-2.68202;0;-3.76605;11.7807;0.436073;-2.92471
-5.77767;15.8471;0.313829;0.192445;0;-5.43522;15.8232;0.502258;0.0883126
-13.3544;15.9772;0.632081;-2.64139;0.002;-13.0734;15.7708;0.468934;-0.402393
-8.53062;3.97375;0.785767;-0.570413;0.002;-8.36642;3.93341;0.672585;-2.57391
-3.99095;15.2467;0.468378;1.49231;0;-4.03655;15.3841;0.556557;-1.72092
-7.18247;2.12852;0.160695;0.237245;0.316;-7.19666;2.13353;0.328941;-0.496226
-9.8544;14.9266;0.502244;2.22289;0;-10.1209;15.4069;0.403986;2.20641
-5.50177;-4.13457;0.80713;1.11262;0.316;-5.82475;-4.16034;0.362826;-2.92372
-9.49189;3.40262;0.509451;-2.92993;0.002;-9.28811;3.53256;0.563604;1.79646
-13.5521;5.665;0.753495;0.269428;0.002;-13.5338;5.43015;0.848589;2.19536
-11.6517;12.8842;0.571405;-2.83067;0;-11.5129;12.5056;0.593929;-0.0765355
-9.38688;7.82507;0.573164;2.50427;0.001;-9.48773;7.91173;0.518831;1.08052
-5.58398;2.2999;0.478056;-2.06871;0.316;-5.62002;2.28066;0.445841;1.53436
-4.06295;-3.6208;0.160498;0.133616;0.316;-3.97231;-3.69131;0.330684;2.92614
-12.6634;-1.83166;0.654964;0.297197;0.084;-12.4895;-1.66043;0.659826;2.33082
-5.96937;10.0111;0.513408;0.024113;0;-6.0237;10.2385;0.657855;-3.09284
-13.5987;1.82135;0.26914;2.15874;0.002;-13.385;1.76204;0.506915;2.23094
-10.156;13.5432;0.726413;1.8247;0;-9.77953;13.8286;0.83312;3.12484
-11.802;12.1946;0.263669;-2.30001;0;-12.0133;12.1965;0.236;0.329399
-10.4844;-0.0791139;0.642765;0.592144;0.316;-10.3933;-0.0192896;0.43654;2.71832
-11.8904;-1.17226;0.591526;-1.24811;0.043;-11.7859;-1.05857;0.284749;-1.28131
-3.89225;11.6506;0.253464;-3.07864;0;-3.96307;11.5713;0.224038;-2.68202
-13.6028;7.83327;0.192258;-2.02595;0.002;-13.5353;8.12551;0.249002;-2.29824
-5.17716;-4.35696;0.843177;2.556;0.316;-5.13744;-4.61384;0.624757;0.248301
-12.3217;-1.00712;0.172278;1.59072;0.059;-12.3662;-0.971801;0.539842;0.872644
-6.84802;15.9024;0.471004;0.213494;0;-6.7713;16.1212;0.671807;-1.4458
-10.4798;-3.69255;0.183722;-0.457466;0.446;-10.3173;-3.70091;0.178376;0.657657
-8.9337;16.4991;0.511423;2.54168;0;-8.67693;16.232;0.718388;-2.39208
-4.43086;-3.68305;0.288939;1.95138;0.316;-4.07007;-3.69675;0.426403;1.44973
-10.8029;15.9258;0.721434;-2.55348;0;-11.0139;15.7468;0.474557;-1.96279
-4.38492;-0.827988;0.715394;2.55202;0.316;-4.23526;-1.65087;0.167245;-1.60083
-7.44849;2.21925;0.463806;1.79638;0.316;-7.19666;2.13353;0.328941;-0.496226
-6.0192;-1.09046;0.158317;1.68393;0.316;-6.15125;-1.39642;0.42573;2.17486
-8.17162;5.41734;0.443011;-2.51283;0.002;-8.29199;5.62643;0.592855;-1.14971
-6.27251;-0.104734;0.779396;-0.0196064;0.316;-5.88696;0.0629422;0.749602;-2.58728
-14.3296;6.13851;0.312655;0.421544;0.002;-14.3613;6.2271;0.613297;2.30537
-12.1202;2.05881;0.354416;-0.374618;0.002;-12.3486;2.19917;0.378604;-0.541269
-3.57081;-0.24729;0.711096;-1.0037;0.316;-4.38492;-0.827988;0.715394;2.55202
-10.8911;6.39134;0.66517;2.16821;0.002;-10.946;6.25801;0.520862;1.00529
-10.6435;15.4678;0.159962;-0.77788;0;-10.819;15.6605;0.175124;1.23351
-5.65861;1.31562;0.717497;2.18787;0.316;-5.67068;1.15218;0.638921;2.60732
-12.5877;3.72439;0.620602;-2.24142;0.002;-12.6567;3.65579;0.690743;2.91847
-13.8405;1.67682;0.802493;1.44578;0.002;-13.7834;1.53428;0.69368;-0.25018
-2.57522;-0.153621;0.705063;2.52546;0.316;-3.57081;-0.24729;0.711096;-1.0037
-1.5855;-0.0106523;0.705622;-1.73144;0.316;-2.57522;-0.153621;0.705063;2.52546
-7.14756;2.27383;0.189375;-2.81436;0.316;-7.18247;2.12852;0.160695;0.237245
-0.657428;-0.382383;0.683142;-1.71287;0.316;-1.5855;-0.0106523;0.705622;-1.73144
0.132206;-0.995823;0.670077;-0.946954;0.316;-0.657428;-0.382383;0.683142;-1.71287
1.10061;-1.24506;0.678173;2.46654;0.316;0.132206;-0.995823;0.670077;-0.946954
-7.21049;-2.23436;0.480321;2.3648;0.316;-7.0167;-2.15767;0.669376;-0.0234116
2.09982;-1.28117;0.661056;2.74766;0.316;1.10061;-1.24506;0.678173;2.46654
2.83065;-0.599198;0.632998;-2.25812;0.316;2.09982;-1.28117;0.661056;2.74766
3.82387;-0.715441;0.629299;2.37111;0.316;2.83065;-0.599198;0.632998;-2.25812
4.49607;0.0246319;0.650215;-2.89671;0.316;3.82387;-0.715441;0.629299;2.37111
-9.27983;3.51701;0.300445;-2.76398;0.002;-9.28811;3.53256;0.563604;1.79646
1.32945;-1.12001;0.178496;0.739827;0.316;1.10061;-1.24506;0.678173;2.46654
4.43677;-1.5056;0.632423;0.936377;0.316;3.82387;-0.715441;0.629299;2.37111
5.37375;-1.85391;0.605268;-0.863537;0.446;4.43677;-1.5056;0.632423;0.936377
-5.90269;0.501181;0.548175;-0.73704;0.316;-5.8793;0.413306;0.242211;0.644043
-4.83649;9.74777;0.533841;0.885742;0;-4.55828;9.71296;0.456683;2.71395
6.23924;-2.35326;0.565476;1.88342;0.446;5.37375;-1.85391;0.605268;-0.863537
-8.15957;13.9137;0.533632;-1.13676;0;-8.31555;13.9038;0.575359;1.70253
5.63678;-1.25331;0.791652;-1.16489;0.446;5.37375;-1.85391;0.605268;-0.863537
-10.1738;-3.37193;0.347122;2.46596;0.316;-9.94528;-3.55541;0.47416;1.14704
-10.6131;16.1816;0.349623;2.1659;0;-10.4139;16.0829;0.325197;-1.67988
-7.82239;-2.84311;0.57607;-0.846177;0.336;-7.84112;-3.03808;0.566976;-0.861866
4.22261;-1.45273;0.236875;-2.18964;0.364;4.43677;-1.5056;0.632423;0.936377
-3.06384;10.9634;0.446034;-1.14487;0.011;-3.00086;11.1466;0.695438;-0.0694551
6.49046;-0.740672;0.699771;-1.82543;0.472;5.63678;-1.25331;0.791652;-1.16489
-9.08263;10.4616;0.787738;-1.7726;0;-9.31788;10.4428;0.656551;-0.0134893
2.65327;-0.577586;0.286493;1.11575;0.316;2.83065;-0.599198;0.632998;-2.25812
-7.83603;-2.53721;0.311689;-0.383289;0.316;-7.8256;-2.43914;0.577423;1.24333
-13.9248;11.6674;0.490247;-1.33361;0;-13.6593;11.6314;0.254502;0.180328
-4.94601;12.4415;0.226867;0.64529;0;-4.67081;12.4484;0.462954;-1.44671
-8.49487;14.9971;0.572089;3.08305;0;-8.27567;14.8065;0.380384;2.45214
-12.2462;4.45228;0.340099;-2.09321;0.002;-12.3098;4.70022;0.271943;1.75135
-3.56752;-2.0943;0.450862;-0.704768;0.316;-3.60183;-1.80106;0.328891;-2.15564
-10.2627;2.02902;0.660694;-1.1616;0.002;-10.5121;2.17236;0.693642;2.42801
1.34491;-1.49507;0.648575;-1.66093;0.316;1.10061;-1.24506;0.678173;2.46654
1.5378;-2.4758;0.617492;-0.849127;0.316;1.34491;-1.49507;0.648575;-1.66093
-6.57593;1.46664;0.330912;2.8812;0.316;-6.31772;1.59459;0.238982;-1.78493
-7.84483;13.0254;0.694683;1.29864;0;-8.02491;12.9811;0.620149;-1.33798
-3.74336;-0.763896;0.558818;0.977765;0.316;-3.57081;-0.24729;0.711096;-1.0037
-6.16538;15.0688;0.554865;1.51765;0;-5.99443;15.3479;0.721138;-0.733556
-1.66127;-0.369047;0.710371;3.07684;0.316;-1.5855;-0.0106523;0.705622;-1.73144
-12.2227;15.9221;0.659438;0.430847;0;-12.0597;15.5207;0.303875;-0.641798
-0.190583;0.501872;0.695352;2.35379;0.316;-0.657428;-0.382383;0.683142;-1.71287
-10.3927;5.58718;0.364074;0.753601;0.002;-10.0065;5.6949;0.209781;-1.49404
-14.5564;10.5433;0.772859;-1.31061;0;-14.4734;10.4921;0.839209;1.34452
6.73595;0.228653;0.687861;-1.16637;0.472;6.49046;-0.740672;0.699771;-1.82543
-1.7766;0.970115;0.665903;0.971667;0.316;-1.5855;-0.0106523;0.705622;-1.73144
-8.61677;15.142;0.34566;0.701685;0;-8.49487;14.9971;0.572089;3.08305
-4.16752;10.5127;0.325736;1.91251;0;-4.32867;10.5007;0.446074;-2.94339
-10.8475;15.4026;0.786203;-0.88768;0;-10.5412;15.3834;0.721292;-1.83334
1.12381;-0.148121;0.293163;0.723927;0.316;1.32945;-1.12001;0.178496;0.739827
-7.40814;9.94539;0.765965;2.01647;0;-7.49145;10.0844;0.648099;2.03794
-8.34166;-0.437391;0.583768;2.16771;0.316;-8.44234;-0.446411;0.55638;-0.159345
1.42826;0.796444;0.416079;2.64789;0.316;1.12381;-0.148121;0.293163;0.723927
-1.256;1.79454;0.443865;2.6639;0.316;-1.7766;0.970115;0.665903;0.971667
5.92575;-2.18885;0.620582;-2.84174;0.446;6.23924;-2.35326;0.565476;1.88342
6.09031;-0.674617;0.296454;2.55784;0.472;6.49046;-0.740672;0.699771;-1.82543
-6.24576;8.50175;0.283316;-1.86995;0;-5.8781;8.51208;0.345436;-1.95727
6.26109;1.08185;0.472094;2.3233;0.472;6.73595;0.228653;0.687861;-1.16637
-9.23827;4.20739;0.320818;2.87413;0.002;-9.07892;4.1708;0.519656;-0.11666
6.00299;2.04535;0.543139;-1.77528;0.472;6.26109;1.08185;0.472094;2.3233
-8.34711;8.32323;0.547935;0.495997;0;-7.96363;8.36934;0.490311;-1.18721
1.76476;1.73698;0.369664;2.13159;0.316;1.42826;0.796444;0.416079;2.64789
-13.8253;16.3701;0.507407;1.36695;0.023;-14.0859;15.9014;0.311503;-1.11438
-5.14634;-3.87223;0.659224;0.509001;0.323;-5.17388;-4.10498;0.3084;0.754062
1.23776;-0.143044;0.617547;-3.08419;0.316;1.12381;-0.148121;0.293163;0.723927
-8.29213;-2.54961;0.496723;-0.64928;0.316;-7.8256;-2.43914;0.577423;1.24333
5.78467;2.42603;0.299029;1.94567;0.472;6.00299;2.04535;0.543139;-1.77528
-7.13754;1.84688;0.206396;-1.48803;0.316;-7.18247;2.12852;0.160695;0.237245
-14.6241;1.38689;0.435994;1.06988;0.232;-14.6236;1.59476;0.273344;0.138746
-13.9183;11.7459;0.5266;1.30727;0;-13.9248;11.6674;0.490247;-1.33361
-10.2229;12.467;0.38343;2.94393;0;-9.64719;12.3183;0.43665;0.84336
-6.23811;0.83896;0.154351;-0.871314;0.316;-5.8793;0.413306;0.242211;0.644043
-6.52803;1.92693;0.475044;0.670073;0.316;-6.40135;2.12772;0.50327;0.621558
-11.5678;14.8514;0.262984;-1.15233;0;-11.5642;14.9762;0.453761;-0.466621
5.06441;1.7866;0.771412;-2.96188;0.472;6.00299;2.04535;0.543139;-1.77528
-2.85646;12.172;0.715134;-2.56861;0;-2.73304;12.3698;0.64295;3.06276
-9.73968;12.6427;0.187906;1.8698;0;-9.52334;12.6833;0.383416;0.971199
-13.8604;4.12127;0.605473;-2.03626;0.002;-14.0461;4.22653;0.522491;-1.39604
-11.0511;-3.83876;0.292352;-1.96793;0.266;-10.8433;-3.71956;0.286743;0.805576
-3.0617;0.486772;0.351464;-1.67807;0.316;-2.57522;-0.153621;0.705063;2.52546
-9.13768;10.1558;0.69695;1.68607;0;-9.08263;10.4616;0.787738;-1.7726
-9.44653;10.3912;0.6208;2.1217;0;-9.31788;10.4428;0.656551;-0.0134893
1.27732;0.969501;0.828369;-0.375174;0.316;1.42826;0.796444;0.416079;2.64789
-14.1094;14.9638;0.479945;-1.18576;0;-14.2267;14.8523;0.401757;0.811237
-14.6411;4.073;0.601031;-2.86685;0.002;-14.4497;4.39325;0.199622;0.66175
-4.46211;-2.0764;0.399768;0.151055;0.316;-4.44425;-2.2804;0.475054;-0.283626
-9.78432;2.99646;0.499183;0.547178;0.002;-9.65905;2.99782;0.457929;1.83209
-6.64369;-2.11271;0.640362;1.3411;0.316;-7.0167;-2.15767;0.669376;-0.0234116
-5.75453;15.7393;0.591189;2.38975;0;-5.77767;15.8471;0.313829;0.192445
-11.928;-4.13928;0.821768;3.00746;0.124;-12.0803;-4.0392;0.509276;0.604713
-12.642;-4.03686;0.375786;0.768959;0.111;-12.4886;-3.74538;0.400583;1.04765
-9.64918;-0.114367;0.825098;-2.28003;0.316;-9.63338;-0.43194;0.676271;0.206952
-2.43304;1.71953;0.579562;-2.01696;0.316;-1.7766;0.970115;0.665903;0.971667
-4.8475;14.2604;0.849504;-1.65653;0;-4.53846;14.0711;0.542679;-0.116669
-12.3756;3.82139;0.327775;1.93678;0.002;-12.5877;3.72439;0.620602;-2.24142
-11.8962;12.3487;0.842868;2.2191;0;-11.8106;12.3488;0.803362;-2.42964
-13.1689;4.47163;0.64151;1.81616;0.002;-13.0709;4.23219;0.675274;-2.44682
-10.4722;15.7468;0.204723;1.07243;0;-10.4113;15.5721;0.344212;-3.06904
-7.48826;1.9863;0.154378;-0.153985;0.316;-7.68729;1.97802;0.217792;-1.19524
-4.61269;14.316;0.270625;-2.53985;0;-4.53846;14.0711;0.542679;-0.116669
5.74162;-1.17486;0.412066;-1.62478;0.512;5.63678;-1.25331;0.791652;-1.16489
