12.8387;-7.79487;0.923475;0.890986;0.061;13.8183;-7.59693;0.959038;0.849712
11.8642;-7.57127;0.904472;0.626326;0.061;12.8387;-7.79487;0.923475;0.890986
10.8922;-7.80551;0.884466;-1.29457;0.061;11.8642;-7.57127;0.904472;0.626326
9.9337;-7.52258;0.85049;3.08449;0.061;10.8922;-7.80551;0.884466;-1.29457
8.93457;-7.48694;0.828473;1.38802;0.061;9.9337;-7.52258;0.85049;3.08449
7.94167;-7.37257;0.795798;-0.750663;0.061;8.93457;-7.48694;0.828473;1.38802
7.83764;-8.36706;0.782824;-2.76633;0.061;7.94167;-7.37257;0.795798;-0.750663
7.82393;-9.36171;0.680394;2.6461;0.061;7.83764;-8.36706;0.782824;-2.76633
8.29892;-10.223;0.500139;0.382349;0.061;7.82393;-9.36171;0.680394;2.6461
13.7801;-6.31015;0.736553;2.18216;0.031;13.858;-6.62484;0.727839;-1.84121
9.28466;-10.1998;0.333524;1.8052;0.061;8.29892;-10.223;0.500139;0.382349
12.9983;-5.68692;0.754974;-2.25878;0.031;13.7801;-6.31015;0.736553;2.18216
8.56706;-8.2263;0.575427;-2.85296;0.061;7.83764;-8.36706;0.782824;-2.76633
12.1679;-6.07542;0.355676;0.0602987;0.181;12.9983;-5.68692;0.754974;-2.25878
14.509;-5.91684;0.267575;-3.13082;0.144;13.7801;-6.31015;0.736553;2.18216
9.12988;-9.95707;0.523814;2.82315;0.061;9.28466;-10.1998;0.333524;1.8052
10.2366;-10.5049;0.306543;1.91189;0.061;9.28466;-10.1998;0.333524;1.8052
11.777;-5.15508;0.369183;-1.78491;0.181;12.1679;-6.07542;0.355676;0.0602987
11.6849;-4.16513;0.47651;0.84687;0.181;11.777;-5.15508;0.369183;-1.78491
7.87565;-8.48142;0.660919;-1.08569;0.061;7.83764;-8.36706;0.782824;-2.76633
10.1949;-10.2842;0.357866;-0.864338;0.061;10.2366;-10.5049;0.306543;1.91189
11.1712;-10.072;0.316306;2.53597;0.061;10.1949;-10.2842;0.357866;-0.864338
8.19006;-8.44744;0.22708;-1.15764;0.061;7.87565;-8.48142;0.660919;-1.08569
10.3912;-9.95278;0.490808;-2.32777;0.061;10.1949;-10.2842;0.357866;-0.864338
14.283;-8.47516;0.846165;-2.91645;0;13.8183;-7.59693;0.959038;0.849712
13.7825;-8.24159;0.760589;1.72186;0.141;14.283;-8.47516;0.846165;-2.91645
14.3209;-7.63334;0.616579;0.90814;0;13.8183;-7.59693;0.959038;0.849712
7.98739;-9.68713;0.579055;0.0638484;0.061;7.82393;-9.36171;0.680394;2.6461
12.5947;-5.21376;0.54099;-1.54391;0.031;12.9983;-5.68692;0.754974;-2.25878
10.844;-9.9506;0.595564;-1.26046;0.061;11.1712;-10.072;0.316306;2.53597
11.7557;-4.24193;0.195394;-2.53926;0.181;11.6849;-4.16513;0.47651;0.84687
12.1221;-10.3456;0.460585;2.76393;0.061;11.1712;-10.072;0.316306;2.53597
8.29559;-9.23375;0.443466;-2.17345;0.061;7.82393;-9.36171;0.680394;2.6461
8.60203;-9.60014;0.25639;-1.39438;0.061;8.29559;-9.23375;0.443466;-2.17345
12.7864;-6.07677;0.357906;2.74172;0.031;12.9983;-5.68692;0.754974;-2.25878
12.385;-4.18311;0.785687;-1.02229;0.193;11.6849;-4.16513;0.47651;0.84687
11.567;-8.14024;0.669686;0.665293;0.061;11.8642;-7.57127;0.904472;0.626326
13.1252;-7.42815;0.602475;2.32959;0.061;12.8387;-7.79487;0.923475;0.890986
12.8305;-3.96419;0.541434;2.28877;0.193;12.385;-4.18311;0.785687;-1.02229
11.9442;-5.91234;0.4759;1.92642;0.181;12.1679;-6.07542;0.355676;0.0602987
7.6448;-8.0132;0.289465;-2.99832;0.061;7.83764;-8.36706;0.782824;-2.76633
13.3234;-4.15243;0.7637;2.06382;0.193;12.8305;-3.96419;0.541434;2.28877
11.8154;-5.55096;0.236112;0.919311;0.181;11.777;-5.15508;0.369183;-1.78491
8.38637;-7.52892;0.318473;-2.12271;0.061;7.94167;-7.37257;0.795798;-0.750663
13.6073;-7.08278;0.604076;-2.33043;0.258;13.7367;-6.91029;0.380472;1.91971
8.1815;-9.59335;0.529416;-0.916741;0.061;7.98739;-9.68713;0.579055;0.0638484
12.0495;-9.78007;0.174508;2.05714;0.061;12.1221;-10.3456;0.460585;2.76393
9.95848;-10.1404;0.391712;1.00675;0.061;10.1949;-10.2842;0.357866;-0.864338
11.7541;-9.78778;0.849996;-1.3189;0.061;12.0495;-9.78007;0.174508;2.05714
13.4521;-8.0006;0.460631;2.54563;0.141;13.7825;-8.24159;0.760589;1.72186
14.4715;-7.31417;0.194687;2.46889;0.15;14.3209;-7.63334;0.616579;0.90814
10.1164;-9.90606;0.227291;-2.58734;0.061;9.95848;-10.1404;0.391712;1.00675
13.7818;-4.2987;0.629254;-0.259627;0.193;13.3234;-4.15243;0.7637;2.06382
12.6136;-4.95599;0.655449;-1.11002;0.062;12.5947;-5.21376;0.54099;-1.54391
14.0013;-3.32516;0.565603;-0.737488;0.193;13.7818;-4.2987;0.629254;-0.259627
13.634;-2.3981;0.489927;-2.53602;0.193;14.0013;-3.32516;0.565603;-0.737488
12.975;-1.64609;0.476503;0.0637427;0.193;13.634;-2.3981;0.489927;-2.53602
11.0341;-9.82403;0.260157;0.606182;0.061;11.1712;-10.072;0.316306;2.53597
11.1775;-8.12616;0.528888;-0.81445;0.061;11.567;-8.14024;0.669686;0.665293
11.9823;-1.74961;0.537517;2.90912;0.193;12.975;-1.64609;0.476503;0.0637427
11;-1.56242;0.533923;2.111;0.193;11.9823;-1.74961;0.537517;2.90912
14.4686;-5.7404;0.764267;0.320986;0.144;14.509;-5.91684;0.267575;-3.13082
12.3974;-10.0236;0.27921;2.35299;0.061;12.0495;-9.78007;0.174508;2.05714
13.1776;-10.6284;0.439321;-2.63283;0.061;12.3974;-10.0236;0.27921;2.35299
11.7007;-4.97333;0.736402;-1.03211;0.209;11.777;-5.15508;0.369183;-1.78491
10.0107;-1.69007;0.604788;-2.4673;0.193;11;-1.56242;0.533923;2.111
12.328;-4.49293;0.249121;-2.78936;0.193;12.385;-4.18311;0.785687;-1.02229
14.1906;-7.20634;0.823805;1.42002;0.123;14.3209;-7.63334;0.616579;0.90814
13.404;-2.03146;0.384288;0.570453;0.193;13.634;-2.3981;0.489927;-2.53602
12.7477;-5.49531;0.659467;-3.12591;0.031;12.9983;-5.68692;0.754974;-2.25878
12.5651;-5.51163;0.58213;3.02254;0.031;12.7477;-5.49531;0.659467;-3.12591
13.0527;-9.93714;0.836176;-2.0008;0.061;13.1776;-10.6284;0.439321;-2.63283
13.9321;-11.139;0.350967;-2.52236;0.061;13.1776;-10.6284;0.439321;-2.63283
14.4788;-8.52118;0.241043;-0.303793;0;14.283;-8.47516;0.846165;-2.91645
8.5305;-8.28409;0.789593;-2.46073;0.061;8.56706;-8.2263;0.575427;-2.85296
14.3915;-6.2029;0.824039;1.58289;0.158;14.4686;-5.7404;0.764267;0.320986
9.53346;-10.4745;0.652378;-0.0559072;0.061;9.28466;-10.1998;0.333524;1.8052
12.2589;-5.30786;0.747576;-2.30892;0.031;12.5651;-5.51163;0.58213;3.02254
11.6718;-1.50396;0.490389;2.23195;0.193;11.9823;-1.74961;0.537517;2.90912
13.8135;-6.7782;0.412065;2.43887;0.163;13.807;-6.74224;0.3536;1.21702
13.0792;-1.93678;0.579581;-1.42871;0.193;12.975;-1.64609;0.476503;0.0637427
13.7411;-12.1206;0.34835;-1.84286;0.061;13.9321;-11.139;0.350967;-2.52236
12.0415;-4.6599;0.248468;2.47778;0.193;12.328;-4.49293;0.249121;-2.78936
10.229;-10.3511;0.702559;-1.77353;0.061;10.1949;-10.2842;0.357866;-0.864338
11.7759;-7.75367;0.206753;1.35556;0.061;11.567;-8.14024;0.669686;0.665293
13.7987;-3.32046;0.587326;0.371103;0.193;14.0013;-3.32516;0.565603;-0.737488
13.9377;-9.60173;0.729091;1.16629;0.061;13.0527;-9.93714;0.836176;-2.0008
8.41372;-8.60418;0.80012;-2.11559;0.061;8.5305;-8.28409;0.789593;-2.46073
12.8003;-12.4071;0.529438;0.922898;0.061;13.7411;-12.1206;0.34835;-1.84286
11.0281;-8.01273;0.582371;-1.21213;0.061;11.1775;-8.12616;0.528888;-0.81445
10.4511;-2.24297;0.451244;2.44265;0.193;10.0107;-1.69007;0.604788;-2.4673
13.5978;-2.40287;0.52976;-2.7529;0.193;13.634;-2.3981;0.489927;-2.53602
13.59;-2.09384;0.52384;-0.24447;0.193;13.404;-2.03146;0.384288;0.570453
14.4147;-9.70854;0.467867;-3.12179;0.061;13.9377;-9.60173;0.729091;1.16629
11.8656;-12.0517;0.532875;-0.297885;0.061;12.8003;-12.4071;0.529438;0.922898
10.3542;-2.87578;0.751278;2.54369;0.193;10.4511;-2.24297;0.451244;2.44265
8.84164;-7.82118;0.624541;-0.755911;0.061;8.93457;-7.48694;0.828473;1.38802
13.8518;-10.7691;0.661862;-0.408591;0.061;13.9321;-11.139;0.350967;-2.52236
10.6501;-2.13565;0.847157;0.302556;0.193;10.4511;-2.24297;0.451244;2.44265
14.6417;-5.73914;0.538851;0.553238;0.144;14.4686;-5.7404;0.764267;0.320986
9.9243;-3.76412;0.590034;1.82138;0.193;10.3542;-2.87578;0.751278;2.54369
13.9223;-7.84057;0.210324;1.20753;0.284;13.4521;-8.0006;0.460631;2.54563
12.1805;-3.86815;0.525879;1.99386;0.193;12.385;-4.18311;0.785687;-1.02229
12.7639;-1.81297;0.249686;-3.08443;0.193;12.975;-1.64609;0.476503;0.0637427
13.9859;-10.6057;0.518599;2.18615;0.061;13.8518;-10.7691;0.661862;-0.408591
10.7696;-7.79489;0.61624;-1.62267;0.061;10.8922;-7.80551;0.884466;-1.29457
12.5439;-8.04084;0.306074;-0.708201;0.061;12.8387;-7.79487;0.923475;0.890986
9.50456;-9.8451;0.407037;-1.66261;0.061;9.12988;-9.95707;0.523814;2.82315
12.6264;-5.84022;0.428216;-2.86918;0.031;12.7864;-6.07677;0.357906;2.74172
9.64143;-8.23689;0.285612;-2.12685;0.061;9.9337;-7.52258;0.85049;3.08449
7.5176;-7.71467;0.768287;-0.263528;0.061;7.94167;-7.37257;0.795798;-0.750663
14.1486;-3.81996;0.260372;1.82981;0.193;14.0013;-3.32516;0.565603;-0.737488
14.0072;-11.6778;0.562767;0.700185;0.061;13.7411;-12.1206;0.34835;-1.84286
10.8942;-9.9259;0.648896;1.14002;0.061;10.844;-9.9506;0.595564;-1.26046
7.47883;-7.72034;0.461132;1.67652;0.061;7.5176;-7.71467;0.768287;-0.263528
12.7045;-5.00769;0.734162;-2.93793;0.062;12.6136;-4.95599;0.655449;-1.11002
8.22592;-7.59137;0.42791;1.97777;0.061;8.38637;-7.52892;0.318473;-2.12271
10.2436;-2.91013;0.837411;-0.382715;0.193;10.3542;-2.87578;0.751278;2.54369
14.5607;-9.87673;0.216244;-2.80813;0.061;14.4147;-9.70854;0.467867;-3.12179
9.92017;-10.3629;0.666756;-0.0399448;0.061;10.229;-10.3511;0.702559;-1.77353
9.89939;-2.87351;0.245765;-0.88568;0.193;10.3542;-2.87578;0.751278;2.54369
8.45545;-9.16518;0.463691;-2.66344;0.061;8.29559;-9.23375;0.443466;-2.17345
11.6162;-9.94041;0.378287;1.73112;0.061;11.1712;-10.072;0.316306;2.53597
9.69107;-4.6051;0.218205;-1.31597;0.193;9.9243;-3.76412;0.590034;1.82138
7.9421;-8.48422;0.398123;-1.50767;0.061;7.87565;-8.48142;0.660919;-1.08569
8.99818;-8.05141;0.738127;1.53231;0.061;8.84164;-7.82118;0.624541;-0.755911
11.3389;-1.45049;0.355528;1.51849;0.193;11.6718;-1.50396;0.490389;2.23195
12.3158;-5.07125;0.26325;2.72813;0.031;12.5947;-5.21376;0.54099;-1.54391
14.2362;-2.25875;0.499971;2.37837;0.193;13.634;-2.3981;0.489927;-2.53602
11.3167;-1.58588;0.308088;2.51333;0.193;11.3389;-1.45049;0.355528;1.51849
10.3403;-4.15798;0.276503;-0.927946;0.193;9.9243;-3.76412;0.590034;1.82138
8.998;-7.76585;0.246096;1.16882;0.061;8.84164;-7.82118;0.624541;-0.755911
9.62288;-4.52359;0.632956;-2.108;0.193;9.69107;-4.6051;0.218205;-1.31597
8.35032;-8.30577;0.268457;0.455622;0.061;8.19006;-8.44744;0.22708;-1.15764
13.7785;-12.5437;0.660455;-2.70154;0.061;13.7411;-12.1206;0.34835;-1.84286
8.97653;-9.87807;0.259091;0.578957;0.061;9.12988;-9.95707;0.523814;2.82315
11.8001;-5.01659;0.250461;2.91258;0.181;11.777;-5.15508;0.369183;-1.78491
12.8862;-7.46783;0.757738;1.38421;0.079;13.1252;-7.42815;0.602475;2.32959
10.2601;-2.69402;0.719773;-3.12719;0.193;10.3542;-2.87578;0.751278;2.54369
13.4846;-10.2725;0.778885;-1.34945;0.061;13.0527;-9.93714;0.836176;-2.0008
11.8196;-5.81461;0.79378;-1.89153;0.181;11.9442;-5.91234;0.4759;1.92642
14.1535;-7.4148;0.270307;2.2709;0.3;14.4715;-7.31417;0.194687;2.46889
11.6994;-5.55767;0.698214;1.21073;0.181;11.8196;-5.81461;0.79378;-1.89153
8.64544;-8.88315;0.617609;-2.00136;0.061;8.45545;-9.16518;0.463691;-2.66344
10.8823;-11.9251;0.663728;-1.38708;0.061;11.8656;-12.0517;0.532875;-0.297885
11.5655;-7.9419;0.168988;0.509748;0.061;11.7759;-7.75367;0.206753;1.35556
8.44244;-9.9248;0.297128;1.82109;0.061;8.60203;-9.60014;0.25639;-1.39438
8.72347;-9.07259;0.589843;0.88024;0.061;8.64544;-8.88315;0.617609;-2.00136
13.873;-12.0545;0.491337;-1.63676;0.061;13.7411;-12.1206;0.34835;-1.84286
8.12349;-8.1923;0.241521;0.433231;0.061;8.35032;-8.30577;0.268457;0.455622
12.8009;-11.8904;0.193858;-2.48597;0.061;12.8003;-12.4071;0.529438;0.922898
14.1575;-3.34828;0.356826;1.48907;0.193;14.0013;-3.32516;0.565603;-0.737488
7.85744;-9.97847;0.603487;-1.77847;0.061;7.98739;-9.68713;0.579055;0.0638484
9.67071;-5.59743;0.340152;2.93012;0.193;9.69107;-4.6051;0.218205;-1.31597
9.84799;-10.0152;0.608442;2.31278;0.061;9.95848;-10.1404;0.391712;1.00675
14.4791;-1.74249;0.254192;1.61311;0.193;14.2362;-2.25875;0.499971;2.37837
10.6493;-12.0935;0.420139;-1.01917;0.061;10.8823;-11.9251;0.663728;-1.38708
13.1395;-12.2465;0.847144;1.30204;0.061;12.8003;-12.4071;0.529438;0.922898
10.3932;-4.86235;0.597772;-0.699841;0.193;10.3403;-4.15798;0.276503;-0.927946
13.3298;-8.01565;0.732364;0.223347;0.141;13.4521;-8.0006;0.460631;2.54563
13.6822;-9.5341;0.238323;-0.876716;0.061;13.9377;-9.60173;0.729091;1.16629
12.1933;-5.74755;0.157915;2.99478;0.181;12.1679;-6.07542;0.355676;0.0602987
14.0272;-7.86649;0.249248;1.67768;0.434;13.9223;-7.84057;0.210324;1.20753
9.74925;-5.67024;0.169729;1.46735;0.193;9.67071;-5.59743;0.340152;2.93012
8.34346;-8.52872;0.499429;2.12442;0.061;8.41372;-8.60418;0.80012;-2.11559
11.492;-11.9278;0.156081;1.92388;0.061;11.8656;-12.0517;0.532875;-0.297885
7.52343;-9.2242;0.612564;0.276925;0.061;7.82393;-9.36171;0.680394;2.6461
11.1957;-12.4831;0.497578;1.12744;0.061;10.8823;-11.9251;0.663728;-1.38708
14.6743;-2.15843;0.252398;2.05603;0.193;14.4791;-1.74249;0.254192;1.61311
13.1513;-12.1946;0.474275;-0.0341798;0.061;13.1395;-12.2465;0.847144;1.30204
10.4486;-3.97888;0.719329;0.229448;0.193;10.3403;-4.15798;0.276503;-0.927946
10.2004;-5.9825;0.151347;-1.84695;0.193;9.74925;-5.67024;0.169729;1.46735
13.2724;-11.0108;0.3463;-2.78024;0.061;13.1776;-10.6284;0.439321;-2.63283
13.4347;-10.6582;0.683903;-1.89862;0.061;13.1776;-10.6284;0.439321;-2.63283
7.70856;-9.72554;0.547345;-3.06943;0.061;7.98739;-9.68713;0.579055;0.0638484
14.2317;-10.4744;0.214823;-0.0908347;0.061;13.9859;-10.6057;0.518599;2.18615
13.3129;-11.2628;0.430805;-0.620513;0.061;13.2724;-11.0108;0.3463;-2.78024
13.6515;-9.84294;0.316356;2.32388;0.061;13.6822;-9.5341;0.238323;-0.876716
9.51787;-8.07152;0.219592;1.1964;0.061;9.64143;-8.23689;0.285612;-2.12685
12.6048;-10.0102;0.455788;-1.35699;0.061;12.3974;-10.0236;0.27921;2.35299
13.839;-4.1363;0.230777;-1.19429;0.234;13.7818;-4.2987;0.629254;-0.259627
13.4365;-9.91804;0.361313;-1.21265;0.061;13.6515;-9.84294;0.316356;2.32388
9.17666;-10.2122;0.172653;1.53315;0.061;9.28466;-10.1998;0.333524;1.8052
14.3185;-3.69546;0.440026;1.67058;0.193;14.1486;-3.81996;0.260372;1.82981
9.00228;-5.66952;0.329446;0.577662;0.193;9.67071;-5.59743;0.340152;2.93012
10.548;-3.73229;0.650068;2.50215;0.193;10.4486;-3.97888;0.719329;0.229448
8.10989;-5.2184;0.317532;1.09343;0.201;9.00228;-5.66952;0.329446;0.577662
7.51794;-4.41603;0.393611;0.697643;0.201;8.10989;-5.2184;0.317532;1.09343
14.4672;-6.94538;0.824877;0.82241;0.123;14.1906;-7.20634;0.823805;1.42002
10.395;-5.06166;0.814526;1.16436;0.193;10.3932;-4.86235;0.597772;-0.699841
12.528;-1.48347;0.723074;1.35578;0.193;12.975;-1.64609;0.476503;0.0637427
9.84855;-1.79864;0.160537;-1.43914;0.193;10.0107;-1.69007;0.604788;-2.4673
13.4268;-6.07882;0.519861;-2.32146;0.031;13.7801;-6.31015;0.736553;2.18216
9.8336;-12.4138;0.81903;-2.53527;0.061;10.6493;-12.0935;0.420139;-1.01917
9.77453;-3.24947;0.235754;2.47286;0.193;9.89939;-2.87351;0.245765;-0.88568
10.5425;-7.94799;0.648831;-2.55871;0.061;10.7696;-7.79489;0.61624;-1.62267
14.1863;-3.42702;0.785129;2.44563;0.193;14.0013;-3.32516;0.565603;-0.737488
7.98354;-10.4895;0.744086;1.63978;0.061;8.29892;-10.223;0.500139;0.382349
7.80229;-3.48117;0.606173;2.40331;0.201;7.51794;-4.41603;0.393611;0.697643
13.2822;-11.0456;0.605365;-1.71745;0.061;13.2724;-11.0108;0.3463;-2.78024
12.6926;-5.53246;0.613803;-1.11088;0.031;12.7477;-5.49531;0.659467;-3.12591
14.0117;-11.7748;0.754618;-2.79294;0.061;14.0072;-11.6778;0.562767;0.700185
14.137;-6.63999;0.295298;-0.367204;0.109;13.807;-6.74224;0.3536;1.21702
14.26;-10.6527;0.170517;-0.0220638;0.061;14.2317;-10.4744;0.214823;-0.0908347
8.83509;-12.4409;0.77177;0.610333;0.061;9.8336;-12.4138;0.81903;-2.53527
13.2081;-4.35712;0.416708;1.81477;0.193;13.3234;-4.15243;0.7637;2.06382
14.2217;-3.54532;0.41523;-2.46116;0.193;14.3185;-3.69546;0.440026;1.67058
8.06754;-2.51705;0.617325;-1.08482;0.202;7.80229;-3.48117;0.606173;2.40331
8.23598;-9.13889;0.654496;2.72675;0.061;8.29559;-9.23375;0.443466;-2.17345
13.9418;-2.81424;0.568269;0.836666;0.193;14.0013;-3.32516;0.565603;-0.737488
7.66226;-10.2987;0.544239;-2.87974;0.061;7.85744;-9.97847;0.603487;-1.77847
12.3934;-9.71541;0.645096;1.05931;0.061;12.6048;-10.0102;0.455788;-1.35699
9.51377;-8.13533;0.506152;-1.31299;0.061;9.64143;-8.23689;0.285612;-2.12685
12.4561;-5.34669;0.541581;-2.01938;0.031;12.5947;-5.21376;0.54099;-1.54391
7.6824;-4.0893;0.780141;-1.89725;0.201;7.51794;-4.41603;0.393611;0.697643
12.1951;-4.33565;0.598568;-3.11275;0.193;12.385;-4.18311;0.785687;-1.02229
13.7978;-12.4362;0.454627;-0.30964;0.061;13.7785;-12.5437;0.660455;-2.70154
10.119;-2.42261;0.262509;1.4718;0.193;10.4511;-2.24297;0.451244;2.44265
7.9751;-12.1641;0.3431;0.445782;0.061;8.83509;-12.4409;0.77177;0.610333
9.84202;-5.57081;0.732315;-2.66546;0.193;9.67071;-5.59743;0.340152;2.93012
14.0516;-3.666;0.303708;2.13407;0.193;14.1486;-3.81996;0.260372;1.82981
10.0872;-3.57719;0.514719;1.37103;0.193;9.9243;-3.76412;0.590034;1.82138
11.332;-1.99755;0.78592;1.51274;0.193;11;-1.56242;0.533923;2.111
7.46421;-8.13113;0.730903;2.8789;0.061;7.5176;-7.71467;0.768287;-0.263528
13.1463;-4.15411;0.337435;2.67212;0.193;13.2081;-4.35712;0.416708;1.81477
11.1648;-7.96316;0.462506;-1.89237;0.061;11.1775;-8.12616;0.528888;-0.81445
8.08275;-1.52884;0.769646;1.69584;0.202;8.06754;-2.51705;0.617325;-1.08482
7.98712;-0.53412;0.732365;2.56732;0.202;8.08275;-1.52884;0.769646;1.69584
11.6562;-2.0322;0.274281;1.58814;0.193;11.9823;-1.74961;0.537517;2.90912
10.0898;-7.52102;0.559476;-2.08834;0.061;9.9337;-7.52258;0.85049;3.08449
13.6562;-11.1287;0.540987;0.695;0.061;13.9321;-11.139;0.350967;-2.52236
9.73486;-10.0401;0.816203;2.14435;0.061;9.84799;-10.0152;0.608442;2.31278
7.67455;-4.66987;0.194184;-1.10026;0.201;7.51794;-4.41603;0.393611;0.697643
11.2144;-12.4846;0.152013;1.23484;0.061;11.1957;-12.4831;0.497578;1.12744
7.8519;-8.00864;0.332418;-0.801631;0.061;7.6448;-8.0132;0.289465;-2.99832
14.5768;-10.7485;0.820055;-0.920993;0.061;13.9859;-10.6057;0.518599;2.18615
6.9753;-12.1809;0.353879;2.67557;0.061;7.9751;-12.1641;0.3431;0.445782
12.2036;-5.49125;0.673658;2.61328;0.031;12.2589;-5.30786;0.747576;-2.30892
5.99587;-11.9792;0.359965;-2.05034;0.061;6.9753;-12.1809;0.353879;2.67557
7.87722;-6.10434;0.602225;-3.13492;0.201;8.10989;-5.2184;0.317532;1.09343
5.00534;-11.8435;0.380692;2.99674;0.061;5.99587;-11.9792;0.359965;-2.05034
12.5889;-10.2031;0.503772;-0.726291;0.061;12.6048;-10.0102;0.455788;-1.35699
13.3265;-11.3261;0.75966;1.54294;0.061;13.2822;-11.0456;0.605365;-1.71745
4.049;-11.5514;0.369836;3.02019;0.061;5.00534;-11.8435;0.380692;2.99674
7.74741;-8.78386;0.418212;2.2934;0.061;7.9421;-8.48422;0.398123;-1.50767
3.05426;-11.6347;0.429377;-1.507;0.061;4.049;-11.5514;0.369836;3.02019
2.06121;-11.517;0.42738;1.50965;0.062;3.05426;-11.6347;0.429377;-1.507
12.2256;-2.13289;0.558687;1.733;0.193;11.9823;-1.74961;0.537517;2.90912
1.9745;-10.5208;0.418896;-1.32262;0.062;2.06121;-11.517;0.42738;1.50965
13.6756;-3.73063;0.321888;-1.91322;0.214;14.0516;-3.666;0.303708;2.13407
13.6624;-11.1452;0.173584;0.613262;0.061;13.9321;-11.139;0.350967;-2.52236
2.73235;-9.87022;0.46749;2.30927;0.062;1.9745;-10.5208;0.418896;-1.32262
10.1734;-1.60799;0.322369;2.35413;0.193;10.0107;-1.69007;0.604788;-2.4673
8.25968;-11.969;0.839615;-0.635848;0.061;7.9751;-12.1641;0.3431;0.445782
14.175;-8.42557;0.393943;1.17622;0.057;14.4788;-8.52118;0.241043;-0.303793
14.456;-1.7784;0.224528;2.55163;0.193;14.4791;-1.74249;0.254192;1.61311
13.0974;-8.29819;0.638322;2.72237;0.141;13.3298;-8.01565;0.732364;0.223347
14.0347;-11.6283;0.810589;-1.12043;0.061;14.0117;-11.7748;0.754618;-2.79294
11.0382;-2.09045;0.770667;-0.367191;0.193;11.332;-1.99755;0.78592;1.51274
12.4181;-11.8013;0.223075;2.61745;0.061;12.8009;-11.8904;0.193858;-2.48597
13.279;-12.4353;0.849652;0.206004;0.061;13.1395;-12.2465;0.847144;1.30204
7.72201;-3.79479;0.776361;0.00702594;0.201;7.6824;-4.0893;0.780141;-1.89725
9.33818;-5.43713;0.35979;2.73697;0.193;9.67071;-5.59743;0.340152;2.93012
12.7709;-8.00206;0.256624;1.78263;0.104;12.5439;-8.04084;0.306074;-0.708201
11.6689;-9.79492;0.339186;2.04366;0.061;11.6162;-9.94041;0.378287;1.73112
13.7037;-8.06629;0.824745;2.30951;0.216;13.7825;-8.24159;0.760589;1.72186
9.3131;-8.12221;0.667012;1.65235;0.061;9.51377;-8.13533;0.506152;-1.31299
11.0439;-9.95319;0.292691;-1.64939;0.061;11.0341;-9.82403;0.260157;0.606182
8.01649;-1.91913;0.849287;0.588716;0.202;8.08275;-1.52884;0.769646;1.69584
12.26;-11.6551;0.598847;3.0319;0.061;12.4181;-11.8013;0.223075;2.61745
8.85022;-0.0292573;0.719743;-1.52359;0.227;7.98712;-0.53412;0.732365;2.56732
12.4563;-12.2128;0.410851;-1.76041;0.061;12.8003;-12.4071;0.529438;0.922898
12.9648;-11.6147;0.633619;2.80637;0.061;13.3265;-11.3261;0.75966;1.54294
7.96276;-3.49656;0.60116;-1.59359;0.202;7.80229;-3.48117;0.606173;2.40331
2.2741;-12.4756;0.614931;2.09458;0.062;2.06121;-11.517;0.42738;1.50965
8.46098;-5.68001;0.319371;0.690404;0.193;9.00228;-5.66952;0.329446;0.577662
1.84526;-11.3768;0.452352;0.653621;0.062;2.06121;-11.517;0.42738;1.50965
9.60263;-7.54433;0.541427;0.74124;0.061;9.9337;-7.52258;0.85049;3.08449
7.62425;-4.13191;0.22067;-2.38255;0.201;7.51794;-4.41603;0.393611;0.697643
3.92983;-12.4955;0.332972;1.48635;0.061;4.049;-11.5514;0.369836;3.02019
13.5913;-10.113;0.256533;-0.487495;0.061;13.4365;-9.91804;0.361313;-1.21265
8.4747;-8.33395;0.480124;2.40706;0.061;8.56706;-8.2263;0.575427;-2.85296
10.6103;-1.70715;0.611247;2.7082;0.193;11;-1.56242;0.533923;2.111
10.1663;-5.60973;0.516973;-1.0771;0.193;9.84202;-5.57081;0.732315;-2.66546
13.6355;-2.07109;0.829103;0.967928;0.193;13.59;-2.09384;0.52384;-0.24447
5.96706;-11.9249;0.426386;-2.52138;0.061;5.99587;-11.9792;0.359965;-2.05034
12.2896;-7.42617;0.750581;-0.976915;0.061;11.8642;-7.57127;0.904472;0.626326
9.74401;-5.15931;0.404737;2.29061;0.193;9.67071;-5.59743;0.340152;2.93012
3.19136;-10.2274;0.347196;-1.65715;0.062;2.73235;-9.87022;0.46749;2.30927
11.7019;-4.33951;0.173965;2.66494;0.181;11.7557;-4.24193;0.195394;-2.53926
8.80244;-11.7812;0.193986;1.79075;0.061;8.25968;-11.969;0.839615;-0.635848
11.0965;-9.99413;0.723067;3.08792;0.061;10.8942;-9.9259;0.648896;1.14002
3.97086;-9.60819;0.441586;1.00851;0.062;3.19136;-10.2274;0.347196;-1.65715
10.7728;-12.3172;0.770058;0.988811;0.061;10.8823;-11.9251;0.663728;-1.38708
8.2993;-2.3933;0.369582;-0.614008;0.202;8.06754;-2.51705;0.617325;-1.08482
9.04235;-9.91429;0.328642;2.83645;0.061;8.97653;-9.87807;0.259091;0.578957
9.66661;-4.25478;0.827932;0.0337176;0.193;9.62288;-4.52359;0.632956;-2.108
10.1196;-11.773;0.507785;-3.00226;0.061;10.6493;-12.0935;0.420139;-1.01917
12.747;-6.18085;0.584477;0.703894;0.133;12.7864;-6.07677;0.357906;2.74172
12.583;-4.2885;0.534256;-0.917571;0.203;12.385;-4.18311;0.785687;-1.02229
9.97962;-4.982;0.256817;1.22351;0.193;9.74401;-5.15931;0.404737;2.29061
8.92186;-10.1914;0.518311;-0.821616;0.061;9.12988;-9.95707;0.523814;2.82315
7.63155;-8.23568;0.737772;1.52972;0.061;7.46421;-8.13113;0.730903;2.8789
8.06166;-1.80043;0.741281;2.08151;0.202;8.01649;-1.91913;0.849287;0.588716
4.15577;-9.84631;0.656527;0.995464;0.062;3.97086;-9.60819;0.441586;1.00851
13.8669;-11.4121;0.208834;-1.63099;0.061;13.9321;-11.139;0.350967;-2.52236
14.0531;-3.73597;0.451354;-1.50692;0.193;14.0516;-3.666;0.303708;2.13407
7.31928;-12.0133;0.49385;1.65774;0.061;6.9753;-12.1809;0.353879;2.67557
14.3274;-1.656;0.539039;-2.61843;0.193;14.4791;-1.74249;0.254192;1.61311
10.0849;-11.591;0.734199;1.24715;0.061;10.1196;-11.773;0.507785;-3.00226
8.32545;-5.86181;0.205832;-1.66557;0.193;8.46098;-5.68001;0.319371;0.690404
14.1864;-3.41041;0.478706;1.96879;0.193;14.1575;-3.34828;0.356826;1.48907
7.82287;-12.2139;0.59691;3.09448;0.061;7.9751;-12.1641;0.3431;0.445782
10.9613;-11.6463;0.801638;2.94558;0.061;10.8823;-11.9251;0.663728;-1.38708
9.41499;-12.1262;0.638818;1.81598;0.061;9.8336;-12.4138;0.81903;-2.53527
5.99813;-11.9256;0.279922;2.21495;0.061;5.99587;-11.9792;0.359965;-2.05034
13.2291;-8.47126;0.647212;1.3041;0.2;13.0974;-8.29819;0.638322;2.72237
8.60845;-6.08761;0.620285;2.80148;0.193;8.46098;-5.68001;0.319371;0.690404
13.0375;-10.3934;0.411705;-2.45702;0.061;13.1776;-10.6284;0.439321;-2.63283
7.89804;-5.87652;0.345856;-2.16256;0.201;7.87722;-6.10434;0.602225;-3.13492
7.75819;-0.203613;0.370833;-0.960116;0.227;7.98712;-0.53412;0.732365;2.56732
11.6423;-12.4807;0.79384;-0.666275;0.061;11.1957;-12.4831;0.497578;1.12744
13.6314;-12.4435;0.75152;-1.55554;0.061;13.7785;-12.5437;0.660455;-2.70154
14.0548;-7.16787;0.333678;0.994566;0.325;14.1535;-7.4148;0.270307;2.2709
10.2497;-3.41315;0.631636;2.03641;0.193;10.0872;-3.57719;0.514719;1.37103
9.70792;0.326086;0.348148;3.11449;0.227;8.85022;-0.0292573;0.719743;-1.52359
10.6181;-9.64561;0.198741;-0.954059;0.061;11.0341;-9.82403;0.260157;0.606182
12.0713;-9.77475;0.800536;2.99066;0.061;11.7541;-9.78778;0.849996;-1.3189
11.499;-10.4678;0.654857;1.83995;0.061;11.6162;-9.94041;0.378287;1.73112
9.82068;-5.46292;0.376316;1.40236;0.193;9.67071;-5.59743;0.340152;2.93012
8.56975;-12.4145;0.340834;1.92283;0.061;8.83509;-12.4409;0.77177;0.610333
10.7604;-10.1655;0.426655;2.78675;0.061;10.844;-9.9506;0.595564;-1.26046
2.399;-11.1953;0.437235;1.98494;0.062;2.06121;-11.517;0.42738;1.50965
2.56123;-12.3514;0.569408;0.867871;0.062;2.2741;-12.4756;0.614931;2.09458
7.97523;-8.37322;0.630509;3.11204;0.061;7.87565;-8.48142;0.660919;-1.08569
10.9166;-12.6757;0.308334;-1.58339;0.061;11.2144;-12.4846;0.152013;1.23484
7.90454;-5.05761;0.765005;2.68119;0.201;8.10989;-5.2184;0.317532;1.09343
8.57448;-0.397507;0.385039;1.28585;0.227;8.85022;-0.0292573;0.719743;-1.52359
9.63376;-4.68569;0.348194;1.96196;0.193;9.69107;-4.6051;0.218205;-1.31597
11.8831;-1.54536;0.843017;2.94648;0.193;11.9823;-1.74961;0.537517;2.90912
13.6674;-6.73254;0.732397;-0.652615;0;13.858;-6.62484;0.727839;-1.84121
6.53677;-11.7212;0.399005;1.27501;0.061;5.99813;-11.9256;0.279922;2.21495
10.3191;-5.19778;0.598385;2.66914;0.193;10.395;-5.06166;0.814526;1.16436
14.3338;-12.1284;0.548326;-0.0811308;0.061;13.873;-12.0545;0.491337;-1.63676
9.8241;0.33971;0.342345;-1.66475;0.227;9.70792;0.326086;0.348148;3.11449
6.72585;-12.1142;0.293308;-0.653967;0.061;6.9753;-12.1809;0.353879;2.67557
12.6062;-12.5785;0.275186;0.289974;0.061;12.8003;-12.4071;0.529438;0.922898
13.5933;-3.93882;0.330815;-2.04265;0.226;13.6756;-3.73063;0.321888;-1.91322
13.7483;-11.1186;0.840969;-1.67732;0.061;13.6562;-11.1287;0.540987;0.695
2.64059;-11.4957;0.34323;-2.21328;0.062;2.399;-11.1953;0.437235;1.98494
4.14721;-10.0596;0.280934;2.83536;0.062;4.15577;-9.84631;0.656527;0.995464
9.79612;-4.56504;0.370304;-1.61226;0.193;9.69107;-4.6051;0.218205;-1.31597
5.24649;-12.2765;0.698409;0.582911;0.061;5.00534;-11.8435;0.380692;2.99674
14.1913;-4.13891;0.371038;1.39759;0.193;14.1486;-3.81996;0.260372;1.82981
4.15077;-11.7299;0.166255;-2.56865;0.061;4.049;-11.5514;0.369836;3.02019
2.37004;-11.7726;0.412147;2.42721;0.062;2.64059;-11.4957;0.34323;-2.21328
9.62648;-4.16068;0.808059;-0.12003;0.193;9.66661;-4.25478;0.827932;0.0337176
11.1832;-12.4212;0.231112;2.21222;0.061;11.2144;-12.4846;0.152013;1.23484
14.2118;-7.15152;0.388242;0.611889;0.325;14.0548;-7.16787;0.333678;0.994566
11.9705;-5.1469;0.500419;-0.891815;0.266;11.777;-5.15508;0.369183;-1.78491
8.73313;-9.00033;0.662602;-0.401855;0.061;8.72347;-9.07259;0.589843;0.88024
13.1938;-8.30692;0.435916;0.470611;0.141;13.0974;-8.29819;0.638322;2.72237
11.8548;-6.32763;0.308863;0.114714;0.331;12.1679;-6.07542;0.355676;0.0602987
9.26096;0.341586;0.362277;2.48388;0.227;9.70792;0.326086;0.348148;3.11449
7.79814;-1.01923;0.760075;-1.31741;0.219;7.98712;-0.53412;0.732365;2.56732
13.6949;-10.5852;0.603245;-1.16058;0.061;13.8518;-10.7691;0.661862;-0.408591
13.2279;-8.4382;0.554851;-1.93534;0.2;13.2291;-8.47126;0.647212;1.3041
8.21614;-0.674881;0.61204;0.651865;0.203;7.98712;-0.53412;0.732365;2.56732
5.13406;-9.91032;0.218892;2.40632;0.062;4.14721;-10.0596;0.280934;2.83536
7.56208;-5.50139;0.817726;1.31992;0.201;7.90454;-5.05761;0.765005;2.68119
14.2277;-2.29401;0.152773;-1.7472;0.193;14.2362;-2.25875;0.499971;2.37837
8.00511;-8.14147;0.398506;2.24755;0.061;8.12349;-8.1923;0.241521;0.433231
10.8099;-2.31992;0.596893;1.00759;0.193;10.6501;-2.13565;0.847157;0.302556
10.573;-3.92192;0.39035;-2.79489;0.193;10.548;-3.73229;0.650068;2.50215
9.0895;-0.00455032;0.522584;0.232135;0.228;8.85022;-0.0292573;0.719743;-1.52359
9.68761;-12.0801;0.271457;1.08126;0.061;9.41499;-12.1262;0.638818;1.81598
11.6375;-1.82874;0.399475;-2.40609;0.193;11.6562;-2.0322;0.274281;1.58814
10.4632;-11.9857;0.503563;-0.553311;0.061;10.6493;-12.0935;0.420139;-1.01917
11.782;-10.0826;0.500199;1.98574;0.061;11.6162;-9.94041;0.378287;1.73112
3.16717;-11.7984;0.220011;-2.08485;0.061;3.05426;-11.6347;0.429377;-1.507
8.20207;-6.2331;0.344347;1.84475;0.194;8.32545;-5.86181;0.205832;-1.66557
11.9932;-11.6439;0.818726;-1.47036;0.061;12.26;-11.6551;0.598847;3.0319
5.62234;-9.11162;0.57054;-0.887284;0.062;5.13406;-9.91032;0.218892;2.40632
12.7551;-5.82341;0.433979;-0.837352;0.031;12.6264;-5.84022;0.428216;-2.86918
7.94369;-4.35937;0.444711;-1.86898;0.201;7.51794;-4.41603;0.393611;0.697643
10.8102;-7.9392;0.501718;0.748045;0.061;10.7696;-7.79489;0.61624;-1.62267
8.49547;-10.1792;0.844347;-2.1416;0.061;8.29892;-10.223;0.500139;0.382349
14.3421;-11.0926;0.420073;-1.94186;0.061;13.9321;-11.139;0.350967;-2.52236
14.2629;-10.8627;0.497256;-1.53683;0.061;14.3421;-11.0926;0.420073;-1.94186
13.658;-8.07618;0.744046;0.982912;0.339;13.7037;-8.06629;0.824745;2.30951
12.8635;-9.70192;0.724421;2.23734;0.061;13.0527;-9.93714;0.836176;-2.0008
9.4415;-0.334837;0.3428;-1.86341;0.253;9.0895;-0.00455032;0.522584;0.232135
13.7871;-1.94594;0.800631;-0.534914;0.193;13.6355;-2.07109;0.829103;0.967928
12.7165;-7.70491;0.742982;2.8458;0.061;12.8387;-7.79487;0.923475;0.890986
12.2396;-5.98425;0.463124;-2.14372;0.181;12.1679;-6.07542;0.355676;0.0602987
8.23522;-10.2028;0.336186;-1.83598;0.061;8.29892;-10.223;0.500139;0.382349
14.2792;-8.44055;0.244333;-0.551701;0.057;14.175;-8.42557;0.393943;1.17622
5.45732;-9.79153;0.179194;1.67714;0.065;5.13406;-9.91032;0.218892;2.40632
13.6858;-3.79183;0.829824;-1.16216;0.231;13.6756;-3.73063;0.321888;-1.91322
2.61352;-11.0893;0.699206;1.95779;0.062;2.399;-11.1953;0.437235;1.98494
11.9555;-7.91339;0.534477;0.533052;0.061;11.7759;-7.75367;0.206753;1.35556
12.6203;-1.70714;0.800135;-1.47671;0.193;12.528;-1.48347;0.723074;1.35578
3.05924;-9.50269;0.633032;1.39812;0.062;2.73235;-9.87022;0.46749;2.30927
11.9836;-8.15588;0.778079;2.83971;0.061;11.9555;-7.91339;0.534477;0.533052
2.78601;-11.6481;0.390723;2.76581;0.062;2.64059;-11.4957;0.34323;-2.21328
7.64412;-12.4794;0.497152;2.78778;0.061;7.82287;-12.2139;0.59691;3.09448
9.73128;-8.20931;0.685289;-0.556557;0.061;9.51377;-8.13533;0.506152;-1.31299
14.334;-2.70304;0.727099;-0.19081;0.193;13.9418;-2.81424;0.568269;0.836666
6.18477;-9.5471;0.603417;-1.21966;0.062;5.62234;-9.11162;0.57054;-0.887284
10.1499;-8.01216;0.380337;-2.04139;0.061;10.5425;-7.94799;0.648831;-2.55871
10.0933;-4.57862;0.350235;-2.64944;0.193;9.79612;-4.56504;0.370304;-1.61226
13.8813;-6.72857;0.249538;-0.595904;0.109;13.807;-6.74224;0.3536;1.21702
14.4634;-7.57735;0.488089;-0.188085;0;14.3209;-7.63334;0.616579;0.90814
11.2125;-10.5398;0.776752;2.23253;0.061;11.499;-10.4678;0.654857;1.83995
9.8554;-4.52813;0.33453;-1.40106;0.193;9.79612;-4.56504;0.370304;-1.61226
7.5468;-9.3243;0.504528;3.0089;0.061;7.52343;-9.2242;0.612564;0.276925
11.4222;-2.34867;0.700667;1.77196;0.193;11.332;-1.99755;0.78592;1.51274
7.98881;-8.73518;0.55807;2.37394;0.061;7.74741;-8.78386;0.418212;2.2934
9.79666;-3.09603;0.265533;1.49822;0.193;9.77453;-3.24947;0.235754;2.47286
13.8334;-3.92875;0.451511;0.960232;0.226;13.5933;-3.93882;0.330815;-2.04265
6.14829;-10.0072;0.244431;0.311931;0.062;6.18477;-9.5471;0.603417;-1.21966
14.4608;-12.0382;0.443859;2.76252;0.061;14.3338;-12.1284;0.548326;-0.0811308
8.08427;0.074834;0.534954;1.51591;0.227;7.75819;-0.203613;0.370833;-0.960116
5.60965;-12.4525;0.774708;2.61767;0.061;5.24649;-12.2765;0.698409;0.582911
10.5026;-8.10495;0.204432;0.276006;0.061;10.1499;-8.01216;0.380337;-2.04139
13.2499;-2.39701;0.285524;0.886869;0.193;13.404;-2.03146;0.384288;0.570453
6.18355;-12.071;0.42288;-2.17278;0.061;5.99587;-11.9792;0.359965;-2.05034
8.07092;-0.0360174;0.495101;0.85449;0.227;8.08427;0.074834;0.534954;1.51591
2.5148;-12.0845;0.679869;-0.243952;0.062;2.56123;-12.3514;0.569408;0.867871
14.251;-7.9434;0.575597;-0.295065;0;14.3209;-7.63334;0.616579;0.90814
8.69674;-5.41779;0.733858;-2.79485;0.193;8.46098;-5.68001;0.319371;0.690404
8.7548;-9.27501;0.826863;3.10395;0.061;8.72347;-9.07259;0.589843;0.88024
12.3031;-5.98361;0.610734;-0.0637584;0.285;12.2396;-5.98425;0.463124;-2.14372
12.8893;-4.34146;0.648784;-2.70762;0.203;12.583;-4.2885;0.534256;-0.917571
13.2783;-2.4008;0.345328;-1.76467;0.196;13.2499;-2.39701;0.285524;0.886869
13.7706;-7.82967;0.446035;1.58153;0.434;13.9223;-7.84057;0.210324;1.20753
7.80227;-6.19155;0.3923;1.03351;0.202;7.87722;-6.10434;0.602225;-3.13492
3.13748;-11.6121;0.626215;0.829917;0.061;3.05426;-11.6347;0.429377;-1.507
13.2429;-9.73409;0.812687;-2.31744;0.061;13.0527;-9.93714;0.836176;-2.0008
5.85147;-10.1794;0.515035;-0.655049;0.062;6.14829;-10.0072;0.244431;0.311931
8.35918;-2.0189;0.435624;-1.74855;0.203;8.2993;-2.3933;0.369582;-0.614008
12.8673;-3.98137;0.728845;-2.07649;0.194;12.8305;-3.96419;0.541434;2.28877
9.46563;-12.6352;0.682565;-2.28699;0.061;9.8336;-12.4138;0.81903;-2.53527
10.4665;-12.4725;0.749947;1.96555;0.061;10.7728;-12.3172;0.770058;0.988811
6.21358;-9.96124;0.412191;2.31698;0.065;6.14829;-10.0072;0.244431;0.311931
10.6428;-12.2647;0.495904;-0.694289;0.061;10.6493;-12.0935;0.420139;-1.01917
7.84054;-10.1472;0.306;2.32229;0.061;7.66226;-10.2987;0.544239;-2.87974
14.641;-6.30902;0.299421;2.10654;0.282;14.509;-5.91684;0.267575;-3.13082
2.32868;-12.3628;0.166405;2.43987;0.062;2.56123;-12.3514;0.569408;0.867871
12.7277;-1.79865;0.322193;-0.954212;0.193;12.7639;-1.81297;0.249686;-3.08443
8.19266;-1.18519;0.359182;3.02314;0.202;8.08275;-1.52884;0.769646;1.69584
9.36805;-5.74851;0.282274;1.8096;0.193;9.33818;-5.43713;0.35979;2.73697
9.47608;-12.4108;0.817827;1.17683;0.061;9.46563;-12.6352;0.682565;-2.28699
10.6751;-10.0681;0.229148;2.74178;0.061;10.7604;-10.1655;0.426655;2.78675
8.98127;-10.3743;0.763463;-3.03716;0.061;8.92186;-10.1914;0.518311;-0.821616
6.53447;-12.2815;0.803101;1.66978;0.061;6.18355;-12.071;0.42288;-2.17278
10.0478;-5.15814;0.195154;-2.18924;0.193;9.97962;-4.982;0.256817;1.22351
13.1663;-7.79513;0.360998;-0.159165;0.141;13.4521;-8.0006;0.460631;2.54563
14.1383;-10.0709;0.56264;-0.535798;0.061;14.4147;-9.70854;0.467867;-3.12179
10.0806;-3.84057;0.471783;-2.99281;0.193;9.9243;-3.76412;0.590034;1.82138
11.2494;-7.97182;0.283311;0.658957;0.061;11.1648;-7.96316;0.462506;-1.89237
8.16821;-4.53665;0.56877;2.22887;0.226;7.94369;-4.35937;0.444711;-1.86898
10.2211;-11.5731;0.565016;-1.69011;0.061;10.0849;-11.591;0.734199;1.24715
14.6838;-2.12999;0.792864;-0.0798452;0.193;14.6743;-2.15843;0.252398;2.05603
14.0542;-4.1311;0.346855;0.635968;0.193;14.1913;-4.13891;0.371038;1.39759
10.1141;-4.54078;0.708418;2.28073;0.193;10.0933;-4.57862;0.350235;-2.64944
14.1487;-2.6849;0.396133;-0.721716;0.193;13.9418;-2.81424;0.568269;0.836666
4.28884;-10.0784;0.263594;1.7918;0.062;4.14721;-10.0596;0.280934;2.83536
3.53958;-12.7083;0.766606;0.735487;0.061;3.92983;-12.4955;0.332972;1.48635
1.9162;-12.5939;0.609706;1.01441;0.062;2.2741;-12.4756;0.614931;2.09458
9.7385;-8.36146;0.417634;-2.54334;0.061;9.64143;-8.23689;0.285612;-2.12685
5.9187;-8.44333;0.462355;-0.235318;0.062;5.62234;-9.11162;0.57054;-0.887284
9.76448;-3.01844;0.496879;0.884773;0.193;9.79666;-3.09603;0.265533;1.49822
9.76386;-5.50799;0.787093;2.58831;0.193;9.84202;-5.57081;0.732315;-2.66546
14.0927;-4.0391;0.453728;2.01031;0.193;14.0542;-4.1311;0.346855;0.635968
13.2571;-2.44897;0.532423;1.00897;0.196;13.2783;-2.4008;0.345328;-1.76467
12.9735;-7.57224;0.476875;-2.41566;0.061;13.1252;-7.42815;0.602475;2.32959
6.01439;-12.1851;0.827186;2.88532;0.061;6.18355;-12.071;0.42288;-2.17278
12.0697;-10.1598;0.37574;-3.05992;0.061;12.1221;-10.3456;0.460585;2.76393
13.6302;-4.04725;0.564711;-2.66717;0.226;13.5933;-3.93882;0.330815;-2.04265
10.2054;-6.29203;0.483078;-1.92813;0.193;10.2004;-5.9825;0.151347;-1.84695
12.6201;-9.7891;0.22322;3.02445;0.061;12.6048;-10.0102;0.455788;-1.35699
2.42254;-10.3141;0.485783;-2.06971;0.062;1.9745;-10.5208;0.418896;-1.32262
10.0404;-9.70524;0.841199;-1.9757;0.061;9.84799;-10.0152;0.608442;2.31278
11.1337;-12.3548;0.166638;-1.05298;0.061;11.1832;-12.4212;0.231112;2.21222
12.5786;-7.71589;0.809746;-0.725309;0.061;12.7165;-7.70491;0.742982;2.8458
13.5315;-10.4534;0.505442;-1.66901;0.061;13.6949;-10.5852;0.603245;-1.16058
10.6439;-0.219125;0.467477;1.60195;0.227;9.8241;0.33971;0.342345;-1.66475
4.79362;-12.0419;0.192964;-0.0189717;0.061;5.00534;-11.8435;0.380692;2.99674
13.2795;-11.7896;0.696907;1.26636;0.061;12.9648;-11.6147;0.633619;2.80637
10.2081;-10.0484;0.258791;-0.0347141;0.061;10.1164;-9.90606;0.227291;-2.58734
10.1002;-4.47924;0.218996;-1.28794;0.193;10.0933;-4.57862;0.350235;-2.64944
13.9668;-3.66814;0.42772;1.46359;0.193;14.0531;-3.73597;0.451354;-1.50692
7.52682;-11.9269;0.397956;2.67205;0.061;7.31928;-12.0133;0.49385;1.65774
11.1958;-12.3414;0.214444;0.714493;0.061;11.1337;-12.3548;0.166638;-1.05298
13.3749;-11.3458;0.725721;-1.67939;0.061;13.3265;-11.3261;0.75966;1.54294
10.2967;-5.24549;0.242526;1.90828;0.193;10.0478;-5.15814;0.195154;-2.18924
3.7777;-12.2051;0.67231;1.04099;0.061;3.92983;-12.4955;0.332972;1.48635
13.1877;-7.62314;0.358095;-1.4866;0.141;13.1663;-7.79513;0.360998;-0.159165
7.84762;-10.4175;0.686971;2.88298;0.061;7.98354;-10.4895;0.744086;1.63978
11.9832;-4.27769;0.217102;-2.77646;0.181;11.7557;-4.24193;0.195394;-2.53926
14.4505;-7.04651;0.675965;0.513669;0.123;14.4672;-6.94538;0.824877;0.82241
13.8731;-11.9837;0.543279;-0.527799;0.061;13.873;-12.0545;0.491337;-1.63676
13.2142;-10.3805;0.179779;0.414755;0.061;13.0375;-10.3934;0.411705;-2.45702
13.2017;-2.01445;0.291391;0.510388;0.193;13.404;-2.03146;0.384288;0.570453
13.1005;-12.187;0.64954;0.767731;0.061;13.1513;-12.1946;0.474275;-0.0341798
7.71199;-9.35628;0.191158;-2.02403;0.061;7.5468;-9.3243;0.504528;3.0089
10.9631;-12.1611;0.508204;-2.22914;0.061;10.8823;-11.9251;0.663728;-1.38708
5.63267;-9.12315;0.290873;2.22207;0.062;5.62234;-9.11162;0.57054;-0.887284
11.9693;-9.91913;0.523257;2.27307;0.061;11.782;-10.0826;0.500199;1.98574
10.6539;-1.5896;0.838766;-0.92008;0.193;10.6103;-1.70715;0.611247;2.7082
3.7459;-11.7276;0.497017;2.26039;0.061;4.049;-11.5514;0.369836;3.02019
8.69397;-7.54154;0.483404;-3.11335;0.061;8.84164;-7.82118;0.624541;-0.755911
10.4584;-7.88069;0.550936;-1.13188;0.061;10.5425;-7.94799;0.648831;-2.55871
14.4748;-11.8397;0.650038;-3.11661;0.061;14.4608;-12.0382;0.443859;2.76252
4.4824;-10.244;0.491497;3.04338;0.062;4.28884;-10.0784;0.263594;1.7918
8.84393;-11.9238;0.679634;0.457878;0.061;8.80244;-11.7812;0.193986;1.79075
14.6425;-11.6333;0.667345;-0.772889;0.061;14.4748;-11.8397;0.650038;-3.11661
7.86943;-4.58464;0.620627;-2.0052;0.201;7.94369;-4.35937;0.444711;-1.86898
4.67415;-12.0505;0.732294;-1.68186;0.061;5.00534;-11.8435;0.380692;2.99674
9.57985;-6.00314;0.289073;0.557789;0.193;9.36805;-5.74851;0.282274;1.8096
11.6562;-11.964;0.820416;0.434089;0.061;11.8656;-12.0517;0.532875;-0.297885
5.221;-12.2896;0.217631;2.7544;0.061;5.24649;-12.2765;0.698409;0.582911
8.41227;-1.75547;0.70033;1.0877;0.202;8.06166;-1.80043;0.741281;2.08151
12.8019;-4.07112;0.594716;1.20811;0.193;12.8305;-3.96419;0.541434;2.28877
9.69716;0.11761;0.284933;-0.394702;0.228;9.70792;0.326086;0.348148;3.11449
10.175;-0.258858;0.688304;-1.49589;0.227;10.6439;-0.219125;0.467477;1.60195
14.1949;-6.33183;0.447486;-1.22046;0.109;14.137;-6.63999;0.295298;-0.367204
5.91556;-8.80231;0.680804;-2.3375;0.062;5.9187;-8.44333;0.462355;-0.235318
10.3484;-3.10869;0.432582;1.93424;0.193;10.2497;-3.41315;0.631636;2.03641
4.28404;-12.283;0.702327;-0.115644;0.061;4.67415;-12.0505;0.732294;-1.68186
13.6959;-6.36492;0.613979;3.10518;0.031;13.7801;-6.31015;0.736553;2.18216
8.91115;-8.23163;0.306518;1.48882;0.061;8.56706;-8.2263;0.575427;-2.85296
13.8308;-9.90185;0.742733;-0.0600937;0.061;13.9377;-9.60173;0.729091;1.16629
11.2902;-0.264081;0.26208;1.33307;0.227;10.6439;-0.219125;0.467477;1.60195
8.05456;-3.81662;0.60927;-0.694529;0.203;7.96276;-3.49656;0.60116;-1.59359
8.86895;0.315531;0.401304;-1.38196;0.249;9.26096;0.341586;0.362277;2.48388
7.87245;-8.3553;0.440024;0.336991;0.061;7.9421;-8.48422;0.398123;-1.50767
5.87918;-9.09881;0.719082;2.01565;0.062;5.62234;-9.11162;0.57054;-0.887284
4.08916;-12.5051;0.635624;1.96827;0.061;4.28404;-12.283;0.702327;-0.115644
1.63481;-12.3933;0.216779;-0.035894;0.062;1.9162;-12.5939;0.609706;1.01441
9.7367;-5.54093;0.367852;2.76158;0.193;9.67071;-5.59743;0.340152;2.93012
7.74115;-6.18659;0.486455;1.6902;0.203;7.80227;-6.19155;0.3923;1.03351
6.36552;-11.6419;0.697449;-0.134875;0.061;6.53677;-11.7212;0.399005;1.27501
10.0505;-11.8442;0.362044;-1.0943;0.061;10.1196;-11.773;0.507785;-3.00226
10.8412;-12.456;0.366587;2.61432;0.061;10.9166;-12.6757;0.308334;-1.58339
11.5053;-8.36179;0.566946;0.646718;0.061;11.567;-8.14024;0.669686;0.665293
14.3141;-4.06946;0.188123;-2.36755;0.193;14.1913;-4.13891;0.371038;1.39759
13.2318;-4.39441;0.182199;-2.07923;0.202;13.2081;-4.35712;0.416708;1.81477
9.28977;-12.1879;0.512385;0.101802;0.061;9.41499;-12.1262;0.638818;1.81598
10.0961;-5.73646;0.584109;-0.933334;0.193;10.1663;-5.60973;0.516973;-1.0771
6.52283;-12.3472;0.456168;2.62646;0.061;6.72585;-12.1142;0.293308;-0.653967
10.8101;-8.34562;0.347523;2.17168;0.061;10.5026;-8.10495;0.204432;0.276006
6.0783;-9.28809;0.271098;-0.127086;0.062;6.18477;-9.5471;0.603417;-1.21966
10.1586;-11.9154;0.463177;2.27356;0.061;10.1196;-11.773;0.507785;-3.00226
13.8337;-6.5676;0.459701;0.364637;0.109;13.807;-6.74224;0.3536;1.21702
2.08902;-12.0904;0.467546;2.28624;0.062;2.37004;-11.7726;0.412147;2.42721
3.53446;-9.62299;0.163416;-1.55922;0.062;3.97086;-9.60819;0.441586;1.00851
9.42406;-5.48443;0.453737;1.11993;0.193;9.33818;-5.43713;0.35979;2.73697
5.14669;-10.0773;0.649738;-0.719274;0.062;5.13406;-9.91032;0.218892;2.40632
5.64109;-9.0178;0.298199;-0.270697;0.062;5.63267;-9.12315;0.290873;2.22207
5.84188;-12.0849;0.374065;-1.57906;0.061;5.99587;-11.9792;0.359965;-2.05034
10.0825;-4.58877;0.29547;0.329582;0.193;10.0933;-4.57862;0.350235;-2.64944
5.22201;-12.3999;0.536539;-1.46876;0.061;5.24649;-12.2765;0.698409;0.582911
9.52152;-10.1006;0.728737;-3.11606;0.061;9.73486;-10.0401;0.816203;2.14435
4.05946;-10.266;0.598712;-0.833363;0.062;4.14721;-10.0596;0.280934;2.83536
9.98356;-11.9438;0.179686;0.239487;0.061;10.0505;-11.8442;0.362044;-1.0943
13.9535;-6.74284;0.811295;-1.84776;0;13.858;-6.62484;0.727839;-1.84121
13.7837;-6.52252;0.701135;2.52903;0.003;13.858;-6.62484;0.727839;-1.84121
5.25748;-10.2475;0.407281;-0.567351;0.062;5.14669;-10.0773;0.649738;-0.719274
12.4616;-7.99191;0.575625;-2.13724;0.061;12.5439;-8.04084;0.306074;-0.708201
10.1947;-3.17567;0.564822;-1.78112;0.193;10.3484;-3.10869;0.432582;1.93424
14.1806;-11.7886;0.512783;2.16395;0.061;14.0072;-11.6778;0.562767;0.700185
5.83127;-7.44735;0.443139;0.126134;0.062;5.9187;-8.44333;0.462355;-0.235318
14.0786;-7.91758;0.211588;-1.78683;0.434;14.0272;-7.86649;0.249248;1.67768
12.3838;-5.61573;0.653887;-2.15585;0.031;12.2036;-5.49125;0.673658;2.61328
13.7005;-2.00447;0.678125;-2.98731;0.193;13.7871;-1.94594;0.800631;-0.534914
6.32562;-6.62489;0.724526;-0.498223;0.062;5.83127;-7.44735;0.443139;0.126134
9.89507;-4.82233;0.611728;2.6682;0.193;9.79612;-4.56504;0.370304;-1.61226
8.60608;-6.07394;0.572865;1.93862;0.194;8.60845;-6.08761;0.620285;2.80148
12.8089;-10.4909;0.581909;-2.70732;0.061;13.0375;-10.3934;0.411705;-2.45702
4.73349;-11.625;0.612971;2.02136;0.061;5.00534;-11.8435;0.380692;2.99674
11.3509;-8.28222;0.673131;0.609813;0.061;11.5053;-8.36179;0.566946;0.646718
5.69585;-12.4912;0.843115;-0.794874;0.061;5.60965;-12.4525;0.774708;2.61767
5.27922;-9.9031;0.797859;-0.300391;0.062;5.14669;-10.0773;0.649738;-0.719274
3.70677;-11.8376;0.203557;-2.64987;0.061;3.7459;-11.7276;0.497017;2.26039
8.38308;-2.54352;0.231047;1.88677;0.21;8.2993;-2.3933;0.369582;-0.614008
4.87332;-12.1794;0.623248;-2.81512;0.061;4.67415;-12.0505;0.732294;-1.68186
9.94256;-7.44936;0.454567;-0.77296;0.061;10.0898;-7.52102;0.559476;-2.08834
13.2618;-4.19833;0.647363;-0.80387;0.193;13.3234;-4.15243;0.7637;2.06382
4.74187;-12.0643;0.439221;-3.07815;0.061;4.79362;-12.0419;0.192964;-0.0189717
13.193;-9.7618;0.342442;-1.89353;0.061;13.4365;-9.91804;0.361313;-1.21265
7.92348;-9.26399;0.737528;-2.02148;0.061;7.82393;-9.36171;0.680394;2.6461
8.67147;-10.5646;0.729582;-0.435115;0.061;8.98127;-10.3743;0.763463;-3.03716
10.5657;-7.85256;0.826321;-0.233949;0.061;10.5425;-7.94799;0.648831;-2.55871
14.5499;-2.62746;0.490496;0.98856;0.193;14.334;-2.70304;0.727099;-0.19081
7.94243;-4.12971;0.5868;2.13565;0.226;7.94369;-4.35937;0.444711;-1.86898
9.31827;-5.41292;0.647562;1.45365;0.193;9.42406;-5.48443;0.453737;1.11993
10.2326;-0.436129;0.26452;1.18706;0.227;10.175;-0.258858;0.688304;-1.49589
12.0734;0.260003;0.596658;0.147052;0.227;11.2902;-0.264081;0.26208;1.33307
8.21142;-2.23952;0.574219;-2.01278;0.203;8.2993;-2.3933;0.369582;-0.614008
12.4898;-4.10377;0.161221;0.566952;0.203;12.583;-4.2885;0.534256;-0.917571
14.2903;-7.42546;0.613831;2.93561;0;14.3209;-7.63334;0.616579;0.90814
4.16768;-9.61333;0.288485;1.00615;0.062;3.97086;-9.60819;0.441586;1.00851
7.2411;-11.964;0.604036;0.316245;0.061;7.31928;-12.0133;0.49385;1.65774
12.6202;0.462465;0.21571;1.74732;0.227;12.0734;0.260003;0.596658;0.147052
10.0568;-0.389083;0.505229;2.70738;0.227;10.175;-0.258858;0.688304;-1.49589
5.18935;-10.1356;0.581182;1.58723;0.065;5.14669;-10.0773;0.649738;-0.719274
14.2646;-2.12493;0.513704;-0.204183;0.193;14.2362;-2.25875;0.499971;2.37837
10.226;-1.92904;0.731606;0.960297;0.193;10.0107;-1.69007;0.604788;-2.4673
10.4228;-2.93472;0.489509;-2.53029;0.193;10.3484;-3.10869;0.432582;1.93424
13.4975;-7.80315;0.321721;-1.58616;0.141;13.4521;-8.0006;0.460631;2.54563
5.87483;-6.88326;0.528809;3.09139;0.062;6.32562;-6.62489;0.724526;-0.498223
12.6085;-2.2349;0.414135;-2.10906;0.193;12.2256;-2.13289;0.558687;1.733
12.1;-5.50996;0.595699;0.100631;0.155;12.2036;-5.49125;0.673658;2.61328
12.5003;-10.4065;0.659621;0.334696;0.061;12.5889;-10.2031;0.503772;-0.726291
12.8701;-10.0552;0.245335;2.3906;0.061;12.6048;-10.0102;0.455788;-1.35699
13.5747;0.25816;0.433193;0.0816678;0.227;12.6202;0.462465;0.21571;1.74732
5.77997;-8.54956;0.792086;-1.12065;0.062;5.91556;-8.80231;0.680804;-2.3375
5.75836;-10.0271;0.245506;2.44762;0.062;5.85147;-10.1794;0.515035;-0.655049
14.0248;-1.75553;0.58784;0.877948;0.193;14.3274;-1.656;0.539039;-2.61843
4.14966;-12.1947;0.821189;3.10824;0.061;4.28404;-12.283;0.702327;-0.115644
13.5664;-11.7685;0.351107;1.48132;0.061;13.7411;-12.1206;0.34835;-1.84286
14.0664;1.12608;0.362888;-3.13905;0.227;13.5747;0.25816;0.433193;0.0816678
14.6679;-11.4944;0.540835;1.27442;0.061;14.6425;-11.6333;0.667345;-0.772889
13.7204;2.06197;0.429238;-2.19742;0.227;14.0664;1.12608;0.362888;-3.13905
9.80647;-4.69445;0.476196;-0.294725;0.193;9.79612;-4.56504;0.370304;-1.61226
13.7445;3.06155;0.44563;-1.98653;0.227;13.7204;2.06197;0.429238;-2.19742
13.8443;4.05642;0.429699;1.14552;0.227;13.7445;3.06155;0.44563;-1.98653
13.7136;5.04728;0.46293;-1.16778;0.227;13.8443;4.05642;0.429699;1.14552
13.9037;6.02717;0.523666;3.06917;0.227;13.7136;5.04728;0.46293;-1.16778
12.9822;6.41542;0.511925;-0.666338;0.227;13.9037;6.02717;0.523666;3.06917
14.1653;-12.3541;0.75314;-1.89416;0.061;14.3338;-12.1284;0.548326;-0.0811308
2.38652;-9.74145;0.419866;-1.95362;0.062;2.73235;-9.87022;0.46749;2.30927
12.8665;-12.4568;0.376615;-0.682836;0.061;12.8003;-12.4071;0.529438;0.922898
12.0108;6.63085;0.611368;-0.732619;0.227;12.9822;6.41542;0.511925;-0.666338
11.0109;6.64539;0.608289;1.14519;0.43;12.0108;6.63085;0.611368;-0.732619
6.2682;-9.50163;0.284717;-1.37836;0.062;6.0783;-9.28809;0.271098;-0.127086
9.07941;-7.81368;0.512403;2.75455;0.061;8.84164;-7.82118;0.624541;-0.755911
14.1716;5.72678;0.782406;-0.549294;0.227;13.9037;6.02717;0.523666;3.06917
10.0112;6.66747;0.616051;-2.50651;0.43;11.0109;6.64539;0.608289;1.14519
12.2799;-3.94149;0.604629;-0.299147;0.193;12.1805;-3.86815;0.525879;1.99386
14.4468;-1.61469;0.354877;-1.49903;0.193;14.4791;-1.74249;0.254192;1.61311
3.01867;-12.2469;0.649993;-1.48633;0.062;2.56123;-12.3514;0.569408;0.867871
11.0602;-10.169;0.821969;1.07559;0.061;11.0965;-9.99413;0.723067;3.08792
4.08542;-10.098;0.81016;1.9715;0.062;4.05946;-10.266;0.598712;-0.833363
11.3785;-10.208;0.249825;-0.311446;0.061;11.1712;-10.072;0.316306;2.53597
7.0954;-11.6791;0.782804;2.39124;0.061;7.2411;-11.964;0.604036;0.316245
12.4234;-5.16262;0.2089;1.813;0.031;12.3158;-5.07125;0.26325;2.72813
9.81673;-0.0300551;0.283756;-2.59784;0.239;9.69716;0.11761;0.284933;-0.394702
10.3574;0.0715567;0.516743;2.65808;0.227;10.6439;-0.219125;0.467477;1.60195
14.5261;-8.12329;0.264046;0.0166031;0;14.4788;-8.52118;0.241043;-0.303793
13.8292;4.97188;0.639022;-0.486509;0.227;13.7136;5.04728;0.46293;-1.16778
13.4666;6.02872;0.409975;-1.88289;0.227;13.9037;6.02717;0.523666;3.06917
14.4646;5.60859;0.156433;-1.113;0.227;14.1716;5.72678;0.782406;-0.549294
10.5362;-10.3857;0.275987;0.119852;0.061;10.2366;-10.5049;0.306543;1.91189
13.2871;6.21294;0.662983;1.11852;0.4;13.4666;6.02872;0.409975;-1.88289
14.25;-7.7353;0.248698;-3.06589;0.434;14.0786;-7.91758;0.211588;-1.78683
14.3243;-12.5217;0.646555;2.18506;0.061;14.1653;-12.3541;0.75314;-1.89416
8.19413;-7.81025;0.250516;-3.0265;0.061;8.22592;-7.59137;0.42791;1.97777
14.0109;-6.87831;0.568591;0.979097;0.163;13.8135;-6.7782;0.412065;2.43887
7.73238;-0.999718;0.644682;-1.94019;0.24;7.79814;-1.01923;0.760075;-1.31741
13.385;-10.2985;0.50938;-1.9071;0.061;13.5315;-10.4534;0.505442;-1.66901
8.00271;-2.41138;0.162212;0.10983;0.202;8.2993;-2.3933;0.369582;-0.614008
13.109;-2.06858;0.799042;-1.11758;0.193;13.0792;-1.93678;0.579581;-1.42871
4.84256;-11.9501;0.608947;-1.88054;0.061;4.74187;-12.0643;0.439221;-3.07815
8.7194;-5.58334;0.615229;2.2997;0.194;8.69674;-5.41779;0.733858;-2.79485
14.5634;-10.0832;0.180489;2.41122;0.061;14.5607;-9.87673;0.216244;-2.80813
10.1818;-0.0351563;0.151646;2.38524;0.239;9.81673;-0.0300551;0.283756;-2.59784
9.89039;-3.75032;0.681222;-1.02777;0.193;9.9243;-3.76412;0.590034;1.82138
5.83;-9.66106;0.271935;-1.76523;0.062;5.75836;-10.0271;0.245506;2.44762
7.68154;-3.12129;0.786892;1.32872;0.214;7.80229;-3.48117;0.606173;2.40331
12.3077;-3.81357;0.344286;-1.98699;0.193;12.1805;-3.86815;0.525879;1.99386
3.66903;-12.2189;0.849414;0.0401554;0.061;3.7777;-12.2051;0.67231;1.04099
12.3873;-10.2229;0.479492;-2.06809;0.061;12.5889;-10.2031;0.503772;-0.726291
14.1131;-4.12191;0.432177;-1.10297;0.193;14.0927;-4.0391;0.453728;2.01031
13.9883;6.426;0.697904;0.450987;0.227;13.9037;6.02717;0.523666;3.06917
10.0964;0.270535;0.814532;1.75522;0.227;10.3574;0.0715567;0.516743;2.65808
9.97805;6.31424;0.561046;-0.217087;0.43;10.0112;6.66747;0.616051;-2.50651
11.4643;-12.5494;0.253248;0.0421789;0.061;11.2144;-12.4846;0.152013;1.23484
8.35652;0.0390057;0.409905;-2.54701;0.238;8.08427;0.074834;0.534954;1.51591
14.4813;-5.94575;0.341891;-1.23059;0.144;14.509;-5.91684;0.267575;-3.13082
12.3057;-4.46617;0.535632;-0.389549;0.214;12.1951;-4.33565;0.598568;-3.11275
2.57913;-9.73416;0.707548;-1.60755;0.062;2.73235;-9.87022;0.46749;2.30927
13.8631;4.8285;0.671454;-2.94997;0.227;13.8292;4.97188;0.639022;-0.486509
9.8676;5.32521;0.65915;0.0493632;0.43;9.97805;6.31424;0.561046;-0.217087
5.7284;-8.7867;0.259875;2.85128;0.062;5.64109;-9.0178;0.298199;-0.270697
3.14414;-11.7408;0.269015;1.73489;0.061;3.16717;-11.7984;0.220011;-2.08485
9.78013;-4.54868;0.234579;2.59871;0.193;9.69107;-4.6051;0.218205;-1.31597
9.77227;-0.245493;0.418465;0.558311;0.24;9.81673;-0.0300551;0.283756;-2.59784
8.92839;-6.07859;0.613501;-0.0856372;0.193;8.60845;-6.08761;0.620285;2.80148
12.517;-9.64154;0.695014;-2.6693;0.061;12.3934;-9.71541;0.645096;1.05931
14.0049;1.49903;0.68041;2.36509;0.227;14.0664;1.12608;0.362888;-3.13905
7.6331;-8.95156;0.30663;0.749368;0.061;7.74741;-8.78386;0.418212;2.2934
12.9051;-10.4233;0.795023;-0.404469;0.061;12.8089;-10.4909;0.581909;-2.70732
12.5022;-1.60565;0.430853;2.64176;0.193;12.7277;-1.79865;0.322193;-0.954212
14.2881;4.00694;0.848525;-1.09895;0.227;13.8443;4.05642;0.429699;1.14552
9.71777;-5.69618;0.60598;-1.8527;0.193;9.84202;-5.57081;0.732315;-2.66546
4.59902;-12.0541;0.169149;0.288376;0.061;4.79362;-12.0419;0.192964;-0.0189717
14.179;-7.51034;0.79791;-1.3613;0;14.2903;-7.42546;0.613831;2.93561
8.74127;-8.94135;0.304613;1.62873;0.061;8.72347;-9.07259;0.589843;0.88024
7.6557;-0.813362;0.744994;-2.17658;0.257;7.73238;-0.999718;0.644682;-1.94019
1.90759;-10.4426;0.547106;-3.04503;0.062;1.9745;-10.5208;0.418896;-1.32262
14.554;-12.6685;0.769854;1.13459;0.061;14.3243;-12.5217;0.646555;2.18506
12.6563;-12.3726;0.794762;-2.81351;0.061;12.8003;-12.4071;0.529438;0.922898
1.95122;-11.9628;0.703828;2.94315;0.062;2.08902;-12.0904;0.467546;2.28624
6.36854;-11.876;0.539004;2.37939;0.061;6.53677;-11.7212;0.399005;1.27501
14.4169;-0.279992;0.464415;-1.7217;0.227;13.5747;0.25816;0.433193;0.0816678
13.0675;-4.47196;0.158734;3.00636;0.202;13.2318;-4.39441;0.182199;-2.07923
13.7791;-10.2785;0.309632;2.57694;0.061;13.5913;-10.113;0.256533;-0.487495
10.1353;-3.11009;0.440479;-1.59552;0.193;10.1947;-3.17567;0.564822;-1.78112
9.92518;4.32814;0.709402;1.77688;0.43;9.8676;5.32521;0.65915;0.0493632
11.8447;-3.81795;0.653675;0.609585;0.193;12.1805;-3.86815;0.525879;1.99386
6.00247;-8.49294;0.745514;-2.85111;0.062;5.77997;-8.54956;0.792086;-1.12065
13.63;-6.94777;0.49329;-0.525121;0.258;13.7367;-6.91029;0.380472;1.91971
11.4425;-0.148001;0.219856;-1.16818;0.227;11.2902;-0.264081;0.26208;1.33307
13.4154;-1.93565;0.76757;2.59467;0.193;13.6355;-2.07109;0.829103;0.967928
9.20697;-5.98855;0.307796;-1.83086;0.193;9.36805;-5.74851;0.282274;1.8096
11.9268;-5.3879;0.621577;0.855922;0.155;12.1;-5.50996;0.595699;0.100631
13.8691;1.8492;0.646335;-2.66878;0.227;13.7204;2.06197;0.429238;-2.19742
8.40736;-2.36471;0.803732;0.494671;0.203;8.21142;-2.23952;0.574219;-2.01278
10.7265;3.7594;0.524034;-1.28127;0.43;9.92518;4.32814;0.709402;1.77688
9.16368;-12.7162;0.765717;-0.54425;0.061;9.46563;-12.6352;0.682565;-2.28699
2.95558;-12.2057;0.20586;2.25443;0.062;3.01867;-12.2469;0.649993;-1.48633
10.0755;-2.98662;0.752155;0.931006;0.193;10.2436;-2.91013;0.837411;-0.382715
8.48867;-5.73272;0.465734;0.956947;0.194;8.46098;-5.68001;0.319371;0.690404
10.2515;-6.13797;0.807965;0.181862;0.193;10.2054;-6.29203;0.483078;-1.92813
9.18798;-8.07737;0.836225;-2.93999;0.061;9.3131;-8.12221;0.667012;1.65235
9.09759;-10.3117;0.461872;-1.6835;0.061;8.92186;-10.1914;0.518311;-0.821616
14.0828;3.33988;0.485238;-1.21719;0.227;13.7445;3.06155;0.44563;-1.98653
10.228;-4.26527;0.721887;-0.0197838;0.193;10.1141;-4.54078;0.708418;2.28073
9.82529;5.0281;0.290558;-2.69501;0.43;9.8676;5.32521;0.65915;0.0493632
13.6489;0.109928;0.57176;-2.24249;0.227;13.5747;0.25816;0.433193;0.0816678
4.26074;-12.579;0.358865;2.23523;0.061;4.08916;-12.5051;0.635624;1.96827
14.6535;-12.2597;0.642017;-2.74155;0.061;14.4608;-12.0382;0.443859;2.76252
11.6959;3.5714;0.365944;1.48027;0.43;10.7265;3.7594;0.524034;-1.28127
14.2969;-2.47135;0.503288;2.6273;0.193;14.2362;-2.25875;0.499971;2.37837
14.0156;-0.30609;0.156782;-1.79156;0.227;14.4169;-0.279992;0.464415;-1.7217
14.4042;6.5534;0.807861;2.20179;0.396;13.9883;6.426;0.697904;0.450987
14.3641;0.150665;0.36064;2.57674;0.227;14.4169;-0.279992;0.464415;-1.7217
11.5509;-7.75774;0.695835;3.05583;0.061;11.567;-8.14024;0.669686;0.665293
8.38683;-12.0837;0.51537;2.67673;0.061;8.25968;-11.969;0.839615;-0.635848
11.1242;3.67788;0.331623;-2.91514;0.43;10.7265;3.7594;0.524034;-1.28127
10.1973;-2.82177;0.622575;-2.95345;0.193;10.2601;-2.69402;0.719773;-3.12719
9.71192;-5.57249;0.563831;-0.0974283;0.193;9.71777;-5.69618;0.60598;-1.8527
14.5493;0.360991;0.612154;-1.74687;0.227;14.3641;0.150665;0.36064;2.57674
10.8279;-0.0521267;0.398944;-2.12614;0.227;10.6439;-0.219125;0.467477;1.60195
8.95768;0.20758;0.472081;-2.71571;0.271;8.86895;0.315531;0.401304;-1.38196
14.3583;-11.3159;0.283982;-2.82548;0.061;14.3421;-11.0926;0.420073;-1.94186
8.03782;-8.47031;0.591461;2.05432;0.061;7.97523;-8.37322;0.630509;3.11204
2.83101;-9.93609;0.626843;1.86163;0.062;2.73235;-9.87022;0.46749;2.30927
2.37593;-12.3579;0.223538;-0.236744;0.062;2.32868;-12.3628;0.166405;2.43987
14.1612;-3.26477;0.678024;-0.529128;0.193;14.1863;-3.42702;0.785129;2.44563
11.6854;-12.4163;0.543071;-2.83551;0.061;11.6423;-12.4807;0.79384;-0.666275
10.1606;-4.30613;0.292019;-1.28442;0.193;10.1002;-4.47924;0.218996;-1.28794
10.4483;0.383467;0.353875;1.81865;0.227;10.3574;0.0715567;0.516743;2.65808
10.5105;6.06546;0.661976;0.599214;0.43;9.97805;6.31424;0.561046;-0.217087
8.73125;0.0399583;0.373029;2.28491;0.271;8.95768;0.20758;0.472081;-2.71571
14.4377;-11.6727;0.506532;0.172038;0.061;14.4748;-11.8397;0.650038;-3.11661
11.5882;-2.47637;0.436197;2.31767;0.193;11.4222;-2.34867;0.700667;1.77196
14.008;-4.01973;0.844649;-1.05673;0.231;13.6858;-3.79183;0.829824;-1.16216
10.1916;-5.20467;0.421127;-0.78666;0.193;10.2967;-5.24549;0.242526;1.90828
13.8468;3.2427;0.36793;-0.00811359;0.227;13.7445;3.06155;0.44563;-1.98653
9.46342;-12.1382;0.298755;2.13092;0.061;9.68761;-12.0801;0.271457;1.08126
14.4227;0.453016;0.531802;-0.602019;0.227;14.5493;0.360991;0.612154;-1.74687
14.1279;-0.0644345;0.461414;2.13502;0.227;14.3641;0.150665;0.36064;2.57674
5.47519;-11.8354;0.6351;2.62577;0.061;5.24649;-12.2765;0.698409;0.582911
8.6705;-8.07893;0.729565;2.60532;0.061;8.56706;-8.2263;0.575427;-2.85296
7.87316;-9.36582;0.256636;1.98744;0.061;7.71199;-9.35628;0.191158;-2.02403
5.37569;-9.91344;0.358858;2.53269;0.065;5.45732;-9.79153;0.179194;1.67714
8.79872;-9.42278;0.812689;1.12629;0.061;8.7548;-9.27501;0.826863;3.10395
1.57998;-12.1386;0.543649;-3.02225;0.062;1.63481;-12.3933;0.216779;-0.035894
8.21044;-12.0958;0.756273;0.760168;0.061;8.25968;-11.969;0.839615;-0.635848
11.0831;-8.15734;0.224626;-1.9175;0.061;11.2494;-7.97182;0.283311;0.658957
13.1291;-0.400381;0.154418;2.40835;0.228;13.6489;0.109928;0.57176;-2.24249
11.8936;0.0198095;0.484065;1.13168;0.227;12.0734;0.260003;0.596658;0.147052
11.5954;-9.96644;0.280753;-2.69373;0.061;11.6162;-9.94041;0.378287;1.73112
5.82696;-10.0069;0.799431;1.65241;0.062;5.85147;-10.1794;0.515035;-0.655049
14.3167;-6.91259;0.268671;0.302622;0.325;14.2118;-7.15152;0.388242;0.611889
13.611;5.24174;0.285625;2.81199;0.227;13.7136;5.04728;0.46293;-1.16778
10.8738;-2.00192;0.449789;-2.58413;0.193;10.8099;-2.31992;0.596893;1.00759
11.6982;-12.1031;0.680467;-1.77796;0.061;11.6562;-11.964;0.820416;0.434089
14.5873;5.94349;0.384637;-1.12039;0.227;14.4646;5.60859;0.156433;-1.113
12.6236;-4.6807;0.793506;0.525147;0.062;12.6136;-4.95599;0.655449;-1.11002
10.2994;-12.3395;0.717989;-0.718909;0.061;10.4665;-12.4725;0.749947;1.96555
11.7086;3.33328;0.383831;2.17463;0.43;11.6959;3.5714;0.365944;1.48027
9.58866;-11.9851;0.625727;-0.789009;0.061;9.41499;-12.1262;0.638818;1.81598
10.0921;4.57435;0.596219;0.408317;0.43;9.92518;4.32814;0.709402;1.77688
6.25915;-6.39612;0.83101;0.0416884;0.062;6.32562;-6.62489;0.724526;-0.498223
10.1343;-10.1389;0.311094;-2.63158;0.061;10.2081;-10.0484;0.258791;-0.0347141
8.27723;-5.53436;0.245139;2.47959;0.193;8.46098;-5.68001;0.319371;0.690404
14.4142;-12.5521;0.499361;2.20054;0.061;14.3243;-12.5217;0.646555;2.18506
13.952;1.82319;0.554361;-3.13607;0.227;13.8691;1.8492;0.646335;-2.66878
11.6175;-4.73061;0.378358;-2.15022;0.181;11.8001;-5.01659;0.250461;2.91258
2.74598;-9.70933;0.774041;-2.29727;0.062;2.57913;-9.73416;0.707548;-1.60755
14.5979;-6.1793;0.465461;3.11019;0.372;14.641;-6.30902;0.299421;2.10654
6.34402;-9.5498;0.806888;0.690831;0.062;6.18477;-9.5471;0.603417;-1.21966
12.2398;2.66237;0.279636;0.350834;0.43;11.7086;3.33328;0.383831;2.17463
14.5497;-9.98591;0.236553;1.21852;0.061;14.5607;-9.87673;0.216244;-2.80813
7.13096;-11.9793;0.521843;-0.482785;0.061;7.2411;-11.964;0.604036;0.316245
12.2126;0.122725;0.610533;1.77795;0.227;12.0734;0.260003;0.596658;0.147052
7.70977;-5.30348;0.363713;-3.00125;0.201;8.10989;-5.2184;0.317532;1.09343
8.00689;-5.61745;0.753483;0.310962;0.201;7.56208;-5.50139;0.817726;1.31992
3.11369;-12.5422;0.299898;-2.49988;0.062;2.95558;-12.2057;0.20586;2.25443
10.1706;-3.22471;0.571557;-1.97046;0.193;10.1947;-3.17567;0.564822;-1.78112
2.89491;-9.83658;0.650259;2.92859;0.062;2.83101;-9.93609;0.626843;1.86163
12.1392;-5.58271;0.165355;-1.88453;0.181;12.1933;-5.74755;0.157915;2.99478
11.2299;-11.7461;0.369379;0.758321;0.061;11.492;-11.9278;0.156081;1.92388
13.7993;-6.23074;0.171284;1.37975;0.183;13.8337;-6.5676;0.459701;0.364637
14.5806;4.37265;0.512812;2.94645;0.227;14.2881;4.00694;0.848525;-1.09895
10.9827;-12.4467;0.455606;2.83408;0.061;10.8412;-12.456;0.366587;2.61432
10.2701;-10.2077;0.547397;0.783167;0.061;10.229;-10.3511;0.702559;-1.77353
13.4299;-4.40619;0.485425;1.10674;0.193;13.2081;-4.35712;0.416708;1.81477
14.4029;-7.76419;0.660792;0.374304;0;14.3209;-7.63334;0.616579;0.90814
9.72497;5.04658;0.352149;-0.768249;0.43;9.82529;5.0281;0.290558;-2.69501
9.56432;6.4671;0.335541;0.510315;0.43;9.97805;6.31424;0.561046;-0.217087
14.3224;-11.419;0.380356;-0.408803;0.061;14.3583;-11.3159;0.283982;-2.82548
10.5278;-9.968;0.347719;-0.357409;0.061;10.3912;-9.95278;0.490808;-2.32777
11.1765;-2.25268;0.666399;1.82009;0.193;11.0382;-2.09045;0.770667;-0.367191
12.5572;-5.48044;0.66135;0.578873;0.084;12.5651;-5.51163;0.58213;3.02254
12.234;-0.125844;0.782911;1.67724;0.227;12.2126;0.122725;0.610533;1.77795
11.5341;-9.71666;0.632708;-2.47128;0.061;11.7541;-9.78778;0.849996;-1.3189
12.6555;-3.61649;0.339707;-2.63837;0.193;12.3077;-3.81357;0.344286;-1.98699
10.1488;-5.35003;0.385513;-0.202428;0.193;10.1916;-5.20467;0.421127;-0.78666
5.5373;-11.8615;0.210118;1.14134;0.062;5.84188;-12.0849;0.374065;-1.57906
9.79035;-7.40907;0.248128;-1.38631;0.061;9.94256;-7.44936;0.454567;-0.77296
11.4086;-1.52243;0.151906;1.13501;0.193;11.3167;-1.58588;0.308088;2.51333
9.78776;6.22444;0.643386;-0.983868;0.43;9.97805;6.31424;0.561046;-0.217087
13.0507;-10.5461;0.4854;-0.516216;0.061;13.1776;-10.6284;0.439321;-2.63283
12.2186;-4.32668;0.680778;-0.0540387;0.193;12.1951;-4.33565;0.598568;-3.11275
13.9772;5.76956;0.421007;-0.232313;0.227;13.9037;6.02717;0.523666;3.06917
13.4764;-7.86417;0.696079;-0.902719;0.141;13.3298;-8.01565;0.732364;0.223347
11.6069;-12.1353;0.259048;1.83606;0.061;11.492;-11.9278;0.156081;1.92388
10.8489;4.65531;0.526781;-2.42592;0.43;10.0921;4.57435;0.596219;0.408317
6.07699;-12.5547;0.444944;0.573654;0.061;6.52283;-12.3472;0.456168;2.62646
13.0463;-3.99987;0.434353;-0.662131;0.193;13.1463;-4.15411;0.337435;2.67212
9.89672;-5.22789;0.253197;2.10818;0.193;10.0478;-5.15814;0.195154;-2.18924
14.4022;-8.0654;0.15832;2.37809;0.149;14.5261;-8.12329;0.264046;0.0166031
2.25713;-9.90399;0.76029;0.794278;0.062;2.57913;-9.73416;0.707548;-1.60755
9.87512;0.371616;0.69849;0.741277;0.227;10.0964;0.270535;0.814532;1.75522
9.98768;-1.77654;0.279283;1.696;0.193;9.84855;-1.79864;0.160537;-1.43914
2.84916;-10.4408;0.294795;1.48248;0.062;3.19136;-10.2274;0.347196;-1.65715
13.782;2.42;0.565078;2.68036;0.227;13.7204;2.06197;0.429238;-2.19742
8.01969;-3.43451;0.404072;2.5966;0.202;7.96276;-3.49656;0.60116;-1.59359
13.1711;-11.8881;0.209633;-1.51199;0.061;12.8009;-11.8904;0.193858;-2.48597
14.2105;3.31173;0.645511;1.20221;0.227;14.0828;3.33988;0.485238;-1.21719
11.7406;-4.56746;0.631968;-2.8863;0.181;11.6175;-4.73061;0.378358;-2.15022
13.5132;-2.50817;0.217393;-1.95121;0.207;13.2783;-2.4008;0.345328;-1.76467
9.69765;-12.5716;0.455095;2.43495;0.061;9.46563;-12.6352;0.682565;-2.28699
11.7117;4.22597;0.474753;0.660147;0.43;11.6959;3.5714;0.365944;1.48027
12.0554;-4.96714;0.510385;-1.14968;0.278;11.9705;-5.1469;0.500419;-0.891815
11.1127;-12.3527;0.686799;2.88355;0.061;11.1957;-12.4831;0.497578;1.12744
5.67682;-12.1807;0.193553;-1.79428;0.061;5.84188;-12.0849;0.374065;-1.57906
5.45389;-11.9859;0.421378;1.99705;0.062;5.5373;-11.8615;0.210118;1.14134
5.75336;-11.8883;0.439376;-2.4877;0.061;5.96706;-11.9249;0.426386;-2.52138
13.9084;5.69942;0.620578;-0.17017;0.227;13.9772;5.76956;0.421007;-0.232313
10.7112;6.00205;0.41692;-2.23551;0.43;10.5105;6.06546;0.661976;0.599214
10.8056;4.06315;0.447745;-0.428524;0.43;10.7265;3.7594;0.524034;-1.28127
14.5429;-5.9148;0.274436;0.872203;0.144;14.509;-5.91684;0.267575;-3.13082
12.0579;-12.6034;0.77227;-2.04796;0.061;11.6423;-12.4807;0.79384;-0.666275
8.79999;-9.57589;0.543152;-0.838436;0.061;8.79872;-9.42278;0.812689;1.12629
14.3883;5.65867;0.447908;2.45244;0.227;14.4646;5.60859;0.156433;-1.113
9.84294;5.29711;0.468901;1.50554;0.5;9.8676;5.32521;0.65915;0.0493632
