-3.54488;-10.2742;0.425403;-0.632912;0;-4.38412;-10.818;0.424348;-2.48551
-4.10197;-9.4446;0.462514;-2.50832;0;-3.54488;-10.2742;0.425403;-0.632912
-4.02777;-8.44738;0.454582;0.84521;0.00135335;-4.10197;-9.4446;0.462514;-2.50832
-3.2915;-7.77113;0.478688;2.13647;0.00135335;-4.02777;-8.44738;0.454582;0.84521
-5.9086;-11.5891;0.447018;-0.790175;0;-4.91181;-11.6674;0.430337;1.82027
-4.2952;-9.09421;0.577561;2.1449;0;-4.10197;-9.4446;0.462514;-2.50832
-2.29752;-7.66671;0.445473;-0.354758;0.00135335;-3.2915;-7.77113;0.478688;2.13647
-4.55421;-10.9359;0.446773;-0.962089;0;-4.38412;-10.818;0.424348;-2.48551
-2.52284;-8.6291;0.511026;-0.303266;0.00135335;-2.29752;-7.66671;0.445473;-0.354758
-4.64191;-12.1313;0.439495;-1.76475;0;-4.91181;-11.6674;0.430337;1.82027
-1.6283;-9.07528;0.537803;2.32748;0.00137175;-2.52284;-8.6291;0.511026;-0.303266
-3.38025;-8.65058;0.725879;2.17696;0.00135335;-4.02777;-8.44738;0.454582;0.84521
-1.66201;-8.62272;0.654365;-1.26432;0.00137175;-1.6283;-9.07528;0.537803;2.32748
-3.51937;-10.6462;0.460048;-0.488424;0;-3.54488;-10.2742;0.425403;-0.632912
-3.69239;-12.4385;0.375847;-0.601776;0;-4.64191;-12.1313;0.439495;-1.76475
-5.56827;-12.4945;0.690068;2.96711;0;-5.9086;-11.5891;0.447018;-0.790175
-3.75189;-12.1151;0.47886;0.271867;0;-3.69239;-12.4385;0.375847;-0.601776
-2.47755;-8.74784;0.363815;0.745365;0.00135335;-2.52284;-8.6291;0.511026;-0.303266
-4.0861;-7.92185;0.281589;0.14914;0.00135335;-4.02777;-8.44738;0.454582;0.84521
-2.12555;-8.8213;0.459968;2.42823;0.00137621;-2.47755;-8.74784;0.363815;0.745365
-6.19163;-11.9303;0.423163;-0.979912;0;-5.9086;-11.5891;0.447018;-0.790175
-4.02562;-9.24896;0.294942;2.17716;0.0064377;-4.10197;-9.4446;0.462514;-2.50832
-4.31392;-8.83192;0.465664;1.26865;0.0116232;-4.2952;-9.09421;0.577561;2.1449
-2.19185;-9.71585;0.58568;-2.16206;0.00137175;-1.6283;-9.07528;0.537803;2.32748
-1.92853;-8.47139;0.606294;-1.24153;0.00137175;-1.66201;-8.62272;0.654365;-1.26432
-3.00043;-8.15449;0.574893;-3.14036;0.00135335;-3.2915;-7.77113;0.478688;2.13647
-2.52844;-9.19371;0.644839;1.44452;0.00135335;-2.47755;-8.74784;0.363815;0.745365
-1.53439;-10.4687;0.55459;0.675131;0.00137175;-2.19185;-9.71585;0.58568;-2.16206
-2.88339;-8.68704;0.529075;2.42531;0.00135335;-2.52284;-8.6291;0.511026;-0.303266
-4.45774;-11.2045;0.377581;0.50951;0;-4.55421;-10.9359;0.446773;-0.962089
-2.82467;-8.60417;0.466038;1.65108;0.00135335;-2.88339;-8.68704;0.529075;2.42531
-1.80838;-8.63533;0.380553;-2.12624;0.00137175;-1.92853;-8.47139;0.606294;-1.24153
-3.797;-8.91233;0.371359;-0.116647;0.0064377;-4.02562;-9.24896;0.294942;2.17716
-1.97799;-10.8243;0.706891;-1.38395;0.00137175;-1.53439;-10.4687;0.55459;0.675131
-3.81866;-8.52669;0.470363;2.00002;0.0139357;-4.02777;-8.44738;0.454582;0.84521
-4.66659;-10.2322;0.693904;0.61968;0.000426558;-4.38412;-10.818;0.424348;-2.48551
-4.27898;-8.39508;0.636508;3.03447;0.00135335;-4.02777;-8.44738;0.454582;0.84521
-3.73204;-12.2555;0.631654;2.95192;0.0109036;-3.75189;-12.1151;0.47886;0.271867
-3.73706;-11.033;0.477809;0.913416;0.000244305;-3.51937;-10.6462;0.460048;-0.488424
-5.3928;-12.5005;0.45258;-0.258876;0;-5.56827;-12.4945;0.690068;2.96711
-4.25315;-8.24891;0.571438;0.583113;0.00135335;-4.27898;-8.39508;0.636508;3.03447
-1.98711;-11.4503;0.704532;0.180997;0.00137175;-1.97799;-10.8243;0.706891;-1.38395
-6.00326;-11.6966;0.73282;-0.999429;0;-5.9086;-11.5891;0.447018;-0.790175
-1.80891;-9.85603;0.389597;1.9777;0.00138133;-2.19185;-9.71585;0.58568;-2.16206
-1.04866;-11.7852;0.619941;-0.728103;0.00137175;-1.98711;-11.4503;0.704532;0.180997
-0.0503931;-11.8421;0.604568;2.7327;0.00137175;-1.04866;-11.7852;0.619941;-0.728103
0.29192;-10.9064;0.690136;0.881427;0.00137175;-0.0503931;-11.8421;0.604568;2.7327
-4.06415;-11.6141;0.535687;-0.470743;0;-4.45774;-11.2045;0.377581;0.50951
-3.41021;-9.80926;0.620989;2.19071;0;-3.54488;-10.2742;0.425403;-0.632912
-3.93888;-8.99938;0.390527;-0.677528;0.0064377;-3.797;-8.91233;0.371359;-0.116647
-1.66493;-10.5172;0.725807;0.135502;0.00137175;-1.53439;-10.4687;0.55459;0.675131
-4.65679;-10.1221;0.601292;2.39005;0.000426558;-4.66659;-10.2322;0.693904;0.61968
-4.04554;-12.4324;0.489459;2.74433;0.0138682;-3.69239;-12.4385;0.375847;-0.601776
-4.2568;-11.225;0.532788;-0.949709;0;-4.45774;-11.2045;0.377581;0.50951
-1.49184;-11.9208;0.625946;-2.52499;0.00137175;-1.04866;-11.7852;0.619941;-0.728103
-0.713392;-11.7137;0.698611;2.17187;0.00137175;-1.04866;-11.7852;0.619941;-0.728103
-3.92638;-11.4461;0.35763;1.95652;0.000305371;-4.06415;-11.6141;0.535687;-0.470743
-4.82894;-12.2039;0.523068;-2.63017;0;-4.64191;-12.1313;0.439495;-1.76475
0.609548;-9.96385;0.586436;-3.07887;0.00137175;0.29192;-10.9064;0.690136;0.881427
-3.66996;-8.07553;0.412803;-2.05251;0.00135335;-4.0861;-7.92185;0.281589;0.14914
0.118453;-10.1588;0.456435;1.46174;0.00137175;0.609548;-9.96385;0.586436;-3.07887
-2.04101;-10.3238;0.732416;-1.12144;0.00137175;-1.66493;-10.5172;0.725807;0.135502
-3.59864;-9.3459;0.458426;-1.77539;0.0064377;-4.02562;-9.24896;0.294942;2.17716
-4.27662;-10.8418;0.511027;-2.01222;0;-4.38412;-10.818;0.424348;-2.48551
-4.19127;-10.0404;0.628383;-1.78337;0.000426558;-4.65679;-10.1221;0.601292;2.39005
-4.41355;-10.1058;0.358907;-0.959113;0.000426558;-4.65679;-10.1221;0.601292;2.39005
-4.97937;-12.5866;0.358998;0.000283486;0;-5.3928;-12.5005;0.45258;-0.258876
0.298944;-10.253;0.686218;0.463447;0.00137175;0.118453;-10.1588;0.456435;1.46174
-4.4587;-11.9334;0.377952;1.01112;0;-4.64191;-12.1313;0.439495;-1.76475
-4.43181;-12.0439;0.386908;2.57301;0.0314463;-4.4587;-11.9334;0.377952;1.01112
-2.1583;-10.9772;0.343724;1.50489;0.00137175;-1.97799;-10.8243;0.706891;-1.38395
-3.45986;-10.4633;0.365048;0.158111;0;-3.51937;-10.6462;0.460048;-0.488424
-3.98959;-10.0736;0.468259;-2.63113;0.000426558;-4.19127;-10.0404;0.628383;-1.78337
-1.60416;-9.84697;0.722456;-1.86119;0.00138133;-1.80891;-9.85603;0.389597;1.9777
-3.88024;-9.48227;0.425414;2.59436;0;-4.10197;-9.4446;0.462514;-2.50832
0.153853;-10.5357;0.33438;-0.145421;0.00137175;0.118453;-10.1588;0.456435;1.46174
-1.50236;-10.8347;0.683135;-2.40126;0.00137175;-1.66493;-10.5172;0.725807;0.135502
0.262639;-9.0497;0.376686;-0.171045;0.00137175;0.609548;-9.96385;0.586436;-3.07887
0.753948;-8.17878;0.386994;0.112354;0.00137175;0.262639;-9.0497;0.376686;-0.171045
1.58704;-7.62565;0.390044;-1.01619;0.00137175;0.753948;-8.17878;0.386994;0.112354
2.50578;-8.00284;0.506897;1.04554;0.00137175;1.58704;-7.62565;0.390044;-1.01619
3.45789;-7.6971;0.509393;2.055;0.00137175;2.50578;-8.00284;0.506897;1.04554
3.97769;-6.84289;0.521085;1.1283;0.00137175;3.45789;-7.6971;0.509393;2.055
4.24061;-5.87815;0.533024;-0.0976274;0.00137175;3.97769;-6.84289;0.521085;1.1283
4.54357;-4.92524;0.546348;1.05087;0.00137235;4.24061;-5.87815;0.533024;-0.0976274
4.55115;-3.92545;0.565686;0.061064;0.00137235;4.54357;-4.92524;0.546348;1.05087
4.3397;-8.1685;0.523482;2.90828;0.00137175;3.45789;-7.6971;0.509393;2.055
3.60365;-3.60831;0.524849;1.45944;0.0013729;4.55115;-3.92545;0.565686;0.061064
0.0353839;-8.26001;0.683406;-2.70347;0.00137175;0.753948;-8.17878;0.386994;0.112354
-1.9274;-10.1688;0.744059;2.15597;0.00137175;-2.04101;-10.3238;0.732416;-1.12144
2.39849;-8.18144;0.748478;-1.26025;0.00138185;2.50578;-8.00284;0.506897;1.04554
2.60607;-3.54469;0.552963;1.37063;0.0013729;3.60365;-3.60831;0.524849;1.45944
1.66283;-3.87099;0.614774;-0.443391;0.0013729;2.60607;-3.54469;0.552963;1.37063
-5.49338;-11.6145;0.495506;-2.67042;0;-5.9086;-11.5891;0.447018;-0.790175
3.88939;-6.97226;0.611585;-0.16601;0.00137175;3.97769;-6.84289;0.521085;1.1283
0.0417393;-10.4687;0.53239;2.04455;0.00137175;0.153853;-10.5357;0.33438;-0.145421
4.23762;-4.7027;0.38942;1.35597;0.001373;4.54357;-4.92524;0.546348;1.05087
1.82243;-4.85421;0.526388;2.85537;0.0013729;1.66283;-3.87099;0.614774;-0.443391
0.384212;-8.3252;0.5306;-0.811981;0.00137175;0.0353839;-8.26001;0.683406;-2.70347
-3.04241;-7.5623;0.436113;-1.69167;0.00142303;-3.2915;-7.77113;0.478688;2.13647
-2.56686;-7.62005;0.705213;0.59143;0.00135335;-2.29752;-7.66671;0.445473;-0.354758
-2.04407;-11.4745;0.313394;1.76325;0.00137175;-1.98711;-11.4503;0.704532;0.180997
-2.0072;-11.8677;0.498025;1.00271;0.00137175;-2.04407;-11.4745;0.313394;1.76325
3.68321;-8.11064;0.334074;1.98073;0.00137175;3.45789;-7.6971;0.509393;2.055
4.42105;-5.98027;0.34576;-2.23531;0.00137175;4.24061;-5.87815;0.533024;-0.0976274
1.26065;-8.58895;0.624954;2.92324;0.00137175;0.753948;-8.17878;0.386994;0.112354
-3.64172;-11.6823;0.258975;-0.0692801;0.000305371;-3.92638;-11.4461;0.35763;1.95652
2.1579;-4.22292;0.356137;-1.00711;0.0013729;1.66283;-3.87099;0.614774;-0.443391
1.12479;-7.7785;0.721351;0.419653;0.00137175;1.58704;-7.62565;0.390044;-1.01619
0.0694174;-8.77002;0.435225;2.92461;0.00137175;0.262639;-9.0497;0.376686;-0.171045
4.44201;-3.95877;0.66384;1.35126;0.00137318;4.55115;-3.92545;0.565686;0.061064
4.24899;-7.87066;0.608382;0.726247;0.00137175;4.3397;-8.1685;0.523482;2.90828
3.3981;-7.99591;0.266801;1.82712;0.00137175;3.68321;-8.11064;0.334074;1.98073
0.280536;-9.5868;0.345777;-0.877952;0.00137175;0.262639;-9.0497;0.376686;-0.171045
1.51331;-5.25867;0.484866;-1.8259;0.0013729;1.82243;-4.85421;0.526388;2.85537
-0.235576;-9.47845;0.701864;-2.66589;0.00137175;0.280536;-9.5868;0.345777;-0.877952
-1.87235;-10.7609;0.491048;2.91085;0.00137175;-1.97799;-10.8243;0.706891;-1.38395
2.55623;-3.60926;0.734167;-0.273306;0.0013729;2.60607;-3.54469;0.552963;1.37063
0.527003;-5.35606;0.617984;1.20574;0.0013729;1.51331;-5.25867;0.484866;-1.8259
0.425085;-10.5207;0.490498;-2.07114;0.00137175;0.153853;-10.5357;0.33438;-0.145421
-1.11221;-12.1676;0.254767;2.5314;0.00137175;-1.04866;-11.7852;0.619941;-0.728103
-1.61578;-11.291;0.344551;2.17057;0.00137175;-2.04407;-11.4745;0.313394;1.76325
-4.01267;-10.1225;0.639642;1.03226;0.000678015;-3.98959;-10.0736;0.468259;-2.63113
-4.08459;-10.7208;0.686184;1.12411;0.000489969;-4.27662;-10.8418;0.511027;-2.01222
0.102406;-11.662;0.264257;-2.35013;0.00137175;-0.0503931;-11.8421;0.604568;2.7327
-3.75115;-9.8033;0.44666;-2.59092;0;-3.88024;-9.48227;0.425414;2.59436
-3.89378;-10.83;0.462857;2.73634;0.00110372;-3.73706;-11.033;0.477809;0.913416
-0.0377918;-6.1799;0.666015;-1.11161;0.0013729;0.527003;-5.35606;0.617984;1.20574
-1.55098;-12.6118;0.537743;-1.84641;0.00137175;-1.11221;-12.1676;0.254767;2.5314
3.08344;-3.74716;0.413264;2.13094;0.0013729;2.60607;-3.54469;0.552963;1.37063
-4.42063;-9.63575;0.676569;-0.381418;0;-4.10197;-9.4446;0.462514;-2.50832
-0.115851;-7.65283;0.703516;-2.94541;0.00137175;0.0353839;-8.26001;0.683406;-2.70347
-1.83299;-10.5328;0.605078;-1.32535;0.00137175;-1.66493;-10.5172;0.725807;0.135502
4.1227;-6.0729;0.574062;1.24405;0.00137175;4.24061;-5.87815;0.533024;-0.0976274
-1.69386;-11.7539;0.463979;1.62956;0.00137175;-1.49184;-11.9208;0.625946;-2.52499
0.374078;-5.33871;0.625599;-0.629992;0.0013729;0.527003;-5.35606;0.617984;1.20574
-1.6416;-9.16554;0.474448;-2.0848;0.00137175;-1.6283;-9.07528;0.537803;2.32748
-3.29617;-7.5858;0.611368;0.203845;0.00135335;-3.2915;-7.77113;0.478688;2.13647
-0.232725;-8.23833;0.552372;1.01466;0.00137175;0.0353839;-8.26001;0.683406;-2.70347
-2.40687;-8.02826;0.650032;-1.78122;0.00135335;-2.29752;-7.66671;0.445473;-0.354758
1.99525;-3.60899;0.432719;0.292045;0.0013729;1.66283;-3.87099;0.614774;-0.443391
-1.21272;-11.7589;0.718938;-0.312173;0.00137175;-1.04866;-11.7852;0.619941;-0.728103
-1.75539;-8.47581;0.73013;-3.1228;0.001385;-1.66201;-8.62272;0.654365;-1.26432
2.18246;-4.09193;0.639386;-2.07825;0.0013729;2.1579;-4.22292;0.356137;-1.00711
4.02125;-4.37448;0.642805;0.459478;0.001373;4.23762;-4.7027;0.38942;1.35597
3.34816;-3.9849;0.417397;-0.766446;0.0013729;3.08344;-3.74716;0.413264;2.13094
-1.95303;-11.9064;0.503522;1.49193;0.00137175;-2.0072;-11.8677;0.498025;1.00271
-4.29918;-11.3715;0.447174;-1.14042;0;-4.2568;-11.225;0.532788;-0.949709
3.74989;-4.93275;0.469836;-1.77274;0.001373;4.23762;-4.7027;0.38942;1.35597
4.10856;-3.86175;0.725241;0.237123;0.00137318;4.44201;-3.95877;0.66384;1.35126
3.78418;-7.19642;0.497518;2.75471;0.00137175;3.88939;-6.97226;0.611585;-0.16601
0.482746;-11.9965;0.601595;-3.08165;0.00137175;-0.0503931;-11.8421;0.604568;2.7327
-0.0482879;-11.7365;0.601144;-1.16527;0.00137175;-0.0503931;-11.8421;0.604568;2.7327
1.26527;-8.3723;0.390821;-2.65907;0.00137175;1.26065;-8.58895;0.624954;2.92324
-0.0518805;-11.6033;0.537938;3.07;0.00137175;-0.0482879;-11.7365;0.601144;-1.16527
-4.55861;-10.5109;0.256895;-1.2194;0;-4.38412;-10.818;0.424348;-2.48551
1.73574;-3.83895;0.50302;0.561899;0.0013729;1.66283;-3.87099;0.614774;-0.443391
-0.345143;-9.114;0.472116;-2.76215;0.00137175;-0.235576;-9.47845;0.701864;-2.66589
2.08368;-3.64012;0.681236;-0.0379921;0.0013729;1.99525;-3.60899;0.432719;0.292045
4.15631;-4.49983;0.571866;1.5337;0.00137364;4.02125;-4.37448;0.642805;0.459478
1.55257;-5.52503;0.729862;2.22949;0.0013729;1.51331;-5.25867;0.484866;-1.8259
-0.848125;-5.59415;0.682106;-3.12301;0.0013729;-0.0377918;-6.1799;0.666015;-1.11161
-1.71691;-5.09896;0.681327;0.874148;0.0013729;-0.848125;-5.59415;0.682106;-3.12301
-2.12544;-4.18632;0.667455;3.12036;0.0013729;-1.71691;-5.09896;0.681327;0.874148
-4.4528;-8.82805;0.646721;0.990012;0.0218528;-4.31392;-8.83192;0.465664;1.26865
1.60767;-8.53028;0.671007;-1.69066;0.00139501;1.26065;-8.58895;0.624954;2.92324
1.2185;-8.52568;0.556999;-2.3676;0.00137175;1.26065;-8.58895;0.624954;2.92324
2.97017;-3.74209;0.377419;-2.94406;0.0013729;3.08344;-3.74716;0.413264;2.13094
1.74274;-4.27825;0.308763;-2.98121;0.0013729;2.1579;-4.22292;0.356137;-1.00711
-1.28852;-6.2022;0.346799;-1.02146;0.0013729;-0.848125;-5.59415;0.682106;-3.12301
2.11258;-3.82904;0.314295;-1.73857;0.0013729;1.99525;-3.60899;0.432719;0.292045
2.30932;-5.08868;0.47222;-2.67297;0.0013729;1.82243;-4.85421;0.526388;2.85537
-4.07682;-8.21539;0.696285;2.63821;0.00135335;-4.25315;-8.24891;0.571438;0.583113
3.41682;-7.67079;0.466652;0.314941;0.00137175;3.45789;-7.6971;0.509393;2.055
2.42993;-3.86227;0.503549;-1.7886;0.0013729;2.18246;-4.09193;0.639386;-2.07825
4.50463;-8.07637;0.626453;1.44265;0.00137175;4.3397;-8.1685;0.523482;2.90828
-6.41203;-11.9226;0.32303;-0.286545;0;-6.19163;-11.9303;0.423163;-0.979912
-6.07271;-11.1733;0.533521;-0.765265;0;-5.9086;-11.5891;0.447018;-0.790175
3.60647;-4.46918;0.490137;2.80688;0.001373;4.02125;-4.37448;0.642805;0.459478
-3.18956;-7.64322;0.554526;-0.37306;0.00135335;-3.29617;-7.5858;0.611368;0.203845
-0.400052;-7.54335;0.590914;0.37234;0.00137175;-0.115851;-7.65283;0.703516;-2.94541
-1.82839;-4.44309;0.310634;2.79571;0.0013729;-2.12544;-4.18632;0.667455;3.12036
-1.06395;-3.79842;0.315356;2.82706;0.0013729;-1.82839;-4.44309;0.310634;2.79571
-1.87303;-11.2503;0.474736;-2.507;0.00137175;-1.61578;-11.291;0.344551;2.17057
4.08733;-6.32774;0.259798;-1.86264;0.00137175;4.1227;-6.0729;0.574062;1.24405
-0.0120148;-8.08285;0.409854;0.0888621;0.00137175;-0.232725;-8.23833;0.552372;1.01466
-6.18944;-12.4118;0.400792;-0.2489;0;-6.19163;-11.9303;0.423163;-0.979912
-4.48693;-11.3339;0.68222;2.15524;0;-4.2568;-11.225;0.532788;-0.949709
-0.391526;-7.7811;0.566967;0.449032;0.00137175;-0.400052;-7.54335;0.590914;0.37234
-2.42496;-5.80327;0.630151;3.02273;0.0013729;-1.71691;-5.09896;0.681327;0.874148
-2.25939;-11.0371;0.460859;-0.389726;0.00137175;-2.1583;-10.9772;0.343724;1.50489
-4.42175;-9.58986;0.259691;0.960797;0.000728698;-4.10197;-9.4446;0.462514;-2.50832
-0.288331;-10.9484;0.292964;2.45491;0.00137175;0.153853;-10.5357;0.33438;-0.145421
3.80321;-7.33668;0.481075;-1.72498;0.00137346;3.78418;-7.19642;0.497518;2.75471
3.22635;-4.4201;0.49784;-0.530821;0.001373;3.60647;-4.46918;0.490137;2.80688
3.68905;-4.64634;0.376913;-1.03109;0.001373;3.60647;-4.46918;0.490137;2.80688
-0.373962;-11.8519;0.400955;-1.35875;0.00137175;-0.0503931;-11.8421;0.604568;2.7327
4.31744;-7.29746;0.624317;2.95144;0.00137346;3.80321;-7.33668;0.481075;-1.72498
-1.81108;-4.87598;0.471574;0.258617;0.0013729;-1.71691;-5.09896;0.681327;0.874148
3.89595;-8.42087;0.594211;1.55352;0.00137175;3.68321;-8.11064;0.334074;1.98073
-3.47335;-8.61491;0.617338;2.5808;0.00135335;-3.38025;-8.65058;0.725879;2.17696
2.33605;-8.40031;0.275521;2.65536;0.00137175;2.50578;-8.00284;0.506897;1.04554
1.33817;-8.0258;0.381696;-2.14515;0.00137175;1.26527;-8.3723;0.390821;-2.65907
-0.108371;-9.40689;0.438918;0.398921;0.00137175;-0.235576;-9.47845;0.701864;-2.66589
-1.78694;-7.49549;0.587615;-0.825872;0.00135335;-2.29752;-7.66671;0.445473;-0.354758
1.83862;-4.44395;0.673696;1.8873;0.0013729;1.74274;-4.27825;0.308763;-2.98121
0.575682;-6.16835;0.368325;0.282207;0.0013729;-0.0377918;-6.1799;0.666015;-1.11161
1.6207;-4.2933;0.541347;2.98819;0.0013729;1.74274;-4.27825;0.308763;-2.98121
-4.13376;-9.72523;0.330462;-2.71475;0;-4.10197;-9.4446;0.462514;-2.50832
0.0786403;-11.0773;0.703615;-0.995196;0.00137175;0.29192;-10.9064;0.690136;0.881427
-0.395622;-3.05858;0.392614;-1.19032;0.0013729;-1.06395;-3.79842;0.315356;2.82706
-0.643126;-2.09057;0.351399;-2.59945;0.0013729;-0.395622;-3.05858;0.392614;-1.19032
-0.861835;-1.11486;0.363992;2.71897;0.0013729;-0.643126;-2.09057;0.351399;-2.59945
-1.44019;-0.29932;0.384025;2.23319;0.0013729;-0.861835;-1.11486;0.363992;2.71897
-0.819731;0.484886;0.390964;-0.864828;0.0013729;-1.44019;-0.29932;0.384025;2.23319
-1.54424;-5.84558;0.644575;-1.00321;0.0013729;-1.28852;-6.2022;0.346799;-1.02146
-1.48467;1.23176;0.385984;-2.56602;0.0013729;-0.819731;0.484886;0.390964;-0.864828
-2.11031;2.01186;0.380325;1.46951;0.0013729;-1.48467;1.23176;0.385984;-2.56602
-0.782858;-4.22145;0.290316;1.6158;0.0013729;-1.06395;-3.79842;0.315356;2.82706
-0.614495;1.71017;0.503928;-0.395945;0.0013729;-1.48467;1.23176;0.385984;-2.56602
0.00875575;2.49199;0.48583;-2.14095;0.0013729;-0.614495;1.71017;0.503928;-0.395945
0.204419;-3.45823;0.468273;-2.97739;0.0013729;-0.395622;-3.05858;0.392614;-1.19032
0.259028;3.46006;0.47185;-1.41465;0.0013729;0.00875575;2.49199;0.48583;-2.14095
0.832904;4.27891;0.484608;1.40587;0.0013729;0.259028;3.46006;0.47185;-1.41465
-2.42397;-0.477328;0.406169;-0.953057;0.0013729;-1.44019;-0.29932;0.384025;2.23319
0.869043;1.98248;0.503344;-1.93328;0.0013729;0.00875575;2.49199;0.48583;-2.14095
1.72159;1.46206;0.45502;-2.22487;0.0013729;0.869043;1.98248;0.503344;-1.93328
-3.42141;-0.548636;0.412644;2.48935;0.0013729;-2.42397;-0.477328;0.406169;-0.953057
-4.407;-0.716772;0.430971;0.101094;0.0013729;-3.42141;-0.548636;0.412644;2.48935
0.20916;-7.84156;0.353947;-1.18422;0.00137175;-0.0120148;-8.08285;0.409854;0.0888621
3.84144;-7.26556;0.281217;0.993366;0.00137346;3.80321;-7.33668;0.481075;-1.72498
-4.50675;0.27818;0.441994;0.531051;0.00137291;-4.407;-0.716772;0.430971;0.101094
-4.16955;-10.965;0.67399;-3.0533;0.00453502;-4.27662;-10.8418;0.511027;-2.01222
-2.08991;-0.0591409;0.50446;-3.00412;0.0013729;-2.42397;-0.477328;0.406169;-0.953057
1.8614;0.472198;0.479912;2.20885;0.0013729;1.72159;1.46206;0.45502;-2.22487
-2.10233;1.79077;0.385841;2.28169;0.0013729;-2.11031;2.01186;0.380325;1.46951
-0.399212;1.01158;0.607938;3.10325;0.0013729;-0.819731;0.484886;0.390964;-0.864828
-1.44099;-3.90335;0.540802;-2.08991;0.0013729;-1.06395;-3.79842;0.315356;2.82706
2.85721;-7.49325;0.399621;0.853258;0.00137175;3.41682;-7.67079;0.466652;0.314941
-4.56187;1.27377;0.517873;-2.18938;0.00137291;-4.50675;0.27818;0.441994;0.531051
0.314168;-10.801;0.334797;1.96682;0.00137175;0.153853;-10.5357;0.33438;-0.145421
2.85599;0.378172;0.435838;0.443139;0.0013729;1.8614;0.472198;0.479912;2.20885
-1.01363;1.78157;0.303406;1.0874;0.0013729;-0.614495;1.71017;0.503928;-0.395945
3.47064;-0.409351;0.390892;2.32941;0.0013729;2.85599;0.378172;0.435838;0.443139
-2.33781;-10.6788;0.581813;-1.21664;0.00137175;-2.25939;-11.0371;0.460859;-0.389726
-0.524784;-2.21961;0.673998;0.985352;0.0013729;-0.643126;-2.09057;0.351399;-2.59945
-3.46089;-8.27034;0.462213;1.3946;0.00135335;-3.66996;-8.07553;0.412803;-2.05251
4.33171;0.0972375;0.434733;-1.21053;0.0013729;3.47064;-0.409351;0.390892;2.32941
-1.65571;-8.16003;0.70125;0.004741;0.001385;-1.75539;-8.47581;0.73013;-3.1228
0.88481;0.617589;0.638458;0.781278;0.0013729;1.8614;0.472198;0.479912;2.20885
-0.344945;-8.09256;0.737754;1.71322;0.00137175;-0.232725;-8.23833;0.552372;1.01466
1.83469;-0.522811;0.576063;0.398591;0.0013729;1.8614;0.472198;0.479912;2.20885
-1.74399;-8.3991;0.38672;-1.44012;0.00137175;-1.80838;-8.63533;0.380553;-2.12624
-3.13978;0.0664909;0.557148;-0.397876;0.0013729;-3.42141;-0.548636;0.412644;2.48935
-0.164541;-4.35545;0.295133;0.376215;0.0013729;-0.782858;-4.22145;0.290316;1.6158
0.0117095;-0.657784;0.32924;0.697405;0.0013729;-0.861835;-1.11486;0.363992;2.71897
-1.78112;-4.70629;0.554305;-2.87155;0.0013729;-1.81108;-4.87598;0.471574;0.258617
2.21102;2.33213;0.513652;1.84258;0.0013729;1.72159;1.46206;0.45502;-2.22487
-2.3302;-6.08482;0.656287;0.317495;0.0013729;-2.42496;-5.80327;0.630151;3.02273
1.10969;1.16931;0.570449;-1.11702;0.0013729;0.88481;0.617589;0.638458;0.781278
2.69084;-8.36063;0.509693;1.5906;0.00137175;2.50578;-8.00284;0.506897;1.04554
-3.24323;0.46006;0.68369;1.67486;0.00137291;-3.13978;0.0664909;0.557148;-0.397876
-0.92053;-1.51455;0.452781;0.203721;0.0013729;-0.861835;-1.11486;0.363992;2.71897
2.52527;-4.72228;0.380304;2.58203;0.0013729;2.30932;-5.08868;0.47222;-2.67297
-2.57302;-3.72549;0.64444;1.78572;0.0013729;-2.12544;-4.18632;0.667455;3.12036
0.882563;-8.34358;0.468488;1.47335;0.00137175;0.753948;-8.17878;0.386994;0.112354
1.6993;0.579649;0.533709;1.6324;0.0013729;1.8614;0.472198;0.479912;2.20885
-0.0113025;-11.5241;0.630369;-0.554796;0.00137175;-0.0518805;-11.6033;0.537938;3.07
-3.80185;-11.9372;0.343297;-3.02449;0.0114873;-3.75189;-12.1151;0.47886;0.271867
-1.64414;-5.54898;0.654597;1.7763;0.0013729;-1.54424;-5.84558;0.644575;-1.00321
-3.24452;-7.83604;0.650511;-0.557824;0.00135335;-3.2915;-7.77113;0.478688;2.13647
2.11533;-3.92944;0.635203;2.19009;0.0013729;2.18246;-4.09193;0.639386;-2.07825
-0.668476;0.835153;0.362808;-1.29371;0.0013729;-0.819731;0.484886;0.390964;-0.864828
3.92665;-4.18083;0.725523;1.49112;0.0013738;4.02125;-4.37448;0.642805;0.459478
-4.07775;-7.52405;0.602903;1.96606;0.0167473;-4.0861;-7.92185;0.281589;0.14914
0.837617;1.99739;0.520473;1.93704;0.0013729;0.869043;1.98248;0.503344;-1.93328
-4.1865;-0.165203;0.514055;1.3329;0.00137291;-4.50675;0.27818;0.441994;0.531051
-1.07948;1.95009;0.506949;-0.524405;0.0013729;-1.01363;1.78157;0.303406;1.0874
1.99077;-5.63919;0.6347;-1.16932;0.0013729;1.55257;-5.52503;0.729862;2.22949
-2.30789;-12.2994;0.569322;-2.58111;0.00137175;-2.0072;-11.8677;0.498025;1.00271
4.35334;-7.42239;0.679859;-1.81401;0.00137482;4.31744;-7.29746;0.624317;2.95144
-2.93528;-8.43126;0.67304;-2.23189;0.00135335;-2.82467;-8.60417;0.466038;1.65108
4.52833;-3.66982;0.424576;1.03349;0.00137312;4.55115;-3.92545;0.565686;0.061064
-2.20112;-0.415173;0.710067;-1.98158;0.0013729;-2.42397;-0.477328;0.406169;-0.953057
-1.97566;-4.22016;0.536568;-0.471551;0.0013729;-2.12544;-4.18632;0.667455;3.12036
-4.40023;-7.51397;0.290006;0.00576463;0.0167473;-4.07775;-7.52405;0.602903;1.96606
0.435409;-2.01197;0.487148;2.37708;0.0013729;-0.524784;-2.21961;0.673998;0.985352
2.2572;1.71649;0.267585;-2.53855;0.0013729;1.72159;1.46206;0.45502;-2.22487
2.08252;0.987036;0.408213;1.39752;0.0013729;1.8614;0.472198;0.479912;2.20885
0.288906;-0.46046;0.610495;1.28952;0.0013729;0.0117095;-0.657784;0.32924;0.697405
4.11142;-7.33069;0.547377;-0.831472;0.00137346;4.31744;-7.29746;0.624317;2.95144
1.8674;-8.00451;0.403288;1.56898;0.00137175;1.58704;-7.62565;0.390044;-1.01619
-2.29539;-10.1306;0.331314;-2.4338;0.00137175;-2.19185;-9.71585;0.58568;-2.16206
-0.383947;-1.63638;0.607331;0.365593;0.0013729;-0.92053;-1.51455;0.452781;0.203721
1.25575;-0.519405;0.476074;1.89297;0.0013729;1.83469;-0.522811;0.576063;0.398591
-2.03743;-8.12553;0.3021;-2.46333;0.00137947;-1.74399;-8.3991;0.38672;-1.44012
-0.156307;-7.86965;0.450837;2.23312;0.00137175;-0.0120148;-8.08285;0.409854;0.0888621
-3.77274;-10.8276;0.643594;-0.091949;0.00110372;-3.89378;-10.83;0.462857;2.73634
3.05508;-4.24579;0.27729;2.96533;0.001373;3.22635;-4.4201;0.49784;-0.530821
-1.73519;-5.29699;0.682204;-0.511431;0.0013729;-1.71691;-5.09896;0.681327;0.874148
2.25755;-0.278095;0.409934;1.43147;0.0013729;1.83469;-0.522811;0.576063;0.398591
0.0538399;-1.38062;0.367735;2.08118;0.0013729;-0.383947;-1.63638;0.607331;0.365593
0.941413;-1.49656;0.504619;2.672;0.0013729;0.435409;-2.01197;0.487148;2.37708
0.776608;4.34973;0.47467;-0.344037;0.00137291;0.832904;4.27891;0.484608;1.40587
-2.35824;-0.805347;0.305644;2.79424;0.0013729;-2.42397;-0.477328;0.406169;-0.953057
-2.48572;1.22204;0.472535;-2.92835;0.0013729;-2.10233;1.79077;0.385841;2.28169
2.22257;0.0724331;0.616331;1.59004;0.0013729;2.25755;-0.278095;0.409934;1.43147
0.0241172;-2.94748;0.47389;2.37795;0.0013729;-0.395622;-3.05858;0.392614;-1.19032
4.01504;-6.1054;0.414769;3.12215;0.00137175;4.1227;-6.0729;0.574062;1.24405
-0.739279;1.68022;0.391315;0.94078;0.0013729;-0.614495;1.71017;0.503928;-0.395945
4.41351;-4.0025;0.691057;2.05263;0.00137318;4.44201;-3.95877;0.66384;1.35126
1.4839;-8.03911;0.364314;-1.03815;0.00138666;1.33817;-8.0258;0.381696;-2.14515
-3.85036;0.268404;0.644393;-0.570159;0.00137291;-4.1865;-0.165203;0.514055;1.3329
2.28476;0.55174;0.299879;0.249991;0.0013729;1.8614;0.472198;0.479912;2.20885
3.15199;-0.197138;0.428085;-3.08781;0.0013729;3.47064;-0.409351;0.390892;2.32941
-3.83306;-0.189708;0.448814;1.3613;0.00137291;-4.1865;-0.165203;0.514055;1.3329
-0.0770063;4.2597;0.31515;2.97491;0.00137291;0.776608;4.34973;0.47467;-0.344037
-3.41133;-0.172122;0.407446;0.545107;0.0013729;-3.42141;-0.548636;0.412644;2.48935
-0.136965;1.85011;0.268187;-0.238313;0.0013729;-0.614495;1.71017;0.503928;-0.395945
0.0240368;-9.4729;0.433361;-0.920826;0.00137175;-0.108371;-9.40689;0.438918;0.398921
3.28293;-3.80505;0.664275;2.59243;0.0013729;3.34816;-3.9849;0.417397;-0.766446
0.338276;2.16194;0.435233;-0.105365;0.0013729;0.00875575;2.49199;0.48583;-2.14095
2.64684;-4.04538;0.677705;-0.248383;0.0013729;2.42993;-3.86227;0.503549;-1.7886
2.17145;0.963925;0.438756;3.10432;0.0013729;2.08252;0.987036;0.408213;1.39752
1.28017;1.95203;0.54823;0.430029;0.0013729;0.869043;1.98248;0.503344;-1.93328
2.17053;2.34528;0.640178;0.63589;0.0013729;2.21102;2.33213;0.513652;1.84258
-0.61307;-1.39866;0.495437;-2.93826;0.0013729;-0.92053;-1.51455;0.452781;0.203721
-2.32219;0.427784;0.460814;-1.60788;0.0013729;-2.08991;-0.0591409;0.50446;-3.00412
1.54123;-5.63418;0.726472;1.22735;0.0013729;1.55257;-5.52503;0.729862;2.22949
-2.52378;-6.08103;0.386056;-1.86598;0.0013729;-2.3302;-6.08482;0.656287;0.317495
-6.00766;-11.8814;0.554062;-2.12337;0;-6.19163;-11.9303;0.423163;-0.979912
0.0872641;-3.02231;0.7413;3.04156;0.0013729;0.0241172;-2.94748;0.47389;2.37795
-1.30261;-5.35547;0.422465;-1.37969;0.0013729;-1.64414;-5.54898;0.654597;1.7763
0.20282;3.9315;0.649925;-0.636051;0.0013729;0.259028;3.46006;0.47185;-1.41465
-3.14113;-7.88947;0.570083;3.0971;0.00135335;-3.24452;-7.83604;0.650511;-0.557824
-5.29749;-11.5572;0.665965;-1.12046;0;-5.49338;-11.6145;0.495506;-2.67042
-1.14202;-1.39511;0.370223;-0.105794;0.0013729;-0.92053;-1.51455;0.452781;0.203721
-0.83806;-0.599188;0.506092;-2.08961;0.0013729;-0.861835;-1.11486;0.363992;2.71897
3.57299;-7.83804;0.584015;2.92779;0.00137175;3.45789;-7.6971;0.509393;2.055
1.09863;2.44332;0.716249;-1.88414;0.0013729;1.28017;1.95203;0.54823;0.430029
1.89829;1.73108;0.311907;0.964087;0.0013729;1.72159;1.46206;0.45502;-2.22487
0.642248;-7.53504;0.60257;-0.563029;0.00137175;1.12479;-7.7785;0.721351;0.419653
-2.23335;-11.2983;0.744167;-0.999765;0.00137175;-1.98711;-11.4503;0.704532;0.180997
-2.11757;-8.944;0.335872;1.53207;0.00137621;-2.12555;-8.8213;0.459968;2.42823
1.6965;0.941625;0.569182;1.33657;0.0013729;1.6993;0.579649;0.533709;1.6324
0.347677;-9.90199;0.265082;-1.83503;0.00137175;0.280536;-9.5868;0.345777;-0.877952
-1.92389;-1.61827;0.432346;0.582756;0.0013729;-1.14202;-1.39511;0.370223;-0.105794
3.04836;-7.55072;0.312095;1.13647;0.00137175;2.85721;-7.49325;0.399621;0.853258
1.89555;-1.30306;0.35422;2.53059;0.0013729;1.83469;-0.522811;0.576063;0.398591
2.97757;-8.53046;0.594739;0.389602;0.00137175;2.69084;-8.36063;0.509693;1.5906
0.404935;-1.89999;0.509615;2.59836;0.0013729;0.435409;-2.01197;0.487148;2.37708
2.06132;-1.29708;0.303546;-2.90209;0.0013729;1.89555;-1.30306;0.35422;2.53059
-0.287657;-1.72763;0.6623;0.723236;0.0013729;-0.383947;-1.63638;0.607331;0.365593
-1.36447;-5.6496;0.61191;1.467;0.0013729;-1.54424;-5.84558;0.644575;-1.00321
-0.227281;-0.104118;0.340404;1.7512;0.0013729;0.0117095;-0.657784;0.32924;0.697405
4.05624;0.286323;0.27396;1.65008;0.0013729;4.33171;0.0972375;0.434733;-1.21053
-1.72586;-4.03506;0.338643;1.17664;0.0013729;-1.97566;-4.22016;0.536568;-0.471551
-4.90788;-11.6715;0.266263;-1.76907;0;-4.91181;-11.6674;0.430337;1.82027
-3.76595;-0.471855;0.308923;1.23809;0.00137291;-3.83306;-0.189708;0.448814;1.3613
0.136118;-2.89119;0.255032;-2.00657;0.0013729;0.0241172;-2.94748;0.47389;2.37795
-2.22299;-11.4019;0.705066;-2.40755;0.00137175;-2.23335;-11.2983;0.744167;-0.999765
0.992281;0.411506;0.438387;0.935537;0.0013729;0.88481;0.617589;0.638458;0.781278
0.703906;-1.3991;0.589955;1.50483;0.0013729;0.941413;-1.49656;0.504619;2.672
1.15541;-1.5493;0.520636;-1.97974;0.0013729;0.941413;-1.49656;0.504619;2.672
-2.39029;-1.53518;0.572074;2.50254;0.0013729;-1.92389;-1.61827;0.432346;0.582756
-3.99708;-7.60893;0.463691;1.48778;0.0306579;-4.07775;-7.52405;0.602903;1.96606
-1.50747;-11.5222;0.387685;-2.21259;0.00137175;-1.61578;-11.291;0.344551;2.17057
-1.95481;-4.40136;0.315855;-0.736036;0.0013729;-1.82839;-4.44309;0.310634;2.79571
-0.136071;-8.89103;0.626652;-2.30248;0.00137175;0.0694174;-8.77002;0.435225;2.92461
1.32146;1.66911;0.47593;-0.40007;0.0013729;1.28017;1.95203;0.54823;0.430029
2.50885;-0.943904;0.618154;0.336459;0.0013729;2.06132;-1.29708;0.303546;-2.90209
3.82803;-5.69927;0.651968;-0.867965;0.00137175;4.24061;-5.87815;0.533024;-0.0976274
-1.43423;-1.93723;0.692436;-0.247781;0.0013729;-1.92389;-1.61827;0.432346;0.582756
-0.394095;-5.89514;0.374422;-1.90718;0.0013729;-0.0377918;-6.1799;0.666015;-1.11161
2.79825;-8.51983;0.655156;-2.92893;0.00137175;2.97757;-8.53046;0.594739;0.389602
1.72329;1.85142;0.511053;-3.1139;0.0013729;1.89829;1.73108;0.311907;0.964087
0.412487;0.48802;0.445498;-0.425202;0.0013729;0.88481;0.617589;0.638458;0.781278
1.67241;-5.0015;0.674823;2.62869;0.0013729;1.82243;-4.85421;0.526388;2.85537
-2.15257;-1.09262;0.621301;-0.164491;0.0013729;-2.35824;-0.805347;0.305644;2.79424
-1.83912;-0.471307;0.456413;0.748108;0.0013729;-1.44019;-0.29932;0.384025;2.23319
-1.91174;-9.83759;0.39719;0.618305;0.00138133;-1.80891;-9.85603;0.389597;1.9777
-4.4795;-8.37022;0.36762;-2.16246;0.00135335;-4.25315;-8.24891;0.571438;0.583113
-0.447561;-0.297649;0.440889;2.69587;0.0013729;-0.227281;-0.104118;0.340404;1.7512
-1.77994;-6.01039;0.409488;-1.88915;0.0013729;-1.54424;-5.84558;0.644575;-1.00321
1.79358;-3.97019;0.603388;-1.76535;0.0013729;1.66283;-3.87099;0.614774;-0.443391
2.11669;-1.81129;0.315021;-2.72626;0.0013729;2.06132;-1.29708;0.303546;-2.90209
-4.40088;-11.1273;0.536308;-1.24281;0;-4.2568;-11.225;0.532788;-0.949709
1.98486;-5.34812;0.66033;-1.08173;0.0013729;1.99077;-5.63919;0.6347;-1.16932
3.02489;-0.136433;0.593703;-2.56921;0.0013729;3.15199;-0.197138;0.428085;-3.08781
1.87047;-4.93233;0.588412;2.17672;0.0013729;1.82243;-4.85421;0.526388;2.85537
0.113799;-8.97361;0.282742;0.23512;0.00137175;0.262639;-9.0497;0.376686;-0.171045
0.0956603;1.58365;0.372664;-1.9763;0.0013729;-0.136965;1.85011;0.268187;-0.238313
3.981;-7.65856;0.269736;-0.399155;0.00137346;3.84144;-7.26556;0.281217;0.993366
0.651129;0.774624;0.683644;1.84212;0.0013729;0.88481;0.617589;0.638458;0.781278
3.73993;-3.66311;0.434449;0.410143;0.0013729;3.60365;-3.60831;0.524849;1.45944
2.18949;-8.53163;0.640966;2.03491;0.00137175;2.33605;-8.40031;0.275521;2.65536
4.20866;-5.15791;0.681845;2.38909;0.00137235;4.54357;-4.92524;0.546348;1.05087
4.29358;-4.17123;0.416903;-1.56463;0.00137318;4.41351;-4.0025;0.691057;2.05263
-1.76612;-8.82282;0.510722;-1.88028;0.00137175;-1.80838;-8.63533;0.380553;-2.12624
-4.14989;1.20911;0.30741;1.94936;0.00137291;-4.56187;1.27377;0.517873;-2.18938
0.248994;-1.46457;0.659786;-2.97759;0.0013729;0.0538399;-1.38062;0.367735;2.08118
-1.62296;-4.75187;0.436093;1.14166;0.0013729;-1.78112;-4.70629;0.554305;-2.87155
0.132329;0.105311;0.439118;-3.04776;0.0013729;-0.227281;-0.104118;0.340404;1.7512
-0.189162;-2.25154;0.45027;-0.825781;0.0013729;-0.524784;-2.21961;0.673998;0.985352
1.75915;-0.838752;0.726155;0.291181;0.0013729;1.83469;-0.522811;0.576063;0.398591
3.75679;-4.24483;0.427366;2.95683;0.001373;3.60647;-4.46918;0.490137;2.80688
-0.0622969;-9.71178;0.564847;0.992676;0.00137175;0.0240368;-9.4729;0.433361;-0.920826
3.5602;-8.22636;0.255003;0.109239;0.00137175;3.68321;-8.11064;0.334074;1.98073
-3.15204;0.532817;0.269557;-1.33017;0.00137291;-3.24323;0.46006;0.68369;1.67486
3.19243;-3.97999;0.506376;1.59308;0.0013729;3.34816;-3.9849;0.417397;-0.766446
3.89554;0.0786925;0.414997;1.14132;0.0013729;4.05624;0.286323;0.27396;1.65008
-2.87005;0.670082;0.694449;-2.82685;0.00137291;-3.24323;0.46006;0.68369;1.67486
1.12188;1.07159;0.70636;0.307662;0.0013729;1.10969;1.16931;0.570449;-1.11702
4.21219;-0.154253;0.708214;-1.64979;0.0013729;4.33171;0.0972375;0.434733;-1.21053
2.73196;-3.95063;0.290302;-1.29296;0.0013729;2.97017;-3.74209;0.377419;-2.94406
-5.19079;-11.8381;0.485886;-0.911542;0;-4.91181;-11.6674;0.430337;1.82027
-0.223513;-8.69348;0.387102;-3.0124;0.00137175;0.0694174;-8.77002;0.435225;2.92461
1.05318;-1.70256;0.679387;1.69349;0.0013729;1.15541;-1.5493;0.520636;-1.97974
-2.3774;-0.871018;0.275258;-2.79176;0.0013729;-2.35824;-0.805347;0.305644;2.79424
-1.42154;-5.94325;0.65626;-2.7389;0.0013729;-1.54424;-5.84558;0.644575;-1.00321
-3.77369;-9.75284;0.452325;-1.8558;0;-3.75115;-9.8033;0.44666;-2.59092
1.65968;0.933825;0.478752;-2.96703;0.0013729;1.6965;0.941625;0.569182;1.33657
0.533583;-2.2523;0.435159;3.11087;0.0013729;0.435409;-2.01197;0.487148;2.37708
-1.80655;-7.70208;0.743092;0.884639;0.00135335;-1.78694;-7.49549;0.587615;-0.825872
-6.33146;-10.7126;0.267854;2.67917;0.570726;-6.07271;-11.1733;0.533521;-0.765265
