-10.4956;-11.7074;0.426147;0.484584;0;-11.4954;-11.7032;0.409993;-0.0332507
-9.49562;-11.7165;0.424029;-2.94442;0.084;-10.4956;-11.7074;0.426147;0.484584
-8.49771;-11.6518;0.424982;2.36427;0.084;-9.49562;-11.7165;0.424029;-2.94442
-10.6215;-12.5352;0.624014;1.14249;0;-10.4956;-11.7074;0.426147;0.484584
-9.08033;-12.5098;0.335238;2.65176;0.085;-9.49562;-11.7165;0.424029;-2.94442
-13.3532;-11.493;0.617897;-1.93695;0;-12.4233;-11.8322;0.759931;-0.528073
-13.65;-10.5402;0.553496;0.839896;0;-13.3532;-11.493;0.617897;-1.93695
-13.3559;-9.58446;0.560373;0.729561;0;-13.65;-10.5402;0.553496;0.839896
-13.5636;-11.2755;0.594276;-2.61648;0;-13.3532;-11.493;0.617897;-1.93695
-9.40313;-12.2342;0.50763;0.196174;0.195;-9.08033;-12.5098;0.335238;2.65176
-9.70668;-12.0819;0.216469;-0.899041;0.226;-9.40313;-12.2342;0.50763;0.196174
-10.2548;-12.3414;0.764898;-2.38939;0.113;-10.6215;-12.5352;0.624014;1.14249
-14.215;-11.9797;0.31191;-2.00799;0;-13.5636;-11.2755;0.594276;-2.61648
-8.46379;-12.3139;0.556191;-2.95638;0.084;-8.49771;-11.6518;0.424982;2.36427
-12.9124;-10.3527;0.622022;0.743044;0;-13.65;-10.5402;0.553496;0.839896
-12.136;-11.9348;0.236037;0.465207;0;-12.4233;-11.8322;0.759931;-0.528073
-14.6652;-11.1939;0.725566;-2.44548;0;-14.215;-11.9797;0.31191;-2.00799
-13.7284;-9.8906;0.217515;1.40257;0;-13.3559;-9.58446;0.560373;0.729561
-14.2442;-9.99804;0.592684;1.06287;0;-13.7284;-9.8906;0.217515;1.40257
-14.5879;-12.5507;0.595904;-2.8428;0;-14.215;-11.9797;0.31191;-2.00799
-12.0326;-9.8935;0.498797;-2.83569;0;-12.9124;-10.3527;0.622022;0.743044
-12.084;-9.87958;0.745027;1.51262;0;-12.0326;-9.8935;0.498797;-2.83569
-12.3841;-11.7824;0.472496;2.19931;0;-12.4233;-11.8322;0.759931;-0.528073
-13.6548;-12.484;0.8089;-2.75062;0;-14.215;-11.9797;0.31191;-2.00799
-10.8922;-12.3021;0.806742;-0.381145;0;-10.6215;-12.5352;0.624014;1.14249
-12.2681;-10.1244;0.501084;-2.53134;0;-12.0326;-9.8935;0.498797;-2.83569
-13.8409;-12.6365;0.25548;1.4859;0;-13.6548;-12.484;0.8089;-2.75062
-9.29753;-12.395;0.207446;1.03367;0.101;-9.08033;-12.5098;0.335238;2.65176
-13.6998;-11.6664;0.796006;-0.68198;0.154;-13.3532;-11.493;0.617897;-1.93695
-9.53685;-12.5882;0.425891;-0.229;0.211;-9.29753;-12.395;0.207446;1.03367
-13.4786;-11.6548;0.532177;2.68294;0;-13.3532;-11.493;0.617897;-1.93695
-12.01;-12.0755;0.678025;-2.43607;0.05;-12.136;-11.9348;0.236037;0.465207
-10.4776;-12.1017;0.824635;1.72411;0.113;-10.2548;-12.3414;0.764898;-2.38939
-9.20705;-12.3208;0.321067;-1.80465;0.101;-9.29753;-12.395;0.207446;1.03367
-14.1864;-11.6902;0.720749;-1.34239;0.154;-13.6998;-11.6664;0.796006;-0.68198
-11.0528;-9.74329;0.630766;-2.81099;0;-12.0326;-9.8935;0.498797;-2.83569
-10.4129;-8.97484;0.624534;-0.799228;0;-11.0528;-9.74329;0.630766;-2.81099
-10.0916;-8.02809;0.604415;-1.57683;0;-10.4129;-8.97484;0.624534;-0.799228
-14.2414;-12.4857;0.342742;2.41544;0;-14.5879;-12.5507;0.595904;-2.8428
-10.0753;-8.95003;0.475393;-0.662791;0;-10.4129;-8.97484;0.624534;-0.799228
-14.5599;-9.74792;0.668353;2.41879;0;-14.2442;-9.99804;0.592684;1.06287
-13.9695;-10.4247;0.471086;2.365;0;-13.65;-10.5402;0.553496;0.839896
-11.2855;-9.65867;0.384513;-0.501757;0;-11.0528;-9.74329;0.630766;-2.81099
-14.3148;-9.62932;0.464862;-1.1381;0;-14.5599;-9.74792;0.668353;2.41879
-13.9534;-11.6314;0.804606;-2.28508;0.154;-14.1864;-11.6902;0.720749;-1.34239
-10.5233;-8.35633;0.515338;1.99311;0;-10.0916;-8.02809;0.604415;-1.57683
-10.6459;-9.41809;0.466879;-1.46762;0;-10.4129;-8.97484;0.624534;-0.799228
-13.9594;-9.82538;0.351178;-3.09939;0;-13.7284;-9.8906;0.217515;1.40257
-13.8551;-11.1678;0.502929;-1.96431;0;-13.5636;-11.2755;0.594276;-2.61648
-11.2636;-7.68414;0.52477;-0.177451;0;-10.5233;-8.35633;0.515338;1.99311
-13.8289;-12.5891;0.753735;-1.52748;0;-13.6548;-12.484;0.8089;-2.75062
-10.8189;-9.782;0.677359;0.841385;0;-11.0528;-9.74329;0.630766;-2.81099
-10.3635;-9.5773;0.736577;-1.55515;0;-10.6459;-9.41809;0.466879;-1.46762
-11.6056;-10.3213;0.711436;1.99175;0;-12.0326;-9.8935;0.498797;-2.83569
-13.2879;-10.3004;0.643597;-3.03657;0;-12.9124;-10.3527;0.622022;0.743044
-11.2989;-12.2415;0.418101;0.823779;0;-10.8922;-12.3021;0.806742;-0.381145
-10.2223;-9.32271;0.280727;-2.9796;0;-10.0753;-8.95003;0.475393;-0.662791
-12.3916;-11.7841;0.472011;-0.264357;0;-12.3841;-11.7824;0.472496;2.19931
-10.234;-9.53714;0.469877;0.447104;0;-10.2223;-9.32271;0.280727;-2.9796
-14.3775;-9.95454;0.614491;-2.51624;0;-14.2442;-9.99804;0.592684;1.06287
-10.5128;-12.6012;0.363158;-1.43653;0;-10.6215;-12.5352;0.624014;1.14249
-9.9505;-12.2067;0.376128;0.418437;0.335;-9.70668;-12.0819;0.216469;-0.899041
-13.9615;-9.67918;0.17487;-2.89975;0;-13.9594;-9.82538;0.351178;-3.09939
-11.0982;-11.931;0.683661;2.697;0.002;-10.8922;-12.3021;0.806742;-0.381145
-10.9015;-10.0581;0.253703;2.41359;0;-10.8189;-9.782;0.677359;0.841385
-10.4187;-7.6471;0.356759;-0.532013;0;-10.0916;-8.02809;0.604415;-1.57683
-9.864;-8.38458;0.843706;-0.109043;0;-10.0916;-8.02809;0.604415;-1.57683
-14.1923;-10.9096;0.669837;-1.33761;0.154;-13.8551;-11.1678;0.502929;-1.96431
-11.6285;-11.6944;0.834312;-0.447392;0;-11.4954;-11.7032;0.409993;-0.0332507
-14.4661;-10.4188;0.171234;-2.32055;0;-13.9695;-10.4247;0.471086;2.365
-8.94026;-11.7311;0.570475;2.03048;0.084;-8.49771;-11.6518;0.424982;2.36427
-13.8631;-11.8669;0.38099;2.12319;0;-14.215;-11.9797;0.31191;-2.00799
-13.9602;-10.7758;0.398123;2.68964;0;-13.9695;-10.4247;0.471086;2.365
-10.516;-12.141;0.626384;2.85553;0.207;-10.4776;-12.1017;0.824635;1.72411
-7.86244;-12.2167;0.275461;-0.0437212;0.116;-8.46379;-12.3139;0.556191;-2.95638
-12.2444;-7.87911;0.523379;-2.59721;0.008;-11.2636;-7.68414;0.52477;-0.177451
-13.2172;-8.04598;0.683826;-1.17672;0.008;-12.2444;-7.87911;0.523379;-2.59721
-14.5527;-12.1628;0.803804;0.193401;0.157;-14.5879;-12.5507;0.595904;-2.8428
-13.4651;-7.07851;0.63332;-2.12742;0.008;-13.2172;-8.04598;0.683826;-1.17672
-13.3319;-6.08777;0.607152;-0.663227;0.008;-13.4651;-7.07851;0.63332;-2.12742
-14.0488;-10.7113;0.578807;-0.208282;0.149;-13.9602;-10.7758;0.398123;2.68964
-14.6142;-10.5028;0.582702;-0.903722;0.022;-14.4661;-10.4188;0.171234;-2.32055
-12.0054;-8.26151;0.492315;-1.58071;0.008;-12.2444;-7.87911;0.523379;-2.59721
-12.5712;-7.84689;0.455799;-1.49481;0.008;-12.2444;-7.87911;0.523379;-2.59721
-11.553;-8.43514;0.617892;2.60075;0.019;-12.0054;-8.26151;0.492315;-1.58071
-13.6948;-10.9204;0.471335;-1.56832;0.12;-13.8551;-11.1678;0.502929;-1.96431
-13.0954;-8.32212;0.393779;0.423859;0.008;-13.2172;-8.04598;0.683826;-1.17672
-12.4501;-5.62735;0.504888;-2.67902;0.019;-13.3319;-6.08777;0.607152;-0.663227
-11.1501;-12.5383;0.229557;1.17339;0;-11.2989;-12.2415;0.418101;0.823779
-14.2347;-7.29261;0.598112;-2.7445;0.008;-13.4651;-7.07851;0.63332;-2.12742
-11.7401;-12.6301;0.805713;1.97669;0.05;-12.01;-12.0755;0.678025;-2.43607
-11.0053;-10.2659;0.687649;2.38443;0;-10.9015;-10.0581;0.253703;2.41359
-7.97588;-12.2078;0.658057;1.28121;0.121;-7.86244;-12.2167;0.275461;-0.0437212
-8.07398;-12.1451;0.531896;-2.08342;0.121;-7.97588;-12.2078;0.658057;1.28121
-13.9179;-10.362;0.578051;-1.94706;0;-13.9695;-10.4247;0.471086;2.365
-13.8649;-11.3396;0.828219;2.07309;0.154;-13.9534;-11.6314;0.804606;-2.28508
-10.3436;-10.154;0.592845;-2.09226;0;-10.3635;-9.5773;0.736577;-1.55515
-12.4886;-10.4549;0.535519;-2.76035;0;-12.2681;-10.1244;0.501084;-2.53134
-10.18;-8.05505;0.155482;2.05176;0;-10.0916;-8.02809;0.604415;-1.57683
-14.5118;-8.00657;0.504712;-2.60153;0.008;-14.2347;-7.29261;0.598112;-2.7445
-13.2987;-10.4127;0.770992;0.780738;0;-13.2879;-10.3004;0.643597;-3.03657
-9.46883;-12.6397;0.742607;2.74553;0.325;-9.53685;-12.5882;0.425891;-0.229
-13.262;-9.66727;0.448996;-0.887688;0;-13.3559;-9.58446;0.560373;0.729561
-13.8895;-6.6001;0.684991;0.590979;0.01;-13.4651;-7.07851;0.63332;-2.12742
-10.0517;-10.1941;0.623004;-0.503438;0;-10.3436;-10.154;0.592845;-2.09226
-12.5525;-7.9867;0.3689;-1.74315;0.008;-12.5712;-7.84689;0.455799;-1.49481
-13.7386;-11.1243;0.445246;1.74276;0;-13.8551;-11.1678;0.502929;-1.96431
-12.3441;-5.62473;0.492154;2.70287;0.019;-12.4501;-5.62735;0.504888;-2.67902
-11.6635;-8.15933;0.570972;3.08877;0.03;-11.553;-8.43514;0.617892;2.60075
-13.8294;-7.73207;0.819219;1.47755;0.01;-14.2347;-7.29261;0.598112;-2.7445
-13.828;-8.40629;0.155151;1.19287;0.018;-13.0954;-8.32212;0.393779;0.423859
-13.3862;-11.4101;0.693164;0.912094;0;-13.3532;-11.493;0.617897;-1.93695
-13.943;-11.1722;0.236691;0.438737;0;-13.8551;-11.1678;0.502929;-1.96431
-11.8904;-10.5344;0.32571;1.33099;0;-11.6056;-10.3213;0.711436;1.99175
-11.3374;-12.5611;0.39553;-1.4097;0;-11.1501;-12.5383;0.229557;1.17339
-14.4715;-7.17735;0.676342;1.2232;0.01;-14.2347;-7.29261;0.598112;-2.7445
-13.4443;-11.6733;0.402257;3.03223;0;-13.4786;-11.6548;0.532177;2.68294
-13.7004;-11.8982;0.755741;1.85423;0.154;-13.6998;-11.6664;0.796006;-0.68198
-14.3077;-12.5045;0.693805;0.841051;0;-14.5879;-12.5507;0.595904;-2.8428
-9.45521;-12.2186;0.359801;0.0215697;0.305;-9.40313;-12.2342;0.50763;0.196174
-10.324;-11.8055;0.258509;1.38044;0;-10.4956;-11.7074;0.426147;0.484584
-7.90438;-12.4545;0.290635;-0.700849;0.137;-7.86244;-12.2167;0.275461;-0.0437212
-14.0547;-10.7179;0.828005;-2.95968;0.149;-14.0488;-10.7113;0.578807;-0.208282
-9.56688;-12.6465;0.644403;-0.399862;0.408;-9.46883;-12.6397;0.742607;2.74553
-11.8225;-12.018;0.369832;1.69251;0;-12.136;-11.9348;0.236037;0.465207
-14.6206;-12.4807;0.215097;2.7999;0;-14.5879;-12.5507;0.595904;-2.8428
-13.8877;-5.90145;0.459573;2.4149;0.008;-13.3319;-6.08777;0.607152;-0.663227
-11.0081;-12.5946;0.217514;-0.0237719;0;-11.1501;-12.5383;0.229557;1.17339
-14.511;-11.0713;0.588398;0.279464;0;-14.6652;-11.1939;0.725566;-2.44548
-12.531;-9.73475;0.345313;-1.91921;0;-12.2681;-10.1244;0.501084;-2.53134
-14.2407;-7.71441;0.653434;-1.65366;0.008;-14.5118;-8.00657;0.504712;-2.60153
-10.4314;-8.97723;0.156534;0.961128;0;-10.2223;-9.32271;0.280727;-2.9796
-9.88197;-12.6881;0.832002;-1.85238;0.408;-9.56688;-12.6465;0.644403;-0.399862
-11.3469;-5.55945;0.456738;0.966806;0.019;-12.3441;-5.62473;0.492154;2.70287
-11.5939;-8.35422;0.606878;0.505908;0.019;-11.553;-8.43514;0.617892;2.60075
-10.3589;-7.66107;0.281505;2.27109;0;-10.4187;-7.6471;0.356759;-0.532013
-12.679;-6.16805;0.517936;2.81199;0.019;-12.4501;-5.62735;0.504888;-2.67902
-14.1496;-10.8653;0.814792;-2.40193;0.154;-14.1923;-10.9096;0.669837;-1.33761
-10.3606;-5.72361;0.441149;-2.57093;0.021;-11.3469;-5.55945;0.456738;0.966806
-9.36173;-5.69025;0.475281;0.834456;0.021;-10.3606;-5.72361;0.441149;-2.57093
-8.36537;-5.60537;0.482423;2.35759;0.021;-9.36173;-5.69025;0.475281;0.834456
-7.3661;-5.56803;0.474276;2.87347;0.021;-8.36537;-5.60537;0.482423;2.35759
-6.36735;-5.51957;0.487005;0.962293;0.021;-7.3661;-5.56803;0.474276;2.87347
-5.85002;-6.37531;0.494739;-2.56311;0.034;-6.36735;-5.51957;0.487005;0.962293
-11.8011;-6.24062;0.52999;2.83075;0.021;-11.3469;-5.55945;0.456738;0.966806
-14.1174;-5.8049;0.704811;0.906526;0.008;-13.8877;-5.90145;0.459573;2.4149
-14.3468;-6.6131;0.569904;2.6522;0.01;-13.8895;-6.6001;0.684991;0.590979
-10.1369;-9.5142;0.290612;-1.56974;0;-10.234;-9.53714;0.469877;0.447104
-9.02107;-5.97404;0.203599;-1.71925;0.021;-9.36173;-5.69025;0.475281;0.834456
-14.5512;-6.36883;0.341557;-1.07193;0.021;-14.3468;-6.6131;0.569904;2.6522
-9.89449;-8.3969;0.754414;0.915992;0;-9.864;-8.38458;0.843706;-0.109043
-10.7487;-7.97992;0.821064;-1.95338;0;-10.5233;-8.35633;0.515338;1.99311
-13.7696;-7.59987;0.801004;0.637704;0.012;-13.8294;-7.73207;0.819219;1.47755
-12.3658;-9.67893;0.206878;2.81643;0;-12.531;-9.73475;0.345313;-1.91921
-10.6443;-7.53751;0.369587;1.45535;0;-10.4187;-7.6471;0.356759;-0.532013
-13.2107;-12.7051;0.182297;-1.65883;0;-13.8409;-12.6365;0.25548;1.4859
-10.2569;-10.1917;0.691706;2.93949;0;-10.3436;-10.154;0.592845;-2.09226
-13.7436;-9.85465;0.539071;2.22063;0;-13.9594;-9.82538;0.351178;-3.09939
-6.35375;-7.23487;0.580904;-2.48645;0.039;-5.85002;-6.37531;0.494739;-2.56311
-5.75739;-7.60687;0.31327;-2.29078;0.04;-6.35375;-7.23487;0.580904;-2.48645
-14.0501;-10.1537;0.250714;0.295891;0;-13.9594;-9.82538;0.351178;-3.09939
-12.7212;-8.14093;0.551719;-0.767578;0.008;-12.5525;-7.9867;0.3689;-1.74315
-6.52116;-6.28206;0.348838;1.8313;0.034;-5.85002;-6.37531;0.494739;-2.56311
-7.07155;-7.89929;0.730612;1.80443;0.039;-6.35375;-7.23487;0.580904;-2.48645
-8.03339;-7.62667;0.707264;-0.723576;0.039;-7.07155;-7.89929;0.730612;1.80443
-7.89458;-7.95031;0.585132;-1.53289;0.039;-8.03339;-7.62667;0.707264;-0.723576
-9.79089;-8.12299;0.678969;2.29171;0;-9.89449;-8.3969;0.754414;0.915992
-10.2578;-6.25861;0.234823;0.318375;0.021;-10.3606;-5.72361;0.441149;-2.57093
-10.0096;-12.0125;0.16378;-1.53964;0.335;-9.9505;-12.2067;0.376128;0.418437
-7.99964;-12.5421;0.476374;-2.159;0.137;-7.90438;-12.4545;0.290635;-0.700849
-8.35856;-8.71155;0.364949;-3.02462;0.039;-7.89458;-7.95031;0.585132;-1.53289
-11.797;-6.35867;0.58323;0.923168;0.021;-11.8011;-6.24062;0.52999;2.83075
-14.1466;-7.58902;0.601495;-2.04281;0.008;-14.2407;-7.71441;0.653434;-1.65366
-10.6282;-11.7724;0.78786;-1.56553;0.113;-10.4776;-12.1017;0.824635;1.72411
-5.94342;-7.92991;0.164235;-0.180719;0.04;-5.75739;-7.60687;0.31327;-2.29078
-11.6593;-6.21958;0.511121;1.11294;0.021;-11.8011;-6.24062;0.52999;2.83075
-13.107;-10.3204;0.285434;2.8234;0;-12.9124;-10.3527;0.622022;0.743044
-14.4078;-10.0844;0.733679;-0.193393;0.003;-14.3775;-9.95454;0.614491;-2.51624
-12.1388;-5.9431;0.249693;-0.0342716;0.019;-12.3441;-5.62473;0.492154;2.70287
-8.74858;-11.9211;0.662922;1.57656;0.084;-8.94026;-11.7311;0.570475;2.03048
-7.32874;-7.98526;0.603576;1.07433;0.039;-7.07155;-7.89929;0.730612;1.80443
-6.6147;-8.05438;0.42387;0.458686;0.039;-7.07155;-7.89929;0.730612;1.80443
-13.7858;-11.0016;0.380017;-2.40011;0;-13.7386;-11.1243;0.445246;1.74276
-14.4187;-11.3974;0.200544;0.532138;0;-14.511;-11.0713;0.588398;0.279464
-11.6946;-8.38174;0.461681;1.5567;0.019;-11.5939;-8.35422;0.606878;0.505908
-7.72725;-9.46386;0.553266;0.374372;0.039;-8.35856;-8.71155;0.364949;-3.02462
-7.87249;-10.1615;0.83138;-2.70515;0.039;-7.72725;-9.46386;0.553266;0.374372
-12.2107;-10.1101;0.848309;-1.57685;0;-12.084;-9.87958;0.745027;1.51262
-9.45115;-12.5716;0.22019;0.164946;0.319;-9.53685;-12.5882;0.425891;-0.229
-12.8456;-9.9957;0.663464;2.64044;0;-12.9124;-10.3527;0.622022;0.743044
-6.71843;-6.27599;0.348626;-1.87947;0.034;-6.52116;-6.28206;0.348838;1.8313
-7.83764;-10.3051;0.337516;-1.54838;0.039;-7.87249;-10.1615;0.83138;-2.70515
-6.73849;-9.60547;0.601255;2.57905;0.052;-7.72725;-9.46386;0.553266;0.374372
-10.8251;-6.43671;0.557492;-1.11506;0.021;-10.2578;-6.25861;0.234823;0.318375
-9.91236;-9.40169;0.819127;2.96133;0;-10.3635;-9.5773;0.736577;-1.55515
-5.81379;-9.98218;0.546186;2.87433;0.052;-6.73849;-9.60547;0.601255;2.57905
-14.376;-6.53092;0.72746;-0.161913;0.013;-14.3468;-6.6131;0.569904;2.6522
-11.4185;-10.1331;0.741985;-2.35023;0;-11.6056;-10.3213;0.711436;1.99175
-13.3446;-6.16057;0.667484;2.07206;0.008;-13.3319;-6.08777;0.607152;-0.663227
-8.09467;-9.62335;0.282177;-1.77406;0.039;-7.72725;-9.46386;0.553266;0.374372
-5.73502;-10.2482;0.709263;0.558916;0.052;-5.81379;-9.98218;0.546186;2.87433
-13.7417;-8.06871;0.407176;-2.50749;0.018;-13.828;-8.40629;0.155151;1.19287
-8.70473;-12.1992;0.633324;2.56463;0.084;-8.46379;-12.3139;0.556191;-2.95638
-7.52038;-7.96347;0.800889;2.1933;0.039;-7.32874;-7.98526;0.603576;1.07433
-11.3984;-11.7143;0.554644;-3.00602;0.046;-11.4954;-11.7032;0.409993;-0.0332507
-5.68929;-10.7069;0.483604;-1.60379;0.052;-5.73502;-10.2482;0.709263;0.558916
-12.1965;-5.81312;0.617198;-0.376598;0.019;-12.3441;-5.62473;0.492154;2.70287
-10.6987;-10.2268;0.635391;-0.304035;0;-11.0053;-10.2659;0.687649;2.38443
-13.5692;-7.78349;0.655391;-1.15504;0.012;-13.7696;-7.59987;0.801004;0.637704
-8.69753;-5.61823;0.296197;-1.79048;0.021;-8.36537;-5.60537;0.482423;2.35759
-5.78571;-6.20532;0.456541;2.66891;0.034;-5.85002;-6.37531;0.494739;-2.56311
-6.34643;-10.555;0.346077;1.59931;0.052;-5.68929;-10.7069;0.483604;-1.60379
-11.989;-10.6294;0.668961;-0.137118;0;-11.8904;-10.5344;0.32571;1.33099
-6.05515;-10.8605;0.267083;1.98988;0.052;-6.34643;-10.555;0.346077;1.59931
-14.3875;-10.9487;0.326125;2.35881;0;-14.511;-11.0713;0.588398;0.279464
-13.968;-11.0548;0.376062;-3.01396;0;-13.943;-11.1722;0.236691;0.438737
-12.8902;-7.51382;0.53136;1.30166;0.01;-12.5712;-7.84689;0.455799;-1.49481
-10.324;-5.83032;0.306484;1.95931;0.021;-10.3606;-5.72361;0.441149;-2.57093
-12.4005;-6.03732;0.762339;-3.10066;0.022;-12.1965;-5.81312;0.617198;-0.376598
-10.4367;-12.5213;0.316277;-1.94704;0;-10.5128;-12.6012;0.363158;-1.43653
-7.30751;-8.32243;0.504291;1.52992;0.047;-7.32874;-7.98526;0.603576;1.07433
-6.61826;-11.66;0.328617;2.61116;0.052;-6.05515;-10.8605;0.267083;1.98988
-8.17658;-10.0453;0.328667;2.09967;0.047;-7.83764;-10.3051;0.337516;-1.54838
-8.59478;-5.56633;0.517698;-0.771178;0.021;-8.36537;-5.60537;0.482423;2.35759
-10.0939;-11.7984;0.84937;1.01629;0.113;-10.4776;-12.1017;0.824635;1.72411
-9.93695;-10.1449;0.326259;2.58084;0;-10.0517;-10.1941;0.623004;-0.503438
-14.33;-8.20316;0.665156;1.19444;0.011;-14.5118;-8.00657;0.504712;-2.60153
-14.1309;-12.1895;0.777376;-2.43082;0;-14.3077;-12.5045;0.693805;0.841051
-8.38155;-6.01744;0.690565;1.2225;0.021;-8.36537;-5.60537;0.482423;2.35759
-13.8006;-9.86284;0.839986;2.04908;0;-13.7436;-9.85465;0.539071;2.22063
-14.4983;-12.337;0.458235;-2.91864;0;-14.5879;-12.5507;0.595904;-2.8428
-5.75523;-12.165;0.318411;-2.59093;0.052;-6.61826;-11.66;0.328617;2.61116
-5.94546;-12.4356;0.775715;-1.60327;0.052;-5.75523;-12.165;0.318411;-2.59093
-4.7565;-12.2073;0.346152;2.66894;0.052;-5.75523;-12.165;0.318411;-2.59093
-3.82514;-11.8432;0.34453;1.39547;0.053;-4.7565;-12.2073;0.346152;2.66894
-3.68228;-12.4629;0.750804;-1.42093;0.053;-3.82514;-11.8432;0.34453;1.39547
-8.07975;-5.68225;0.308215;-2.86587;0.021;-8.36537;-5.60537;0.482423;2.35759
-9.38382;-12.3129;0.262908;0.531758;0.187;-9.29753;-12.395;0.207446;1.03367
-5.75235;-7.56912;0.298234;0.297886;0.04;-5.75739;-7.60687;0.31327;-2.29078
-14.1575;-9.93855;0.450713;-1.887;0;-14.2442;-9.99804;0.592684;1.06287
-13.5209;-9.81987;0.155374;-2.40147;0;-13.7284;-9.8906;0.217515;1.40257
-6.9337;-9.56043;0.431674;1.9811;0.078;-6.73849;-9.60547;0.601255;2.57905
-10.1263;-9.353;0.72479;1.69791;0;-9.91236;-9.40169;0.819127;2.96133
-5.52228;-11.1883;0.425038;1.92182;0.052;-5.68929;-10.7069;0.483604;-1.60379
-13.6559;-9.79592;0.155484;-3.13267;0;-13.7284;-9.8906;0.217515;1.40257
-9.86234;-7.85848;0.472019;2.27478;0;-10.0916;-8.02809;0.604415;-1.57683
-9.80064;-8.89678;0.817373;-0.564609;0;-10.0753;-8.95003;0.475393;-0.662791
-6.86987;-5.62624;0.83826;-2.9631;0.021;-7.3661;-5.56803;0.474276;2.87347
-10.1312;-8.7958;0.842201;-0.924457;0;-9.80064;-8.89678;0.817373;-0.564609
-8.08931;-7.80836;0.427325;1.66818;0.039;-7.89458;-7.95031;0.585132;-1.53289
-6.93696;-5.79716;0.544605;1.63292;0.021;-6.86987;-5.62624;0.83826;-2.9631
-10.1328;-9.33988;0.450151;0.892819;0;-10.2223;-9.32271;0.280727;-2.9796
-9.35281;-11.9337;0.673533;2.30122;0.195;-9.40313;-12.2342;0.50763;0.196174
-9.68942;-9.88149;0.545843;-2.30935;0;-9.93695;-10.1449;0.326259;2.58084
-5.62457;-6.94013;0.70244;0.585742;0.034;-5.85002;-6.37531;0.494739;-2.56311
-3.52403;-10.8915;0.285615;1.61016;0.054;-3.82514;-11.8432;0.34453;1.39547
-12.6772;-10.5154;0.724101;0.0665995;0;-12.4886;-10.4549;0.535519;-2.76035
-7.56647;-10.2541;0.624375;-2.8784;0.039;-7.87249;-10.1615;0.83138;-2.70515
-4.22023;-10.3076;0.703277;2.06333;0.054;-3.52403;-10.8915;0.285615;1.61016
-14.3357;-8.3478;0.289741;2.81698;0.011;-14.33;-8.20316;0.665156;1.19444
-10.9547;-9.57532;0.190068;2.337;0;-11.2855;-9.65867;0.384513;-0.501757
-6.80968;-10.2087;0.675048;1.66516;0.071;-6.73849;-9.60547;0.601255;2.57905
-10.9954;-11.7017;0.471532;-1.85742;0.102;-11.0982;-11.931;0.683661;2.697
-8.5543;-12.082;0.679813;-3.06978;0.084;-8.70473;-12.1992;0.633324;2.56463
-4.07969;-12.3569;0.211922;-1.87616;0.053;-3.82514;-11.8432;0.34453;1.39547
-5.72883;-7.1812;0.516722;-0.213259;0.034;-5.62457;-6.94013;0.70244;0.585742
-8.18557;-9.8268;0.490976;-0.95351;0.047;-8.17658;-10.0453;0.328667;2.09967
-5.31468;-12.3703;0.350348;-1.71415;0.052;-5.75523;-12.165;0.318411;-2.59093
-8.49814;-12.0159;0.506213;2.04893;0.084;-8.5543;-12.082;0.679813;-3.06978
-10.9673;-10.2848;0.564816;-0.434779;0;-11.0053;-10.2659;0.687649;2.38443
-7.9549;-9.04873;0.658938;-0.164056;0.039;-7.72725;-9.46386;0.553266;0.374372
-4.94445;-12.24;0.775026;-2.03107;0.052;-4.7565;-12.2073;0.346152;2.66894
-5.91266;-7.48665;0.698067;-1.13819;0.034;-5.72883;-7.1812;0.516722;-0.213259
-12.5844;-9.68595;0.523921;-0.95954;0;-12.531;-9.73475;0.345313;-1.91921
-13.8989;-7.1579;0.443431;2.5518;0.008;-14.2347;-7.29261;0.598112;-2.7445
-5.74139;-6.4886;0.720453;-0.864481;0.034;-5.85002;-6.37531;0.494739;-2.56311
-13.1292;-9.60838;0.650678;0.7321;0;-13.3559;-9.58446;0.560373;0.729561
-5.63118;-9.83148;0.208901;0.455622;0.052;-5.81379;-9.98218;0.546186;2.87433
-11.3985;-6.25456;0.331598;-2.01371;0.021;-11.6593;-6.21958;0.511121;1.11294
-12.4604;-10.0222;0.40021;-1.1323;0;-12.2681;-10.1244;0.501084;-2.53134
-11.1454;-12.0615;0.250744;-1.77443;0.03;-11.2989;-12.2415;0.418101;0.823779
-13.6729;-10.6773;0.267543;0.310398;0.12;-13.6948;-10.9204;0.471335;-1.56832
-4.41134;-11.6948;0.318286;1.81583;0.054;-3.82514;-11.8432;0.34453;1.39547
-9.67562;-6.05031;0.697194;2.51062;0.021;-9.36173;-5.69025;0.475281;0.834456
-13.3913;-10.3686;0.482003;-0.49882;0;-13.2879;-10.3004;0.643597;-3.03657
-6.56186;-5.6428;0.173515;2.19847;0.021;-6.36735;-5.51957;0.487005;0.962293
-13.0833;-12.1688;0.770795;2.18665;0;-13.6548;-12.484;0.8089;-2.75062
-5.77957;-11.4682;0.563186;3.13924;0.052;-5.52228;-11.1883;0.425038;1.92182
-6.58064;-11.0166;0.693448;1.44106;0.052;-6.34643;-10.555;0.346077;1.59931
-8.58016;-6.35378;0.793914;2.52963;0.021;-8.38155;-6.01744;0.690565;1.2225
-7.72419;-5.93477;0.308202;2.80042;0.021;-8.07975;-5.68225;0.308215;-2.86587
-10.3563;-9.68396;0.533763;-0.165596;0;-10.234;-9.53714;0.469877;0.447104
-14.2321;-7.90278;0.536022;-2.76026;0.008;-14.2407;-7.71441;0.653434;-1.65366
-8.05229;-12.0703;0.626274;1.09505;0.126;-8.07398;-12.1451;0.531896;-2.08342
-5.62402;-7.63526;0.408848;1.95877;0.04;-5.75739;-7.60687;0.31327;-2.29078
-7.6515;-10.3479;0.664887;2.60804;0.039;-7.56647;-10.2541;0.624375;-2.8784
-3.69326;-9.45868;0.663148;2.50875;0.054;-4.22023;-10.3076;0.703277;2.06333
-6.2819;-6.25811;0.619062;0.22757;0.034;-6.52116;-6.28206;0.348838;1.8313
-10.0104;-10.2725;0.60057;-2.8654;0;-10.0517;-10.1941;0.623004;-0.503438
-10.6222;-5.74987;0.430435;-1.76215;0.021;-10.3606;-5.72361;0.441149;-2.57093
-8.13074;-9.90018;0.659382;0.0129315;0.047;-8.18557;-9.8268;0.490976;-0.95351
-11.7007;-8.15425;0.583704;1.09138;0.03;-11.6635;-8.15933;0.570972;3.08877
-3.27211;-8.55285;0.708901;-0.173143;0.054;-3.69326;-9.45868;0.663148;2.50875
-2.41995;-8.02973;0.695458;-0.808948;0.054;-3.27211;-8.55285;0.708901;-0.173143
-4.37598;-10.0424;0.4119;0.634949;0.054;-4.22023;-10.3076;0.703277;2.06333
-7.88017;-10.1077;0.270397;-0.743831;0.039;-7.83764;-10.3051;0.337516;-1.54838
-13.8613;-10.5943;0.710695;-2.51526;0.149;-14.0488;-10.7113;0.578807;-0.208282
-10.5217;-9.68121;0.457353;0.717332;0;-10.3563;-9.68396;0.533763;-0.165596
-14.079;-12.5349;0.521726;1.64405;0;-14.2414;-12.4857;0.342742;2.41544
-12.2015;-6.62359;0.692006;1.25218;0.021;-11.797;-6.35867;0.58323;0.923168
-10.4703;-9.67628;0.6252;-2.42864;0;-10.3563;-9.68396;0.533763;-0.165596
-13.608;-7.9155;0.752327;0.713145;0.014;-13.5692;-7.78349;0.655391;-1.15504
-12.6598;-7.81304;0.780539;-2.24912;0.008;-12.5712;-7.84689;0.455799;-1.49481
-14.6674;-6.28537;0.629274;2.83198;0.021;-14.5512;-6.36883;0.341557;-1.07193
-1.90246;-8.87757;0.57984;-0.393424;0.054;-2.41995;-8.02973;0.695458;-0.808948
-7.58328;-8.77283;0.835987;2.34034;0.039;-7.9549;-9.04873;0.658938;-0.164056
-8.34765;-6.32146;0.565078;-2.42241;0.021;-8.58016;-6.35378;0.793914;2.52963
-12.216;-9.68602;0.2164;0.409062;0;-12.3658;-9.67893;0.206878;2.81643
-10.1021;-9.3863;0.784503;1.79062;0;-10.1263;-9.353;0.72479;1.69791
-5.55747;-12.5553;0.326938;-3.03893;0.052;-5.31468;-12.3703;0.350348;-1.71415
-6.4091;-11.486;0.484245;3.01336;0.052;-6.61826;-11.66;0.328617;2.61116
-1.69558;-9.85526;0.543418;-1.75793;0.054;-1.90246;-8.87757;0.57984;-0.393424
-6.14263;-10.7255;0.445612;-2.20963;0.052;-6.05515;-10.8605;0.267083;1.98988
-14.5321;-11.5593;0.450998;2.86347;0;-14.4187;-11.3974;0.200544;0.532138
-9.67974;-8.30901;0.487577;0.504519;0;-9.79089;-8.12299;0.678969;2.29171
-7.13406;-8.68863;0.512838;-2.7275;0.047;-7.30751;-8.32243;0.504291;1.52992
-7.32247;-9.66543;0.78151;-1.07637;0.123;-7.72725;-9.46386;0.553266;0.374372
-1.81394;-7.94426;0.847834;2.98485;0.054;-2.41995;-8.02973;0.695458;-0.808948
-11.8085;-6.36528;0.300708;-0.242203;0.021;-11.8011;-6.24062;0.52999;2.83075
-13.7412;-9.8811;0.599514;1.30101;0;-13.7436;-9.85465;0.539071;2.22063
-13.4536;-6.08595;0.455047;1.80999;0.008;-13.3319;-6.08777;0.607152;-0.663227
-6.3134;-7.74356;0.387216;1.08517;0.039;-6.6147;-8.05438;0.42387;0.458686
-4.38625;-9.53998;0.41853;-2.97908;0.054;-4.37598;-10.0424;0.4119;0.634949
-3.64173;-12.3707;0.286709;1.78549;0.054;-4.07969;-12.3569;0.211922;-1.87616
-12.9783;-12.1517;0.173835;0.766978;0;-13.2107;-12.7051;0.182297;-1.65883
-10.6611;-12.4363;0.759012;2.7742;0.095;-10.6215;-12.5352;0.624014;1.14249
-14.402;-8.09011;0.439455;1.77562;0.008;-14.5118;-8.00657;0.504712;-2.60153
-3.18161;-7.90525;0.633598;-0.18053;0.054;-3.27211;-8.55285;0.708901;-0.173143
-13.9034;-10.9409;0.837134;-2.15048;0.154;-14.1496;-10.8653;0.814792;-2.40193
-14.4798;-6.30551;0.652098;-1.32602;0.031;-14.6674;-6.28537;0.629274;2.83198
-8.73722;-5.88664;0.547562;-2.57257;0.021;-8.59478;-5.56633;0.517698;-0.771178
-11.8983;-8.25502;0.288636;0.925317;0.008;-12.0054;-8.26151;0.492315;-1.58071
-11.78;-9.78534;0.332594;-2.04764;0;-12.0326;-9.8935;0.498797;-2.83569
-10.9023;-10.3163;0.524886;-0.311753;0;-10.9673;-10.2848;0.564816;-0.434779
-8.69069;-6.10716;0.69782;-1.713;0.021;-8.73722;-5.88664;0.547562;-2.57257
-9.34779;-12.274;0.160061;2.17689;0.187;-9.38382;-12.3129;0.262908;0.531758
-3.47127;-10.9992;0.58562;3.03054;0.054;-3.52403;-10.8915;0.285615;1.61016
-7.1323;-10.3297;0.219298;-2.25374;0.071;-6.80968;-10.2087;0.675048;1.66516
-12.731;-5.65401;0.525385;1.95092;0.019;-12.4501;-5.62735;0.504888;-2.67902
-13.3414;-11.3301;0.500813;0.66118;0;-13.3532;-11.493;0.617897;-1.93695
-7.90292;-11.851;0.716351;0.592193;0.127;-8.05229;-12.0703;0.626274;1.09505
-12.8415;-7.55848;0.351369;0.0702766;0.01;-12.8902;-7.51382;0.53136;1.30166
-6.85904;-7.99944;0.486697;0.616798;0.039;-6.6147;-8.05438;0.42387;0.458686
-8.11319;-12.0629;0.399162;-1.85942;0.121;-8.07398;-12.1451;0.531896;-2.08342
-14.0973;-7.80014;0.448477;-0.925915;0.008;-14.2321;-7.90278;0.536022;-2.76026
-13.5435;-10.5028;0.48538;-2.03941;0;-13.65;-10.5402;0.553496;0.839896
-12.623;-9.51067;0.722081;-2.61455;0;-12.5844;-9.68595;0.523921;-0.95954
-10.2861;-8.71211;0.726767;0.57573;0;-10.1312;-8.7958;0.842201;-0.924457
-14.3749;-6.97689;0.264654;-1.68258;0.016;-14.4715;-7.17735;0.676342;1.2232
-9.24171;-12.402;0.233286;0.436251;0.215;-9.29753;-12.395;0.207446;1.03367
-4.04156;-10.0875;0.755378;1.35171;0.054;-4.22023;-10.3076;0.703277;2.06333
-1.55688;-10.828;0.729506;-0.783486;0.054;-1.69558;-9.85526;0.543418;-1.75793
-10.4535;-8.82036;0.453369;-0.406849;0;-10.4129;-8.97484;0.624534;-0.799228
-11.6339;-5.80035;0.500228;1.09394;0.019;-11.3469;-5.55945;0.456738;0.966806
-1.6253;-8.01263;0.448983;0.676777;0.054;-1.81394;-7.94426;0.847834;2.98485
-11.7958;-9.92419;0.270924;-0.51868;0;-11.78;-9.78534;0.332594;-2.04764
-13.6053;-6.28957;0.839085;-1.46806;0.008;-13.3446;-6.16057;0.667484;2.07206
-7.77589;-6.1884;0.459474;2.73413;0.021;-7.72419;-5.93477;0.308202;2.80042
-13.4803;-6.77101;0.749662;1.09203;0.01;-13.4651;-7.07851;0.63332;-2.12742
-7.31438;-6.33226;0.360833;1.07567;0.021;-7.77589;-6.1884;0.459474;2.73413
-6.46611;-10.3768;0.379022;-2.96795;0.052;-6.34643;-10.555;0.346077;1.59931
-14.0005;-11.3976;0.42671;1.5087;0;-13.8551;-11.1678;0.502929;-1.96431
-6.43391;-11.3229;0.836307;-3.09271;0.052;-6.58064;-11.0166;0.693448;1.44106
-12.8055;-8.00399;0.587489;-2.15559;0.008;-12.7212;-8.14093;0.551719;-0.767578
-6.4051;-7.0784;0.697522;-2.6741;0.039;-6.35375;-7.23487;0.580904;-2.48645
-13.9273;-5.91657;0.319372;-0.192707;0.008;-13.8877;-5.90145;0.459573;2.4149
-2.96811;-7.79481;0.471486;-0.20489;0.054;-3.18161;-7.90525;0.633598;-0.18053
-14.3174;-10.8414;0.763364;1.15579;0.154;-14.1923;-10.9096;0.669837;-1.33761
-14.3937;-11.8457;0.647387;-1.92801;0.154;-14.1864;-11.6902;0.720749;-1.34239
-10.3026;-9.91552;0.478045;1.89257;0;-10.3563;-9.68396;0.533763;-0.165596
-13.0382;-12.3296;0.353495;-1.90924;0;-12.9783;-12.1517;0.173835;0.766978
-6.23151;-6.51518;0.73686;2.89258;0.034;-6.2819;-6.25811;0.619062;0.22757
-5.90696;-12.3763;0.76532;1.67058;0.052;-5.94546;-12.4356;0.775715;-1.60327
-12.3648;-9.59317;0.488223;2.9524;0;-12.5844;-9.68595;0.523921;-0.95954
-7.63868;-6.36061;0.271894;2.55752;0.021;-7.77589;-6.1884;0.459474;2.73413
-13.9485;-7.80727;0.468174;-0.168958;0.008;-14.0973;-7.80014;0.448477;-0.925915
-6.82522;-8.1846;0.497604;-1.84257;0.039;-6.85904;-7.99944;0.486697;0.616798
-2.92879;-7.86495;0.209698;1.95137;0.054;-2.96811;-7.79481;0.471486;-0.20489
-8.18716;-9.71324;0.152731;0.127114;0.039;-8.09467;-9.62335;0.282177;-1.77406
-13.769;-6.23662;0.426813;0.264572;0.008;-13.4536;-6.08595;0.455047;1.80999
-14.5211;-10.313;0.48506;0.543931;0.022;-14.6142;-10.5028;0.582702;-0.903722
-4.30617;-8.84965;0.25524;-2.04052;0.055;-4.38625;-9.53998;0.41853;-2.97908
-6.4885;-7.28171;0.252742;1.8551;0.039;-6.35375;-7.23487;0.580904;-2.48645
-10.7183;-5.85324;0.261884;2.31532;0.021;-10.6222;-5.74987;0.430435;-1.76215
-2.88555;-7.86881;0.536595;0.929539;0.054;-2.96811;-7.79481;0.471486;-0.20489
-3.92677;-10.5366;0.433502;-1.79244;0.054;-4.22023;-10.3076;0.703277;2.06333
-14.4133;-6.2825;0.828814;2.57797;0.031;-14.4798;-6.30551;0.652098;-1.32602
-13.0138;-9.812;0.25184;-1.40436;0;-13.262;-9.66727;0.448996;-0.887688
-14.185;-6.89473;0.666259;1.87339;0.01;-14.3468;-6.6131;0.569904;2.6522
-5.53674;-9.75225;0.803602;-1.09554;0.052;-5.81379;-9.98218;0.546186;2.87433
-1.12807;-11.6465;0.347184;-2.06238;0.054;-1.55688;-10.828;0.729506;-0.783486
-0.133096;-11.5466;0.355382;-2.5655;0.054;-1.12807;-11.6465;0.347184;-2.06238
-8.44254;-12.0902;0.312785;-0.0570492;0.193;-8.49814;-12.0159;0.506213;2.04893
-6.09112;-6.98989;0.477405;-2.7369;0.056;-6.35375;-7.23487;0.580904;-2.48645
-5.81666;-7.74092;0.634037;-0.207586;0.034;-5.91266;-7.48665;0.698067;-1.13819
-13.8135;-8.4388;0.449055;-1.65816;0.018;-13.828;-8.40629;0.155151;1.19287
-10.3309;-9.50166;0.161976;1.1985;0;-10.1369;-9.5142;0.290612;-1.56974
-1.38624;-11.7035;0.565151;3.0739;0.054;-1.12807;-11.6465;0.347184;-2.06238
-12.4348;-8.34183;0.5131;2.79668;0.019;-12.7212;-8.14093;0.551719;-0.767578
-14.5594;-10.3509;0.768218;2.86417;0.022;-14.6142;-10.5028;0.582702;-0.903722
-10.4906;-9.86711;0.400207;2.10596;0;-10.5217;-9.68121;0.457353;0.717332
-8.05302;-9.16824;0.30926;-1.08604;0.039;-7.9549;-9.04873;0.658938;-0.164056
-5.57488;-11.5557;0.29976;1.65485;0.052;-5.77957;-11.4682;0.563186;3.13924
-10.452;-12.4168;0.278572;2.43367;0.016;-10.4367;-12.5213;0.316277;-1.94704
-4.24379;-10.6902;0.425989;-1.0849;0.054;-3.92677;-10.5366;0.433502;-1.79244
-3.01425;-7.86556;0.707931;-1.09009;0.054;-3.18161;-7.90525;0.633598;-0.18053
-8.34346;-11.8087;0.312513;-1.08002;0.141;-8.49771;-11.6518;0.424982;2.36427
-14.2582;-11.3096;0.553399;0.561494;0;-14.0005;-11.3976;0.42671;1.5087
-4.53536;-12.5547;0.670169;-2.61985;0.052;-4.7565;-12.2073;0.346152;2.66894
-2.61351;-8.14878;0.625676;-0.933715;0.054;-2.41995;-8.02973;0.695458;-0.808948
-9.16303;-5.5953;0.287128;1.04403;0.021;-9.36173;-5.69025;0.475281;0.834456
-10.6677;-8.27936;0.612413;-1.54971;0;-10.5233;-8.35633;0.515338;1.99311
-13.7795;-11.7647;0.19783;-0.153175;0.157;-13.8631;-11.8669;0.38099;2.12319
-6.70643;-8.34644;0.305482;2.62636;0.06;-6.82522;-8.1846;0.497604;-1.84257
-6.70215;-8.29395;0.253929;-3.08882;0.06;-6.70643;-8.34644;0.305482;2.62636
-0.165932;-11.4664;0.54574;-0.721145;0.054;-0.133096;-11.5466;0.355382;-2.5655
-10.6406;-8.98675;0.769769;0.269826;0;-10.4129;-8.97484;0.624534;-0.799228
-8.12522;-10.4578;0.626149;1.19347;0.046;-7.83764;-10.3051;0.337516;-1.54838
-7.9011;-7.65184;0.657189;-0.786454;0.039;-8.03339;-7.62667;0.707264;-0.723576
-9.25509;-12.6234;0.22615;-1.01232;0.319;-9.45115;-12.5716;0.22019;0.164946
-1.43062;-11.5166;0.810968;-2.64108;0.054;-1.38624;-11.7035;0.565151;3.0739
-3.92814;-8.88252;0.658277;-2.5921;0.055;-4.30617;-8.84965;0.25524;-2.04052
-3.89402;-12.1464;0.384342;1.40253;0.054;-3.82514;-11.8432;0.34453;1.39547
-7.89573;-6.45038;0.318406;2.18934;0.021;-7.63868;-6.36061;0.271894;2.55752
-14.4822;-12.5862;0.37382;-2.96844;0;-14.6206;-12.4807;0.215097;2.7999
-10.4649;-11.8088;0.480645;-2.18112;0.123;-10.4956;-11.7074;0.426147;0.484584
-12.5877;-9.58696;0.43598;-0.7269;0;-12.5844;-9.68595;0.523921;-0.95954
-10.8755;-11.8262;0.462756;-2.36264;0.231;-10.9954;-11.7017;0.471532;-1.85742
-7.8476;-9.98017;0.839506;-0.847591;0.039;-7.87249;-10.1615;0.83138;-2.70515
-11.4833;-7.93529;0.8233;1.06046;0.03;-11.6635;-8.15933;0.570972;3.08877
-13.9618;-11.6665;0.309413;2.14202;0;-13.8631;-11.8669;0.38099;2.12319
-5.10672;-11.9423;0.762982;-2.53197;0.052;-4.94445;-12.24;0.775026;-2.03107
-5.90533;-11.7521;0.153418;2.61357;0.052;-5.57488;-11.5557;0.29976;1.65485
-13.0736;-10.0292;0.701958;1.90886;0;-12.8456;-9.9957;0.663464;2.64044
-13.7222;-7.18439;0.214004;2.87749;0.008;-13.8989;-7.1579;0.443431;2.5518
-10.3521;-12.5473;0.691333;0.562586;0.113;-10.2548;-12.3414;0.764898;-2.38939
-8.03112;-9.75574;0.815772;1.19119;0.075;-8.13074;-9.90018;0.659382;0.0129315
-8.66819;-12.6262;0.295821;2.63025;0.085;-9.08033;-12.5098;0.335238;2.65176
-3.288;-7.9352;0.765059;1.92724;0.054;-3.18161;-7.90525;0.633598;-0.18053
-13.8308;-10.2251;0.702888;-2.22764;0;-13.9179;-10.362;0.578051;-1.94706
-13.612;-8.07404;0.406766;-1.27244;0.018;-13.7417;-8.06871;0.407176;-2.50749
-3.76272;-10.6086;0.182012;-0.11106;0.054;-3.92677;-10.5366;0.433502;-1.79244
-9.64101;-6.36304;0.225189;-2.37818;0.021;-9.67562;-6.05031;0.697194;2.51062
-13.1599;-11.5624;0.775075;-2.81906;0;-13.3532;-11.493;0.617897;-1.93695
-11.0585;-12.4888;0.688719;1.17789;0;-10.8922;-12.3021;0.806742;-0.381145
-9.02376;-6.00111;0.204096;-2.61766;0.021;-9.02107;-5.97404;0.203599;-1.71925
-7.89864;-11.7808;0.5049;0.48711;0.135;-7.90292;-11.851;0.716351;0.592193
-12.3291;-7.93772;0.429702;-2.69666;0.017;-12.2444;-7.87911;0.523379;-2.59721
0.496906;-10.7187;0.586018;-2.28104;0.054;-0.165932;-11.4664;0.54574;-0.721145
-9.72842;-10.478;0.706385;-1.44013;0;-10.0104;-10.2725;0.60057;-2.8654
-9.95706;-5.71015;0.69311;-2.78859;0.021;-9.67562;-6.05031;0.697194;2.51062
-1.3688;-12.1932;0.428392;-1.92049;0.054;-1.38624;-11.7035;0.565151;3.0739
-11.6806;-6.47621;0.692409;-0.764682;0.021;-11.797;-6.35867;0.58323;0.923168
-3.2714;-8.25384;0.72132;-1.87487;0.055;-3.27211;-8.55285;0.708901;-0.173143
-13.7748;-7.32869;0.775606;-0.630302;0.012;-13.7696;-7.59987;0.801004;0.637704
-5.41609;-12.0216;0.191607;-0.0802565;0.052;-5.75523;-12.165;0.318411;-2.59093
-2.05856;-12.5501;0.311556;1.97404;0.054;-1.3688;-12.1932;0.428392;-1.92049
0.679735;-9.75696;0.790084;0.395473;0.054;0.496906;-10.7187;0.586018;-2.28104
-10.541;-12.5724;0.524812;-1.3615;0;-10.6215;-12.5352;0.624014;1.14249
-3.66116;-12.117;0.631626;2.79445;0.054;-3.89402;-12.1464;0.384342;1.40253
-14.6063;-12.2781;0.362138;-1.22392;0;-14.4983;-12.337;0.458235;-2.91864
-0.732293;-11.7688;0.207464;0.592184;0.066;-1.12807;-11.6465;0.347184;-2.06238
-13.6768;-7.40556;0.526187;1.75797;0.014;-13.7748;-7.32869;0.775606;-0.630302
-6.09805;-12.5502;0.734835;-0.377561;0.052;-5.94546;-12.4356;0.775715;-1.60327
-6.11865;-7.48835;0.733954;-2.19383;0.034;-5.91266;-7.48665;0.698067;-1.13819
-5.83862;-12.3132;0.464885;0.579774;0.052;-5.75523;-12.165;0.318411;-2.59093
-14.6624;-12.4236;0.773014;-0.183218;0.153;-14.5879;-12.5507;0.595904;-2.8428
-7.72811;-8.71445;0.373394;-2.91699;0.039;-7.58328;-8.77283;0.835987;2.34034
-13.9071;-7.10109;0.552081;-2.11318;0.008;-13.8989;-7.1579;0.443431;2.5518
-8.57447;-6.44324;0.185747;2.94539;0.021;-8.34765;-6.32146;0.565078;-2.42241
-8.04678;-5.62304;0.179343;0.548582;0.021;-8.07975;-5.68225;0.308215;-2.86587
0.421025;-9.4411;0.803985;0.151794;0.054;0.679735;-9.75696;0.790084;0.395473
-2.19712;-10.4701;0.720148;0.502444;0.054;-1.55688;-10.828;0.729506;-0.783486
-7.20857;-9.03615;0.423311;1.16576;0.073;-7.13406;-8.68863;0.512838;-2.7275
-2.90671;-8.45714;0.328814;3.10756;0.054;-2.61351;-8.14878;0.625676;-0.933715
0.129003;-11.4406;0.54841;2.73181;0.054;-0.165932;-11.4664;0.54574;-0.721145
-13.8043;-7.42003;0.459032;-2.61022;0.014;-13.6768;-7.40556;0.526187;1.75797
-8.35675;-10.3545;0.576036;0.557375;0.054;-8.12522;-10.4578;0.626149;1.19347
0.204633;-9.94446;0.440576;-0.541312;0.054;0.679735;-9.75696;0.790084;0.395473
-14.0818;-11.9919;0.365963;-1.58355;0;-14.215;-11.9797;0.31191;-2.00799
-1.52196;-11.3993;0.836905;-1.20361;0.054;-1.43062;-11.5166;0.810968;-2.64108
-2.02696;-9.53354;0.27036;3.0044;0.054;-1.69558;-9.85526;0.543418;-1.75793
-3.70772;-7.90216;0.708005;1.0807;0.054;-3.288;-7.9352;0.765059;1.92724
0.259393;-9.85103;0.592866;-2.26059;0.054;0.204633;-9.94446;0.440576;-0.541312
0.864273;-8.54807;0.726266;2.18929;0.054;0.421025;-9.4411;0.803985;0.151794
-0.979034;-11.5461;0.538158;-0.214762;0.054;-1.12807;-11.6465;0.347184;-2.06238
1.48616;-7.77048;0.633507;-1.99931;0.187;0.864273;-8.54807;0.726266;2.18929
-12.762;-11.9366;0.843236;-2.29493;0;-12.4233;-11.8322;0.759931;-0.528073
2.37133;-8.23403;0.593767;2.50127;0.187;1.48616;-7.77048;0.633507;-1.99931
3.11948;-7.57052;0.589363;2.0227;0.187;2.37133;-8.23403;0.593767;2.50127
-14.212;-10.8671;0.755955;-0.209737;0.299;-14.1496;-10.8653;0.814792;-2.40193
4.10191;-7.38536;0.612765;0.0626897;0.187;3.11948;-7.57052;0.589363;2.0227
4.42889;-6.44035;0.618633;-3.0424;0.187;4.10191;-7.38536;0.612765;0.0626897
4.29138;-5.4499;0.608938;-2.11026;0.187;4.42889;-6.44035;0.618633;-3.0424
4.21005;-4.45321;0.610352;2.21463;0.187;4.29138;-5.4499;0.608938;-2.11026
-13.9486;-6.02624;0.270654;2.98463;0.008;-13.9273;-5.91657;0.319372;-0.192707
-6.34247;-12.2849;0.710564;1.03218;0.052;-6.09805;-12.5502;0.734835;-0.377561
3.43161;-3.82628;0.6418;2.54183;0.187;4.21005;-4.45321;0.610352;2.21463
2.44249;-3.68096;0.664892;-1.76307;0.187;3.43161;-3.82628;0.6418;2.54183
4.5775;-8.26469;0.588269;-1.46187;0.364;4.10191;-7.38536;0.612765;0.0626897
-9.88675;-11.902;0.304013;-3.00507;0.464;-10.0096;-12.0125;0.16378;-1.53964
-8.07743;-9.69316;0.57797;-1.58198;0.047;-8.18557;-9.8268;0.490976;-0.95351
-4.43163;-10.9193;0.435205;-1.76892;0.054;-4.24379;-10.6902;0.425989;-1.0849
4.49233;-3.93884;0.516565;-1.64246;0.187;4.21005;-4.45321;0.610352;2.21463
4.14996;-6.82314;0.256852;-1.78432;0.227;4.42889;-6.44035;0.618633;-3.0424
-0.328099;-9.15465;0.786812;0.141215;0.054;0.421025;-9.4411;0.803985;0.151794
-6.02817;-6.97793;0.733448;2.92384;0.056;-6.09112;-6.98989;0.477405;-2.7369
-10.8512;-11.8262;0.397573;0.640221;0.231;-10.8755;-11.8262;0.462756;-2.36264
-4.24842;-8.02732;0.42942;0.796127;0.054;-3.70772;-7.90216;0.708005;1.0807
-7.91116;-6.44416;0.727997;1.06704;0.021;-7.77589;-6.1884;0.459474;2.73413
-10.8025;-7.54585;0.616289;-0.977436;0;-10.6443;-7.53751;0.369587;1.45535
-1.6441;-7.92755;0.626868;-0.0768366;0.054;-1.6253;-8.01263;0.448983;0.676777
3.63703;-7.38712;0.812303;0.486435;0.187;4.10191;-7.38536;0.612765;0.0626897
-7.97847;-8.04395;0.15529;0.398536;0.058;-8.08931;-7.80836;0.427325;1.66818
-9.59062;-8.20597;0.505515;-2.30199;0;-9.67974;-8.30901;0.487577;0.504519
-2.1154;-10.8189;0.482718;3.12854;0.054;-2.19712;-10.4701;0.720148;0.502444
-14.4276;-6.40872;0.45435;-0.389398;0.025;-14.5512;-6.36883;0.341557;-1.07193
1.75194;-8.27077;0.261082;-1.86281;0.373;1.48616;-7.77048;0.633507;-1.99931
-5.73197;-7.7123;0.588237;-2.28416;0.034;-5.81666;-7.74092;0.634037;-0.207586
2.02674;-4.59037;0.676127;0.96805;0.187;2.44249;-3.68096;0.664892;-1.76307
-6.22081;-12.2993;0.366486;2.88052;0.052;-6.34247;-12.2849;0.710564;1.03218
3.69728;-8.27812;0.300811;-2.72106;0.364;4.5775;-8.26469;0.588269;-1.46187
3.42769;-3.9054;0.351273;-0.865819;0.187;3.43161;-3.82628;0.6418;2.54183
-10.9811;-9.70422;0.260483;1.49105;0;-10.9547;-9.57532;0.190068;2.337
-4.20048;-8.11055;0.680311;-2.18844;0.054;-4.24842;-8.02732;0.42942;0.796127
-2.4149;-8.16528;0.473551;1.22906;0.054;-2.61351;-8.14878;0.625676;-0.933715
3.83965;-5.00649;0.460223;0.65433;0.187;4.29138;-5.4499;0.608938;-2.11026
-12.0702;-6.59579;0.756104;2.32561;0.023;-12.2015;-6.62359;0.692006;1.25218
-6.22084;-12.2758;0.22918;1.62798;0.052;-6.22081;-12.2993;0.366486;2.88052
-11.759;-6.17851;0.410683;-1.20855;0.021;-11.8011;-6.24062;0.52999;2.83075
-14.0547;-11.7371;0.641332;-3.06803;0.154;-14.1864;-11.6902;0.720749;-1.34239
-8.39508;-9.45266;0.41747;-0.97638;0.039;-8.09467;-9.62335;0.282177;-1.77406
-8.37708;-11.9361;0.419191;1.01181;0.089;-8.49814;-12.0159;0.506213;2.04893
1.59696;-5.18723;0.168702;2.98565;0.187;2.02674;-4.59037;0.676127;0.96805
-6.13019;-9.90087;0.656278;-1.06734;0.052;-5.81379;-9.98218;0.546186;2.87433
-11.4599;-7.70787;0.66359;-1.51654;0;-11.2636;-7.68414;0.52477;-0.177451
-3.84655;-10.7957;0.379549;-1.69618;0.054;-3.92677;-10.5366;0.433502;-1.79244
-4.4607;-12.2158;0.840755;-0.209337;0.052;-4.53536;-12.5547;0.670169;-2.61985
0.805852;-5.76811;0.360335;0.396347;0.187;1.59696;-5.18723;0.168702;2.98565
-5.89681;-6.50421;0.616808;-2.86779;0.045;-5.85002;-6.37531;0.494739;-2.56311
-10.6766;-9.38273;0.486319;2.39708;0;-10.6459;-9.41809;0.466879;-1.46762
-10.2123;-9.5134;0.718267;0.406595;0;-10.3635;-9.5773;0.736577;-1.55515
-10.4969;-10.129;0.188539;-2.55963;0;-10.4906;-9.86711;0.400207;2.10596
4.65931;-7.90891;0.766356;0.228865;0.364;4.5775;-8.26469;0.588269;-1.46187
-8.98175;-5.9539;0.395734;1.99932;0.021;-9.02107;-5.97404;0.203599;-1.71925
-11.7087;-9.889;0.632409;1.06744;0;-11.78;-9.78534;0.332594;-2.04764
1.98119;-4.59819;0.325153;1.66197;0.187;2.02674;-4.59037;0.676127;0.96805
-13.3417;-8.06183;0.676274;-1.59616;0.008;-13.2172;-8.04598;0.683826;-1.17672
0.403579;-12.2382;0.400884;-2.63706;0.054;0.129003;-11.4406;0.54841;2.73181
-5.88058;-7.90518;0.814935;0.291543;0.034;-5.81666;-7.74092;0.634037;-0.207586
-5.82098;-11.0646;0.451515;1.108;0.052;-5.52228;-11.1883;0.425038;1.92182
-13.6521;-8.36483;0.216586;2.60238;0.022;-13.828;-8.40629;0.155151;1.19287
-4.20528;-12.5217;0.518363;2.77967;0.052;-4.53536;-12.5547;0.670169;-2.61985
3.57661;-3.85706;0.422199;-0.743674;0.187;3.42769;-3.9054;0.351273;-0.865819
-5.74933;-6.61366;0.194796;-1.63584;0.034;-5.85002;-6.37531;0.494739;-2.56311
4.53827;-6.92154;0.676406;0.706394;0.187;4.42889;-6.44035;0.618633;-3.0424
-10.4776;-7.6892;0.323377;-1.04194;0;-10.4187;-7.6471;0.356759;-0.532013
-14.2902;-6.17788;0.260055;-1.41995;0.036;-14.4276;-6.40872;0.45435;-0.389398
0.360516;-9.95864;0.346242;2.38266;0.054;0.204633;-9.94446;0.440576;-0.541312
-12.6489;-9.5212;0.301183;-2.03741;0;-12.5877;-9.58696;0.43598;-0.7269
2.28236;-5.87209;0.41606;-1.73272;0.187;1.59696;-5.18723;0.168702;2.98565
-13.804;-11.8253;0.533997;-0.253974;0.158;-13.8631;-11.8669;0.38099;2.12319
-7.67816;-10.1901;0.431403;-1.51259;0.039;-7.83764;-10.3051;0.337516;-1.54838
-7.56644;-6.34188;0.591331;-0.689588;0.021;-7.77589;-6.1884;0.459474;2.73413
3.62464;-6.34854;0.402535;-1.4422;0.227;4.14996;-6.82314;0.256852;-1.78432
-12.604;-6.03789;0.557857;0.426872;0.019;-12.679;-6.16805;0.517936;2.81199
-8.96904;-5.85096;0.577383;3.05107;0.021;-8.98175;-5.9539;0.395734;1.99932
-5.98553;-5.63999;0.412569;-0.310786;0.021;-6.36735;-5.51957;0.487005;0.962293
-14.612;-11.5173;0.699928;0.970133;0;-14.5321;-11.5593;0.450998;2.86347
-13.524;-6.19692;0.514822;0.569474;0.008;-13.4536;-6.08595;0.455047;1.80999
-7.573;-8.60774;0.598396;-0.471104;0.039;-7.58328;-8.77283;0.835987;2.34034
-8.29859;-12.1159;0.250805;2.23171;0.193;-8.44254;-12.0902;0.312785;-0.0570492
-1.59155;-9.97095;0.474382;-3.04097;0.054;-1.69558;-9.85526;0.543418;-1.75793
1.91971;-7.70338;0.847544;0.750255;0.187;1.48616;-7.77048;0.633507;-1.99931
4.13147;-4.19234;0.592249;1.39323;0.187;4.21005;-4.45321;0.610352;2.21463
-13.5771;-8.16054;0.637252;-2.71214;0.018;-13.612;-8.07404;0.406766;-1.27244
-12.8585;-10.075;0.261128;1.62385;0;-13.0138;-9.812;0.25184;-1.40436
-14.0655;-6.72806;0.613387;0.584845;0.012;-14.185;-6.89473;0.666259;1.87339
-9.94963;-12.5201;0.479545;-2.37424;0.415;-9.9505;-12.2067;0.376128;0.418437
-6.23317;-7.95629;0.775272;-2.25169;0.034;-5.88058;-7.90518;0.814935;0.291543
-12.0511;-9.68943;0.775155;-0.903303;0;-12.084;-9.87958;0.745027;1.51262
-13.5326;-6.65299;0.385285;-1.16034;0.013;-13.4803;-6.77101;0.749662;1.09203
-13.8335;-12.4122;0.823471;3.13254;0;-13.8289;-12.5891;0.753735;-1.52748
-8.95672;-5.72719;0.559669;-3.10919;0.021;-8.96904;-5.85096;0.577383;3.05107
-0.181463;-5.89299;0.26229;0.0250726;0.187;0.805852;-5.76811;0.360335;0.396347
-5.93937;-5.6807;0.439206;-1.98754;0.03;-5.98553;-5.63999;0.412569;-0.310786
-13.8626;-6.42393;0.535934;-0.24052;0.013;-13.8895;-6.6001;0.684991;0.590979
-10.3617;-8.48666;0.536111;-0.822268;0;-10.5233;-8.35633;0.515338;1.99311
-10.6667;-9.52929;0.544482;0.863485;0;-10.6459;-9.41809;0.466879;-1.46762
-10.8586;-5.86815;0.768666;-0.473476;0.021;-10.6222;-5.74987;0.430435;-1.76215
-12.2935;-8.18653;0.435335;1.40508;0.019;-12.4348;-8.34183;0.5131;2.79668
3.42736;-8.50167;0.522633;2.29441;0.364;3.69728;-8.27812;0.300811;-2.72106
-0.0100804;-10.1257;0.415622;-0.305668;0.054;0.204633;-9.94446;0.440576;-0.541312
-1.10266;-6.186;0.518305;-3.06556;0.187;-0.181463;-5.89299;0.26229;0.0250726
0.0395787;-12.5872;0.681604;-0.895119;0.054;0.403579;-12.2382;0.400884;-2.63706
-0.0040778;-12.5466;0.479077;3.00316;0.054;0.0395787;-12.5872;0.681604;-0.895119
-13.2396;-7.79837;0.619984;-0.624496;0.008;-13.2172;-8.04598;0.683826;-1.17672
-6.36671;-6.33796;0.786042;2.77979;0.034;-6.2819;-6.25811;0.619062;0.22757
-0.240528;-12.6362;0.847711;-0.245359;0.054;0.0395787;-12.5872;0.681604;-0.895119
-0.829634;-6.41985;0.59057;1.46593;0.187;-1.10266;-6.186;0.518305;-3.06556
4.2184;-3.95674;0.621341;0.306847;0.187;4.13147;-4.19234;0.592249;1.39323
-13.3805;-12.0368;0.19885;-0.500883;0.148;-12.9783;-12.1517;0.173835;0.766978
-2.03945;-5.88514;0.339672;-2.27329;0.187;-1.10266;-6.186;0.518305;-3.06556
3.76264;-4.88782;0.326388;-0.773197;0.187;3.83965;-5.00649;0.460223;0.65433
-5.84786;-6.82017;0.197706;-1.80056;0.036;-5.74933;-6.61366;0.194796;-1.63584
-2.21459;-4.90254;0.401472;-1.84932;0.187;-2.03945;-5.88514;0.339672;-2.27329
-13.7443;-10.2311;0.17463;-2.77726;0;-14.0501;-10.1537;0.250714;0.295891
-4.32018;-9.66453;0.40856;-1.26377;0.054;-4.38625;-9.53998;0.41853;-2.97908
-0.242883;-10.6719;0.577733;-0.506209;0.054;-0.0100804;-10.1257;0.415622;-0.305668
-12.5781;-5.71043;0.611332;0.742308;0.019;-12.731;-5.65401;0.525385;1.95092
-6.95405;-8.32285;0.570332;1.07659;0.039;-6.82522;-8.1846;0.497604;-1.84257
-2.34573;-3.91126;0.4145;-2.50952;0.187;-2.21459;-4.90254;0.401472;-1.84932
-14.1479;-12.1311;0.733615;-1.42191;0;-14.1309;-12.1895;0.777376;-2.43082
-2.39361;-11.7214;0.568029;-2.05478;0.054;-2.05856;-12.5501;0.311556;1.97404
-13.9953;-11.7525;0.474219;2.62186;0.154;-14.0547;-11.7371;0.641332;-3.06803
-8.61602;-5.88551;0.165961;1.56287;0.021;-8.69753;-5.61823;0.296197;-1.79048
-12.5657;-10.4128;0.631125;0.810751;0;-12.4886;-10.4549;0.535519;-2.76035
-3.90068;-10.3122;0.396747;0.621345;0.054;-3.92677;-10.5366;0.433502;-1.79244
-10.2923;-12.1006;0.206627;-1.24091;0.335;-10.0096;-12.0125;0.16378;-1.53964
1.23179;-6.55398;0.808644;2.59841;0.187;0.805852;-5.76811;0.360335;0.396347
-10.7107;-12.4677;0.4882;-2.81706;0.129;-10.6215;-12.5352;0.624014;1.14249
-2.48561;-8.53238;0.843139;2.76463;0.054;-2.61351;-8.14878;0.625676;-0.933715
-2.5445;-8.07399;0.418608;1.25854;0.054;-2.4149;-8.16528;0.473551;1.22906
-2.72358;-8.50578;0.329995;-2.5618;0.055;-2.90671;-8.45714;0.328814;3.10756
3.73082;-4.79733;0.793245;-2.06131;0.187;3.83965;-5.00649;0.460223;0.65433
-12.6862;-9.7264;0.849915;1.29185;0;-12.623;-9.51067;0.722081;-2.61455
-3.29511;-7.90205;0.709592;1.91791;0.054;-3.288;-7.9352;0.765059;1.92724
4.02369;-8.16043;0.365627;-0.335599;0.364;3.69728;-8.27812;0.300811;-2.72106
-13.1681;-9.85901;0.267662;-2.78892;0;-13.0138;-9.812;0.25184;-1.40436
-2.47047;-11.1011;0.7924;2.05665;0.054;-2.1154;-10.8189;0.482718;3.12854
-8.2656;-10.3725;0.249047;-1.72748;0.054;-8.35675;-10.3545;0.576036;0.557375
3.19495;-4.12812;0.540621;-0.92801;0.187;3.42769;-3.9054;0.351273;-0.865819
2.78494;-7.94248;0.803783;0.716034;0.187;3.11948;-7.57052;0.589363;2.0227
0.350834;-5.81464;0.381805;2.39121;0.187;0.805852;-5.76811;0.360335;0.396347
-14.1527;-5.93533;0.234996;2.67706;0.008;-13.9486;-6.02624;0.270654;2.98463
-0.391585;-5.79315;0.203843;1.22382;0.187;-0.181463;-5.89299;0.26229;0.0250726
-0.198489;-10.9684;0.287513;2.12147;0.054;-0.242883;-10.6719;0.577733;-0.506209
-3.52478;-7.87569;0.255735;1.03129;0.054;-3.70772;-7.90216;0.708005;1.0807
-0.261442;-6.09556;0.155967;-1.61447;0.187;-0.181463;-5.89299;0.26229;0.0250726
-14.045;-6.50715;0.193667;-1.85746;0.022;-13.8626;-6.42393;0.535934;-0.24052
-8.29886;-9.75902;0.771815;1.55466;0.074;-8.13074;-9.90018;0.659382;0.0129315
-5.4108;-11.6343;0.655104;-0.53972;0.052;-5.57488;-11.5557;0.29976;1.65485
-5.02141;-11.5223;0.383575;1.59918;0.053;-5.4108;-11.6343;0.655104;-0.53972
-14.058;-9.65986;0.429518;1.84367;0;-13.9594;-9.82538;0.351178;-3.09939
-7.126;-7.97132;0.800747;-2.9017;0.039;-7.07155;-7.89929;0.730612;1.80443
1.87749;-5.55624;0.74363;1.60145;0.187;2.28236;-5.87209;0.41606;-1.73272
-13.9851;-8.09375;0.407687;2.14553;0.018;-13.7417;-8.06871;0.407176;-2.50749
-8.41975;-8.55044;0.626825;-3.04049;0.039;-8.35856;-8.71155;0.364949;-3.02462
-1.35103;-3.84399;0.336838;1.32088;0.187;-2.34573;-3.91126;0.4145;-2.50952
-6.06089;-10.7701;0.578885;2.27129;0.052;-6.14263;-10.7255;0.445612;-2.20963
-11.7838;-5.98185;0.771386;-2.86613;0.023;-11.8011;-6.24062;0.52999;2.83075
-7.84475;-6.2407;0.715051;2.26185;0.021;-7.91116;-6.44416;0.727997;1.06704
3.64108;-5.88001;0.642624;0.483298;0.227;3.62464;-6.34854;0.402535;-1.4422
-10.7586;-6.30139;0.67232;-2.49374;0.021;-10.8251;-6.43671;0.557492;-1.11506
-7.4226;-8.24334;0.824656;-0.833329;0.039;-7.52038;-7.96347;0.800889;2.1933
1.84501;-8.52504;0.692349;0.998321;0.373;1.75194;-8.27077;0.261082;-1.86281
2.8181;-8.29165;0.440224;-1.27953;0.37;2.37133;-8.23403;0.593767;2.50127
-14.0577;-7.06773;0.443647;0.809323;0.01;-13.8989;-7.1579;0.443431;2.5518
-1.92263;-11.3757;0.278172;-2.89202;0.054;-2.1154;-10.8189;0.482718;3.12854
-14.6219;-5.98636;0.556469;0.311071;0.023;-14.6674;-6.28537;0.629274;2.83198
4.18004;-8.03472;0.728544;0.11806;0.364;4.02369;-8.16043;0.365627;-0.335599
-13.677;-7.78061;0.832887;-0.260384;0.01;-13.8294;-7.73207;0.819219;1.47755
-3.92117;-12.046;0.238155;1.98138;0.055;-3.89402;-12.1464;0.384342;1.40253
-10.7489;-11.8652;0.648047;1.3479;0.113;-10.6282;-11.7724;0.78786;-1.56553
-7.42844;-8.48135;0.506008;0.427215;0.047;-7.30751;-8.32243;0.504291;1.52992
-3.7467;-7.84283;0.823508;-0.85192;0.054;-3.70772;-7.90216;0.708005;1.0807
-1.69643;-9.06908;0.802985;-0.796033;0.054;-1.90246;-8.87757;0.57984;-0.393424
-2.06761;-8.96817;0.240804;-2.60312;0.054;-1.90246;-8.87757;0.57984;-0.393424
-3.89796;-9.68209;0.374741;2.52044;0.054;-3.69326;-9.45868;0.663148;2.50875
-8.99091;-11.8784;0.24892;-1.59024;0.084;-8.94026;-11.7311;0.570475;2.03048
-13.9944;-6.19099;0.543699;2.14648;0.008;-13.769;-6.23662;0.426813;0.264572
-14.6424;-11.804;0.246203;0.677758;0;-14.5321;-11.5593;0.450998;2.86347
-10.2891;-9.0659;0.347859;2.94113;0;-10.4314;-8.97723;0.156534;0.961128
-11.8222;-9.94656;0.7874;1.01735;0;-11.7087;-9.889;0.632409;1.06744
2.37394;-8.29658;0.688834;2.26596;0.187;2.37133;-8.23403;0.593767;2.50127
-13.1159;-9.90363;0.413952;-2.79363;0;-13.1681;-9.85901;0.267662;-2.78892
-5.85366;-6.25822;0.413066;0.0200751;0.034;-5.78571;-6.20532;0.456541;2.66891
-3.65138;-9.54178;0.173271;-0.668557;0.054;-3.89796;-9.68209;0.374741;2.52044
-14.087;-11.8678;0.491161;-1.82202;0.154;-13.9953;-11.7525;0.474219;2.62186
-11.9316;-10.6129;0.681286;0.676468;0;-11.989;-10.6294;0.668961;-0.137118
-8.26497;-8.62912;0.783601;2.34901;0.039;-8.41975;-8.55044;0.626825;-3.04049
-6.24837;-11.7451;0.554464;-2.04391;0.052;-6.4091;-11.486;0.484245;3.01336
3.41926;-4.47756;0.31644;0.85232;0.187;3.19495;-4.12812;0.540621;-0.92801
0.584935;-8.28787;0.516768;1.33633;0.054;0.864273;-8.54807;0.726266;2.18929
-13.9532;-10.7259;0.201034;2.64759;0;-13.9602;-10.7758;0.398123;2.68964
-12.9959;-12.4192;0.556855;0.753239;0.002;-13.0382;-12.3296;0.353495;-1.90924
-0.525311;-12.3012;0.151648;-1.35898;0.066;-0.732293;-11.7688;0.207464;0.592184
-11.052;-10.3747;0.583518;1.52707;0;-10.9673;-10.2848;0.564816;-0.434779
3.74871;-6.69683;0.276872;-1.92479;0.248;3.62464;-6.34854;0.402535;-1.4422
1.91889;-4.5923;0.251178;-0.501628;0.187;1.98119;-4.59819;0.325153;1.66197
3.65079;-6.53456;0.561677;0.550705;0.227;3.62464;-6.34854;0.402535;-1.4422
-2.02716;-11.5641;0.715056;2.91264;0.054;-2.39361;-11.7214;0.568029;-2.05478
-12.6106;-6.23716;0.585975;1.13947;0.019;-12.679;-6.16805;0.517936;2.81199
-4.3658;-10.1115;0.250979;-2.69896;0.054;-4.37598;-10.0424;0.4119;0.634949
-10.8928;-12.318;0.155353;-0.541284;0;-11.0081;-12.5946;0.217514;-0.0237719
-9.94724;-9.28553;0.840286;1.97018;0;-9.91236;-9.40169;0.819127;2.96133
-0.0990937;-6.45814;0.406895;-0.124321;0.187;-0.261442;-6.09556;0.155967;-1.61447
-12.9875;-10.4311;0.644462;2.27092;0;-12.9124;-10.3527;0.622022;0.743044
-7.01246;-6.09983;0.719812;-2.87169;0.021;-6.93696;-5.79716;0.544605;1.63292
-10.6174;-8.15046;0.702484;-0.0362238;0;-10.6677;-8.27936;0.612413;-1.54971
0.535289;-8.68035;0.400229;-1.34652;0.068;0.584935;-8.28787;0.516768;1.33633
-14.4794;-11.1795;0.629749;1.28012;0;-14.511;-11.0713;0.588398;0.279464
-0.422053;-4.09655;0.607433;0.893181;0.187;-1.35103;-3.84399;0.336838;1.32088
-5.94442;-7.68342;0.777282;-1.00338;0.034;-5.81666;-7.74092;0.634037;-0.207586
-6.355;-10.4083;0.402746;0.0494175;0.052;-6.46611;-10.3768;0.379022;-2.96795
-3.77046;-11.7838;0.377904;2.68587;0.053;-3.82514;-11.8432;0.34453;1.39547
-2.07053;-3.63416;0.72459;0.991212;0.187;-2.34573;-3.91126;0.4145;-2.50952
-10.2066;-8.58406;0.168185;-2.32836;0;-10.3617;-8.48666;0.536111;-0.822268
-9.87571;-8.05058;0.204934;-1.36236;0;-10.18;-8.05505;0.155482;2.05176
3.81051;-8.44275;0.620732;-1.68591;0.558;3.69728;-8.27812;0.300811;-2.72106
