3.50534;11.9135;0.442416;1.97317;0;4.00836;11.4149;0.757051;-1.39933
3.98732;14.4066;0.751904;1.76654;0;3.62836;14.1422;0.375152;0.935287
3.3616;7.49256;0.676184;-0.0393404;0.001;2.37885;7.67571;0.650462;0.74762
3.90265;6.6521;0.646208;1.61353;0.002;3.3616;7.49256;0.676184;-0.0393404
4.84098;6.30881;0.605194;-1.18512;0.002;3.90265;6.6521;0.646208;1.61353
5.62949;5.69382;0.611697;1.89829;0.002;4.84098;6.30881;0.605194;-1.18512
6.56206;6.05381;0.584705;-0.467956;0.002;5.62949;5.69382;0.611697;1.89829
7.35454;6.66368;0.590619;0.692111;0.002;6.56206;6.05381;0.584705;-0.467956
8.33646;6.47823;0.628361;-2.71722;0.002;7.35454;6.66368;0.590619;0.692111
4.1185;5.92276;0.218361;2.55743;0.002;3.90265;6.6521;0.646208;1.61353
8.41437;7.47144;0.541997;1.30164;0.002;8.33646;6.47823;0.628361;-2.71722
4.3516;15.9352;0.516171;1.71831;0;3.82944;15.0894;0.625196;-1.66156
4.00408;10.6817;0.492256;0.289224;0;3.32032;10.6894;0.742754;-1.33109
8.19201;6.15536;0.261995;1.01776;0.002;8.33646;6.47823;0.628361;-2.71722
7.83999;6.7596;0.313771;0.34021;0.002;7.35454;6.66368;0.590619;0.692111
4.13421;8.09151;0.465657;-2.20392;0.001;3.3616;7.49256;0.676184;-0.0393404
4.51213;6.58505;0.670371;1.48556;0.003;4.84098;6.30881;0.605194;-1.18512
3.74465;7.82452;0.758822;0.563922;0.001;3.3616;7.49256;0.676184;-0.0393404
4.33992;13.7569;0.720305;1.991;0;3.98732;14.4066;0.751904;1.76654
7.14115;5.72636;0.569252;-2.44068;0.002;6.56206;6.05381;0.584705;-0.467956
3.24456;10.5379;0.707994;-1.76057;0;3.32032;10.6894;0.742754;-1.33109
7.94862;8.35111;0.445692;-0.588347;0.002;8.41437;7.47144;0.541997;1.30164
3.43798;9.95131;0.702742;-2.27707;0;3.24456;10.5379;0.707994;-1.76057
4.05907;10.5246;0.811822;1.93439;0;4.00408;10.6817;0.492256;0.289224
2.26136;8.24435;0.465586;-1.02338;0.001;2.37885;7.67571;0.650462;0.74762
4.99578;6.00641;0.569803;3.10458;0.002;4.84098;6.30881;0.605194;-1.18512
7.41652;6.37727;0.515054;0.452279;0.002;7.35454;6.66368;0.590619;0.692111
6.95013;8.40233;0.465449;-1.24298;0.002;7.94862;8.35111;0.445692;-0.588347
2.79905;9.92841;0.562613;2.14123;0;2.66541;9.93428;0.713135;2.12677
3.63044;7.22209;0.156293;2.0208;0.002;3.3616;7.49256;0.676184;-0.0393404
3.45868;11.9803;0.321903;-2.13057;0;3.50534;11.9135;0.442416;1.97317
3.10482;9.75899;0.780503;0.267919;0;3.43798;9.95131;0.702742;-2.27707
4.46009;9.92978;0.634997;2.96468;0;4.05907;10.5246;0.811822;1.93439
6.80659;7.89542;0.473984;-1.9757;0.002;6.95013;8.40233;0.465449;-1.24298
4.5145;10.2531;0.474184;-0.782689;0;4.46009;9.92978;0.634997;2.96468
3.42094;16.2302;0.324472;-2.72465;0;4.3516;15.9352;0.516171;1.71831
2.42121;16.2523;0.31724;0.567826;0;3.42094;16.2302;0.324472;-2.72465
1.42399;16.2712;0.389331;2.83961;0;2.42121;16.2523;0.31724;0.567826
0.42569;16.3146;0.428142;3.04872;0;1.42399;16.2712;0.389331;2.83961
-0.451322;15.8348;0.452562;-2.63164;0;0.42569;16.3146;0.428142;3.04872
4.10224;6.58857;0.691525;2.60976;0.003;3.90265;6.6521;0.646208;1.61353
-1.33741;16.286;0.558404;-1.27666;0;-0.451322;15.8348;0.452562;-2.63164
-2.20412;15.7878;0.534091;-0.581125;0;-1.33741;16.286;0.558404;-1.27666
3.82085;15.8533;0.814662;3.09012;0;4.3516;15.9352;0.516171;1.71831
-2.54839;14.849;0.522852;-2.51242;0;-2.20412;15.7878;0.534091;-0.581125
3.55868;11.7261;0.452721;2.21699;0;3.50534;11.9135;0.442416;1.97317
6.31183;8.87145;0.32246;-2.11518;0.002;6.95013;8.40233;0.465449;-1.24298
0.596075;16.4001;0.715795;-0.154234;0;0.42569;16.3146;0.428142;3.04872
4.16801;6.01194;0.544644;-0.67591;0.002;4.1185;5.92276;0.218361;2.55743
-2.51181;16.4861;0.238447;2.82153;0;-2.20412;15.7878;0.534091;-0.581125
7.79863;7.82087;0.290894;1.41769;0.002;7.94862;8.35111;0.445692;-0.588347
-1.13394;16.5306;0.284838;1.74497;0;-1.33741;16.286;0.558404;-1.27666
-0.146107;15.6379;0.613942;1.1871;0;-0.451322;15.8348;0.452562;-2.63164
5.98867;8.18406;0.56682;2.36017;0.002;6.31183;8.87145;0.32246;-2.11518
-2.33659;13.874;0.589945;2.17058;0;-2.54839;14.849;0.522852;-2.51242
0.689528;15.4973;0.775002;0.992423;0;-0.146107;15.6379;0.613942;1.1871
4.17112;9.94883;0.838881;2.91796;0;4.46009;9.92978;0.634997;2.96468
2.31515;9.84573;0.811163;-2.37224;0;2.66541;9.93428;0.713135;2.12677
-1.34735;13.9999;0.51546;2.1314;0;-2.33659;13.874;0.589945;2.17058
2.88056;7.84475;0.682998;-3.03931;0.001;2.37885;7.67571;0.650462;0.74762
2.94049;16.1994;0.791474;0.767799;0;3.42094;16.2302;0.324472;-2.72465
2.35862;7.57655;0.258219;2.47141;0.001;2.37885;7.67571;0.650462;0.74762
7.74032;7.95838;0.49087;-2.98534;0.002;7.79863;7.82087;0.290894;1.41769
-2.01492;14.3001;0.738341;-1.0742;0.127;-2.33659;13.874;0.589945;2.17058
0.448124;16.221;0.701478;-0.945163;0;0.596075;16.4001;0.715795;-0.154234
6.08151;8.35578;0.589016;2.00741;0.002;5.98867;8.18406;0.56682;2.36017
6.74572;5.63903;0.5912;2.88197;0.002;7.14115;5.72636;0.569252;-2.44068
3.57176;7.35682;0.448902;0.570999;0.002;3.63044;7.22209;0.156293;2.0208
3.23822;15.9516;0.423612;-2.10481;0;3.42094;16.2302;0.324472;-2.72465
3.50616;12.0574;0.253608;-1.12505;0;3.45868;11.9803;0.321903;-2.13057
3.6867;7.09251;0.834677;-1.39724;0.002;3.57176;7.35682;0.448902;0.570999
-0.787126;14.417;0.160702;2.96366;0;-1.34735;13.9999;0.51546;2.1314
3.56211;15.8679;0.18122;1.70198;0;3.23822;15.9516;0.423612;-2.10481
3.02589;10.3847;0.521204;1.38492;0;3.24456;10.5379;0.707994;-1.76057
6.46336;6.12491;0.488054;3.00402;0.002;6.56206;6.05381;0.584705;-0.467956
2.55835;7.60988;0.215052;1.25811;0.002;2.35862;7.57655;0.258219;2.47141
6.8151;9.73471;0.361179;0.802508;0.002;6.31183;8.87145;0.32246;-2.11518
4.54296;6.5726;0.438381;2.39402;0.004;4.51213;6.58505;0.670371;1.48556
7.53303;6.39759;0.691602;-1.51137;0.002;7.41652;6.37727;0.515054;0.452279
7.21565;10.6483;0.431428;1.24724;0.002;6.8151;9.73471;0.361179;0.802508
5.68593;5.73753;0.587013;-1.13533;0.002;5.62949;5.69382;0.611697;1.89829
7.35637;10.5387;0.72734;0.150898;0.002;7.21565;10.6483;0.431428;1.24724
-2.10643;15.2846;0.332326;1.90454;0;-2.20412;15.7878;0.534091;-0.581125
8.14235;11.1544;0.670511;-1.80642;0.002;7.35637;10.5387;0.72734;0.150898
7.86591;12.1152;0.688317;0.0653968;0.002;8.14235;11.1544;0.670511;-1.80642
1.6136;10.2826;0.248178;-0.167056;0;2.31515;9.84573;0.811163;-2.37224
3.13551;8.22803;0.366636;-0.695936;0.001;2.88056;7.84475;0.682998;-3.03931
0.124672;14.0355;0.312773;-0.38972;0;-0.787126;14.417;0.160702;2.96366
0.387526;16.0784;0.225783;1.33541;0;0.42569;16.3146;0.428142;3.04872
1.92813;9.52561;0.210449;2.17432;0;1.98834;9.19887;0.68554;-3.10644
1.33905;15.8573;0.465157;0.14514;0;1.42399;16.2712;0.389331;2.83961
5.86523;9.07266;0.845483;1.61575;0.002;6.31183;8.87145;0.32246;-2.11518
3.13056;8.09144;0.3556;1.01996;0.001;3.13551;8.22803;0.366636;-0.695936
4.45276;13.3947;0.654089;2.707;0;4.33992;13.7569;0.720305;1.991
0.179248;15.6134;0.480363;-2.56963;0;-0.146107;15.6379;0.613942;1.1871
1.08299;16.283;0.363118;-1.2901;0;1.42399;16.2712;0.389331;2.83961
6.31727;8.65883;0.656849;-0.992609;0.002;6.08151;8.35578;0.589016;2.00741
6.30367;8.83789;0.446063;-0.0124241;0.002;6.31183;8.87145;0.32246;-2.11518
6.95766;6.31936;0.234387;0.0891984;0.002;7.41652;6.37727;0.515054;0.452279
-0.575875;13.8456;0.395887;-2.37806;0;-0.787126;14.417;0.160702;2.96366
0.229956;14.3653;0.199835;0.0375692;0;0.124672;14.0355;0.312773;-0.38972
4.09556;12.602;0.696576;1.04196;0;4.30665;12.2834;0.361085;2.42066
7.42142;11.5728;0.175323;1.42713;0.002;7.86591;12.1152;0.688317;0.0653968
3.66229;10.8884;0.828005;0.78449;0;3.32032;10.6894;0.742754;-1.33109
1.96891;15.7752;0.227628;-0.812461;0;2.42121;16.2523;0.31724;0.567826
6.76021;10.1257;0.644644;2.58939;0.002;6.8151;9.73471;0.361179;0.802508
7.64074;7.47035;0.65277;-1.65385;0.002;7.74032;7.95838;0.49087;-2.98534
2.36043;16.1974;0.603175;0.107456;0;2.42121;16.2523;0.31724;0.567826
4.17438;11.1916;0.472818;0.615263;0;4.00836;11.4149;0.757051;-1.39933
6.27735;5.52264;0.243335;-1.10836;0.002;6.74572;5.63903;0.5912;2.88197
1.80761;10.3944;0.307304;-2.38731;0;1.6136;10.2826;0.248178;-0.167056
3.94497;14.4852;0.203654;1.95716;0;3.62836;14.1422;0.375152;0.935287
-2.55521;13.7482;0.521694;2.27838;0;-2.33659;13.874;0.589945;2.17058
3.97839;6.89333;0.184432;-3.11999;0.002;3.63044;7.22209;0.156293;2.0208
1.21582;16.16;0.782106;-1.15073;0;1.33905;15.8573;0.465157;0.14514
4.17245;10.0283;0.618186;1.88778;0;4.17112;9.94883;0.838881;2.91796
8.4506;11.2905;0.812217;2.79828;0.002;8.14235;11.1544;0.670511;-1.80642
-0.833183;16.3403;0.740468;-1.80846;0;-1.33741;16.286;0.558404;-1.27666
-0.935536;14.3224;0.734552;-0.611518;0;-1.34735;13.9999;0.51546;2.1314
4.1397;8.10882;0.35256;-0.85941;0.001;4.13421;8.09151;0.465657;-2.20392
0.933371;13.4515;0.242239;-0.890853;0;0.124672;14.0355;0.312773;-0.38972
6.08843;6.24143;0.359242;-2.01762;0.002;6.46336;6.12491;0.488054;3.00402
5.92856;9.1402;0.761618;1.24179;0.002;5.86523;9.07266;0.845483;1.61575
1.54024;8.18975;0.71682;0.22111;0.001;1.58527;8.28414;0.657166;-2.18957
6.66184;7.87153;0.467285;-1.06301;0.002;6.80659;7.89542;0.473984;-1.9757
4.46835;13.5413;0.218823;1.08685;0;4.45276;13.3947;0.654089;2.707
-1.25705;14.5516;0.179425;2.68169;0;-0.787126;14.417;0.160702;2.96366
6.65123;9.3907;0.262347;0.538797;0.002;6.8151;9.73471;0.361179;0.802508
5.9987;9.21288;0.733083;-0.885205;0.002;5.92856;9.1402;0.761618;1.24179
1.96255;9.66635;0.225739;-2.03845;0;1.92813;9.52561;0.210449;2.17432
1.90726;13.6773;0.218839;-2.18341;0;0.933371;13.4515;0.242239;-0.890853
4.08467;7.94056;0.584258;1.31223;0.001;4.13421;8.09151;0.465657;-2.20392
2.18521;7.81431;0.563766;-1.40972;0.001;2.37885;7.67571;0.650462;0.74762
0.946548;16.0603;0.334507;1.10469;0;1.08299;16.283;0.363118;-1.2901
7.27599;8.15217;0.663124;1.39881;0.002;6.95013;8.40233;0.465449;-1.24298
3.65448;6.66868;0.528711;1.57714;0.003;3.90265;6.6521;0.646208;1.61353
-0.974795;15.5512;0.261114;-2.14844;0;-0.451322;15.8348;0.452562;-2.63164
1.75057;16.392;0.217152;0.240002;0;1.42399;16.2712;0.389331;2.83961
6.47383;9.96537;0.634751;-0.916095;0.002;6.76021;10.1257;0.644644;2.58939
8.12769;10.6104;0.572817;-1.5197;0.002;8.14235;11.1544;0.670511;-1.80642
6.69213;10.1089;0.404526;0.698558;0.002;6.76021;10.1257;0.644644;2.58939
7.99644;5.81009;0.730182;-2.46788;0.002;8.19201;6.15536;0.261995;1.01776
1.73934;8.50204;0.809874;-1.76247;0;1.58527;8.28414;0.657166;-2.18957
4.26009;10.8854;0.352558;-0.897858;0;4.17438;11.1916;0.472818;0.615263
7.19548;5.65671;0.322621;1.02015;0.002;7.14115;5.72636;0.569252;-2.44068
-2.2577;15.3458;0.45454;-2.60808;0;-2.10643;15.2846;0.332326;1.90454
3.42013;16.4541;0.691594;2.19585;0;3.42094;16.2302;0.324472;-2.72465
2.03135;15.531;0.658156;-1.70244;0;1.96891;15.7752;0.227628;-0.812461
3.77274;8.15952;0.648496;-2.57293;0.001;3.74465;7.82452;0.758822;0.563922
3.26196;8.07164;0.490371;-0.834737;0.001;3.13056;8.09144;0.3556;1.01996
4.3872;9.71511;0.239691;-0.289267;0;4.46009;9.92978;0.634997;2.96468
7.14439;11.461;0.833146;-0.0786134;0.002;7.42142;11.5728;0.175323;1.42713
5.15562;6.55003;0.45051;2.33667;0.003;4.84098;6.30881;0.605194;-1.18512
1.85587;9.43211;0.319203;2.02969;0;1.92813;9.52561;0.210449;2.17432
7.12979;5.8299;0.24832;0.477153;0.002;7.19548;5.65671;0.322621;1.02015
1.96204;7.77308;0.199087;1.91041;0.001;2.18521;7.81431;0.563766;-1.40972
4.68413;6.53245;0.225698;0.518208;0.004;4.54296;6.5726;0.438381;2.39402
3.96292;15.839;0.715458;-2.42285;0;3.82085;15.8533;0.814662;3.09012
-1.85991;16.004;0.484491;-2.60834;0;-2.20412;15.7878;0.534091;-0.581125
1.14174;15.9762;0.657525;-1.03247;0;1.21582;16.16;0.782106;-1.15073
6.32192;9.11905;0.734074;-0.771048;0.002;5.9987;9.21288;0.733083;-0.885205
3.45394;7.94089;0.576712;0.388771;0.001;3.26196;8.07164;0.490371;-0.834737
3.42845;10.7104;0.513058;0.283121;0;3.32032;10.6894;0.742754;-1.33109
2.17732;12.7201;0.322896;3.07869;0;1.90726;13.6773;0.218839;-2.18341
1.82649;11.8911;0.758292;-1.08003;0;2.17732;12.7201;0.322896;3.07869
4.12254;12.0524;0.522231;-1.70757;0;4.30665;12.2834;0.361085;2.42066
4.44731;13.8325;0.207275;-2.01232;0;4.46835;13.5413;0.218823;1.08685
3.76311;13.3605;0.540466;0.718318;0;3.86295;13.174;0.461189;-0.457631
3.10831;16.0636;0.373239;0.987421;0;3.23822;15.9516;0.423612;-2.10481
-2.25413;13.8843;0.40336;0.988952;0;-2.33659;13.874;0.589945;2.17058
8.13325;11.8957;0.670968;2.45675;0.002;7.86591;12.1152;0.688317;0.0653968
-0.961179;16.199;0.263173;1.55877;0;-1.13394;16.5306;0.284838;1.74497
2.00505;9.73912;0.450622;-3.00788;0;1.96255;9.66635;0.225739;-2.03845
8.11275;10.8571;0.550922;-3.07604;0.002;8.12769;10.6104;0.572817;-1.5197
0.594035;13.3981;0.815157;3.06596;0;0.933371;13.4515;0.242239;-0.890853
-2.01059;16.5101;0.513527;1.21239;0;-1.85991;16.004;0.484491;-2.60834
-1.20729;13.8611;0.385053;-1.08551;0;-1.34735;13.9999;0.51546;2.1314
7.55882;9.68832;0.670487;0.296676;0.002;6.8151;9.73471;0.361179;0.802508
5.83074;5.97005;0.196209;1.07037;0.002;6.08843;6.24143;0.359242;-2.01762
4.241;16.4301;0.641485;-0.37171;0;4.3516;15.9352;0.516171;1.71831
6.92087;9.93086;0.760876;2.25301;0.002;6.76021;10.1257;0.644644;2.58939
-2.04131;16.3282;0.800204;-2.87997;0;-2.01059;16.5101;0.513527;1.21239
4.51142;6.26428;0.239703;-2.53538;0.004;4.68413;6.53245;0.225698;0.518208
1.9109;16.1015;0.352829;-1.58283;0;1.96891;15.7752;0.227628;-0.812461
7.99383;10.2744;0.771829;-0.915392;0.002;8.12769;10.6104;0.572817;-1.5197
6.89134;6.101;0.799374;1.5401;0.002;6.56206;6.05381;0.584705;-0.467956
1.53986;12.3106;0.282496;0.645844;0;1.82649;11.8911;0.758292;-1.08003
3.73835;12.5313;0.841865;0.356783;0;4.09556;12.602;0.696576;1.04196
-1.5978;14.6906;0.8413;-2.33198;0.127;-2.01492;14.3001;0.738341;-1.0742
4.96321;6.41768;0.401492;2.30863;0.004;5.15562;6.55003;0.45051;2.33667
2.75563;16.309;0.262277;-0.716217;0;2.42121;16.2523;0.31724;0.567826
-0.996934;13.7691;0.608865;1.53785;0;-1.20729;13.8611;0.385053;-1.08551
2.11254;9.93096;0.277652;-0.515569;0;2.00505;9.73912;0.450622;-3.00788
6.78293;7.81199;0.175481;2.47363;0.002;6.80659;7.89542;0.473984;-1.9757
7.14531;11.9135;0.409542;-1.71973;0.002;7.42142;11.5728;0.175323;1.42713
7.79742;7.00165;0.154072;1.35293;0.002;7.83999;6.7596;0.313771;0.34021
2.49334;15.6365;0.178454;2.87856;0;1.96891;15.7752;0.227628;-0.812461
-0.917818;14.122;0.630067;0.735719;0;-0.935536;14.3224;0.734552;-0.611518
6.71644;11.6297;0.466296;0.187142;0.002;7.14531;11.9135;0.409542;-1.71973
7.17305;11.5927;0.49006;-2.99178;0.002;7.14531;11.9135;0.409542;-1.71973
4.03034;10.8339;0.294931;2.58936;0;4.26009;10.8854;0.352558;-0.897858
4.133;14.394;0.151217;-1.13844;0;3.94497;14.4852;0.203654;1.95716
4.05705;12.4279;0.337526;2.43862;0;4.30665;12.2834;0.361085;2.42066
1.71928;7.9912;0.623442;-1.52484;0.001;1.54024;8.18975;0.71682;0.22111
-1.73243;15.1157;0.8263;-0.281808;0.127;-1.5978;14.6906;0.8413;-2.33198
1.92755;12.7299;0.48488;2.08008;0;2.17732;12.7201;0.322896;3.07869
-2.10296;15.3393;0.68392;-2.24667;0.029;-2.2577;15.3458;0.45454;-2.60808
2.07643;9.63694;0.519754;-0.0845187;0;2.00505;9.73912;0.450622;-3.00788
2.26593;7.69066;0.184257;1.91271;0.001;2.35862;7.57655;0.258219;2.47141
4.26528;15.2523;0.654528;-1.78772;0;3.82944;15.0894;0.625196;-1.66156
-2.06349;15.6499;0.308206;-2.99455;0;-2.20412;15.7878;0.534091;-0.581125
6.86831;7.93091;0.759082;0.984863;0.002;6.80659;7.89542;0.473984;-1.9757
0.638798;11.9311;0.492431;-2.95253;0;1.53986;12.3106;0.282496;0.645844
-0.200674;11.3928;0.56668;3.08806;0;0.638798;11.9311;0.492431;-2.95253
3.80979;14.0085;0.345163;-2.04198;0;3.62836;14.1422;0.375152;0.935287
-1.91166;15.8365;0.500312;1.60631;0;-1.85991;16.004;0.484491;-2.60834
3.68221;13.784;0.335223;2.93037;0;3.80979;14.0085;0.345163;-2.04198
3.26764;8.31928;0.403582;1.63422;0.001;3.13551;8.22803;0.366636;-0.695936
5.71358;9.81576;0.175541;0.150163;0.002;5.9987;9.21288;0.733083;-0.885205
7.77062;10.5376;0.689205;2.08262;0.002;7.99383;10.2744;0.771829;-0.915392
1.37014;14.0401;0.453869;-0.493424;0;1.90726;13.6773;0.218839;-2.18341
7.30167;12.3558;0.185368;1.84727;0.002;7.14531;11.9135;0.409542;-1.71973
6.01722;5.67919;0.772198;-1.04239;0.002;5.68593;5.73753;0.587013;-1.13533
5.81891;12.069;0.504151;1.21133;0.002;6.71644;11.6297;0.466296;0.187142
7.94336;10.7525;0.65433;-1.94386;0.002;8.11275;10.8571;0.550922;-3.07604
5.56194;10.0053;0.76168;-2.46473;0.002;5.71358;9.81576;0.175541;0.150163
0.590416;11.7892;0.700364;1.57341;0;0.638798;11.9311;0.492431;-2.95253
5.97688;8.35262;0.764346;-1.0224;0.002;6.08151;8.35578;0.589016;2.00741
5.68875;12.9797;0.249822;2.69016;0.002;5.81891;12.069;0.504151;1.21133
1.34662;13.3946;0.321171;-1.64135;0;0.933371;13.4515;0.242239;-0.890853
0.273685;13.4962;0.481007;-2.97111;0;0.594035;13.3981;0.815157;3.06596
8.19179;10.3571;0.763908;1.61454;0.002;7.99383;10.2744;0.771829;-0.915392
-0.30365;12.0667;0.386456;0.704878;0;-0.200674;11.3928;0.56668;3.08806
1.50734;11.8197;0.276733;-2.22685;0;1.53986;12.3106;0.282496;0.645844
-1.97481;14.6644;0.603173;2.0247;0.127;-2.01492;14.3001;0.738341;-1.0742
3.82199;10.9956;0.538321;-1.49651;0;3.66229;10.8884;0.828005;0.78449
4.14577;6.32001;0.61535;3.06802;0.003;4.10224;6.58857;0.691525;2.60976
2.31816;13.665;0.664107;-3.0116;0;1.90726;13.6773;0.218839;-2.18341
6.16518;8.80209;0.482385;-1.0325;0.002;6.30367;8.83789;0.446063;-0.0124241
2.59526;9.51223;0.513776;-0.238378;0;2.79905;9.92841;0.562613;2.14123
4.06273;6.58945;0.562486;0.592712;0.003;4.10224;6.58857;0.691525;2.60976
7.62731;7.3428;0.205867;-0.493239;0.002;7.79742;7.00165;0.154072;1.35293
3.43985;10.4074;0.772157;0.920029;0;3.24456;10.5379;0.707994;-1.76057
0.453828;12.3497;0.177002;-0.49034;0;0.638798;11.9311;0.492431;-2.95253
3.45072;7.61554;0.398064;2.73867;0.002;3.57176;7.35682;0.448902;0.570999
7.76031;6.05577;0.447109;0.0332955;0.002;7.99644;5.81009;0.730182;-2.46788
5.64683;9.75681;0.66462;1.41034;0.002;5.56194;10.0053;0.76168;-2.46473
6.74461;11.8442;0.551797;2.89135;0.002;6.71644;11.6297;0.466296;0.187142
7.5053;12.5107;0.817687;2.96867;0.002;7.86591;12.1152;0.688317;0.0653968
-2.43243;13.5816;0.545801;0.00434181;0;-2.55521;13.7482;0.521694;2.27838
4.07649;11.4162;0.687931;1.7264;0;4.00836;11.4149;0.757051;-1.39933
1.74092;15.7027;0.430565;-0.230448;0;1.96891;15.7752;0.227628;-0.812461
3.82712;11.6241;0.541556;1.52283;0;3.55868;11.7261;0.452721;2.21699
1.70589;12.8635;0.707053;-1.87681;0.001;1.92755;12.7299;0.48488;2.08008
6.06826;9.9906;0.493214;2.27144;0.002;6.47383;9.96537;0.634751;-0.916095
5.73522;12.4495;0.318236;-1.4732;0.002;5.81891;12.069;0.504151;1.21133
1.94492;16.064;0.488943;2.28959;0;1.9109;16.1015;0.352829;-1.58283
6.69444;9.39678;0.525403;-2.01252;0.002;6.65123;9.3907;0.262347;0.538797
0.118963;12.1397;0.791903;-1.22976;0;-0.30365;12.0667;0.386456;0.704878
0.991907;12.265;0.392759;-0.565755;0;0.638798;11.9311;0.492431;-2.95253
5.84957;6.00428;0.190801;0.519718;0.002;5.83074;5.97005;0.196209;1.07037
5.74146;10.0748;0.654763;2.79075;0.002;5.56194;10.0053;0.76168;-2.46473
1.68557;13.8892;0.827508;1.82712;0;1.37014;14.0401;0.453869;-0.493424
7.53622;8.17551;0.719721;1.21431;0.002;7.27599;8.15217;0.663124;1.39881
-0.387342;10.4287;0.377569;0.680314;0.002;-0.200674;11.3928;0.56668;3.08806
3.74036;12.7171;0.258329;-1.35861;0;4.05705;12.4279;0.337526;2.43862
6.35031;13.6951;0.474632;-1.11216;0.002;5.68875;12.9797;0.249822;2.69016
1.22751;13.6623;0.712846;0.977579;0;1.37014;14.0401;0.453869;-0.493424
-2.18032;16.3859;0.515995;1.70231;0;-2.01059;16.5101;0.513527;1.21239
3.64846;5.71145;0.250132;-1.0956;0.002;4.1185;5.92276;0.218361;2.55743
1.85166;12.2077;0.374301;1.82291;0;1.53986;12.3106;0.282496;0.645844
-0.332391;10.6699;0.560059;0.349432;0.002;-0.387342;10.4287;0.377569;0.680314
3.5714;15.23;0.767858;-2.57714;0;3.82944;15.0894;0.625196;-1.66156
7.98504;10.1935;0.666961;2.16401;0.002;7.99383;10.2744;0.771829;-0.915392
-0.108441;10.2137;0.282734;-2.68064;0.002;-0.387342;10.4287;0.377569;0.680314
-0.341966;12.2128;0.440394;-2.16185;0;-0.30365;12.0667;0.386456;0.704878
6.13791;9.04977;0.555203;0.583075;0.002;6.16518;8.80209;0.482385;-1.0325
0.91731;12.2051;0.671112;2.00437;0;0.991907;12.265;0.392759;-0.565755
5.85273;9.45456;0.158471;2.90812;0.002;5.71358;9.81576;0.175541;0.150163
-1.62322;16.6887;0.467457;1.26952;0;-2.01059;16.5101;0.513527;1.21239
5.66063;6.18918;0.465018;2.21076;0.002;5.84957;6.00428;0.190801;0.519718
6.95977;8.21677;0.349483;-2.34562;0.002;6.95013;8.40233;0.465449;-1.24298
3.47483;10.4848;0.40505;0.0709756;0;3.42845;10.7104;0.513058;0.283121
-2.47246;14.6933;0.358475;-1.06891;0.099;-2.54839;14.849;0.522852;-2.51242
6.01426;14.6239;0.318491;1.00699;0.002;6.35031;13.6951;0.474632;-1.11216
3.82136;16.4439;0.27217;-0.344796;0;3.42094;16.2302;0.324472;-2.72465
7.32412;10.2404;0.695313;-1.05032;0.002;7.35637;10.5387;0.72734;0.150898
6.1658;14.0882;0.290772;-1.4343;0.002;6.35031;13.6951;0.474632;-1.11216
0.0861673;11.9132;0.476864;0.669275;0;0.118963;12.1397;0.791903;-1.22976
2.04065;9.4158;0.691888;0.720439;0;1.98834;9.19887;0.68554;-3.10644
1.76533;11.584;0.444834;-1.36503;0;1.50734;11.8197;0.276733;-2.22685
3.16132;8.39487;0.556704;0.449418;0.001;3.26764;8.31928;0.403582;1.63422
6.27966;6.40147;0.187996;-1.79044;0.002;6.08843;6.24143;0.359242;-2.01762
6.28991;12.2045;0.629309;1.41938;0.002;5.81891;12.069;0.504151;1.21133
0.27595;14.5094;0.462619;2.39203;0;0.229956;14.3653;0.199835;0.0375692
6.32656;8.55723;0.306598;-3.05791;0.002;6.30367;8.83789;0.446063;-0.0124241
0.950312;13.6983;0.766769;0.144656;0;1.22751;13.6623;0.712846;0.977579
-1.03832;13.8446;0.374633;-1.88609;0;-1.20729;13.8611;0.385053;-1.08551
8.16349;11.8275;0.846885;0.207984;0.002;8.13325;11.8957;0.670968;2.45675
2.02589;15.6267;0.547659;1.09218;0;2.03135;15.531;0.658156;-1.70244
7.6868;8.04894;0.194351;1.39075;0.002;7.79863;7.82087;0.290894;1.41769
4.21472;15.6051;0.456801;-3.10958;0;4.3516;15.9352;0.516171;1.71831
0.389686;11.8128;0.214435;-2.57571;0;0.638798;11.9311;0.492431;-2.95253
7.41635;8.30922;0.236169;-1.34046;0.002;7.6868;8.04894;0.194351;1.39075
2.09143;14.3408;0.650181;-2.12852;0;1.68557;13.8892;0.827508;1.82712
8.43497;12.2678;0.214035;1.28849;0.002;8.13325;11.8957;0.670968;2.45675
2.62444;10.2494;0.331744;1.63754;0;2.79905;9.92841;0.562613;2.14123
6.17202;9.81738;0.291161;-2.35762;0.002;6.06826;9.9906;0.493214;2.27144
1.78229;16.1288;0.537966;0.569054;0;1.94492;16.064;0.488943;2.28959
4.40174;10.2001;0.252199;1.65904;0;4.5145;10.2531;0.474184;-0.782689
0.155407;14.425;0.154415;-1.7096;0;0.229956;14.3653;0.199835;0.0375692
1.62583;13.8337;0.357633;1.96319;0;1.37014;14.0401;0.453869;-0.493424
3.73772;16.4821;0.762712;-0.924702;0;3.42013;16.4541;0.691594;2.19585
6.07166;14.1364;0.274302;-1.50708;0.002;6.1658;14.0882;0.290772;-1.4343
3.43424;15.9525;0.288246;2.9654;0;3.56211;15.8679;0.18122;1.70198
6.59773;15.4356;0.344524;-1.85301;0.002;6.01426;14.6239;0.318491;1.00699
6.00251;16.1782;0.651737;-0.224435;0.002;6.59773;15.4356;0.344524;-1.85301
5.78217;16.3478;0.645769;-2.1213;0.002;6.00251;16.1782;0.651737;-0.224435
1.72679;16.0659;0.482413;2.12656;0;1.78229;16.1288;0.537966;0.569054
0.412731;12.1094;0.702662;-3.04544;0;0.118963;12.1397;0.791903;-1.22976
6.28805;8.8889;0.824294;1.80396;0.002;6.32192;9.11905;0.734074;-0.771048
7.52886;15.7975;0.389973;-1.89454;0.002;6.59773;15.4356;0.344524;-1.85301
7.8482;6.94501;0.77893;0.674176;0.002;7.83999;6.7596;0.313771;0.34021
3.95427;6.10314;0.422979;2.45697;0.003;4.16801;6.01194;0.544644;-0.67591
7.68418;6.65615;0.834395;1.69192;0.002;7.53303;6.39759;0.691602;-1.51137
4.13209;10.1209;0.75534;-0.87292;0;4.17245;10.0283;0.618186;1.88778
1.90665;12.8153;0.300603;0.254197;0;1.92755;12.7299;0.48488;2.08008
1.69486;14.027;0.675713;-1.88145;0;1.68557;13.8892;0.827508;1.82712
7.5468;10.83;0.232766;-2.93523;0.002;7.21565;10.6483;0.431428;1.24724
1.92808;16.136;0.448404;1.54954;0;1.94492;16.064;0.488943;2.28959
7.66463;12.34;0.578035;-2.87195;0.002;7.86591;12.1152;0.688317;0.0653968
8.0775;10.3959;0.69346;0.510404;0.002;8.19179;10.3571;0.763908;1.61454
7.88066;11.2341;0.33954;-1.94679;0.002;8.14235;11.1544;0.670511;-1.80642
7.9939;14.9152;0.462056;0.361376;0.002;7.52886;15.7975;0.389973;-1.89454
-1.71577;14.2875;0.57893;-2.07208;0.127;-2.01492;14.3001;0.738341;-1.0742
-0.30138;14.4654;0.805174;-1.02688;0;-0.935536;14.3224;0.734552;-0.611518
3.84609;11.3083;0.386515;1.27996;0;3.82199;10.9956;0.538321;-1.49651
6.64195;9.04123;0.754347;2.62666;0.002;6.32192;9.11905;0.734074;-0.771048
-0.10264;11.14;0.753538;-0.626982;0;-0.200674;11.3928;0.56668;3.08806
6.26786;13.7405;0.733788;-2.62463;0.002;6.35031;13.6951;0.474632;-1.11216
8.37513;14.004;0.618484;1.63226;0.002;7.9939;14.9152;0.462056;0.361376
4.3336;14.8896;0.628287;2.2356;0;4.26528;15.2523;0.654528;-1.78772
7.25253;10.3631;0.715279;-0.0539742;0.002;7.32412;10.2404;0.695313;-1.05032
9.03319;14.2491;0.311587;0.560513;0.002;8.37513;14.004;0.618484;1.63226
5.84479;13.2852;0.354783;1.39968;0.002;5.68875;12.9797;0.249822;2.69016
9.94651;13.9936;0.628695;-2.36119;0.002;9.03319;14.2491;0.311587;0.560513
7.43588;10.2533;0.304659;-0.0910943;0.002;7.32412;10.2404;0.695313;-1.05032
6.00692;11.8498;0.667534;-2.551;0.002;5.81891;12.069;0.504151;1.21133
5.72538;12.9958;0.617924;1.01611;0.002;5.68875;12.9797;0.249822;2.69016
0.0461323;12.472;0.248118;1.7496;0;0.453828;12.3497;0.177002;-0.49034
5.93684;13.2889;0.658324;1.35135;0.002;5.84479;13.2852;0.354783;1.39968
-2.45958;14.8598;0.818341;1.50119;0;-2.54839;14.849;0.522852;-2.51242
1.74397;13.4219;0.694544;0.850179;0;1.68557;13.8892;0.827508;1.82712
8.08393;15.7215;0.246564;-0.988267;0.002;7.52886;15.7975;0.389973;-1.89454
7.82575;14.2142;0.173532;-2.72826;0.002;8.37513;14.004;0.618484;1.63226
0.179173;11.7188;0.362324;-2.97358;0;0.0861673;11.9132;0.476864;0.669275
10.4072;14.879;0.690774;2.64674;0.002;9.94651;13.9936;0.628695;-2.36119
-1.57154;13.5767;0.373969;2.59049;0;-1.20729;13.8611;0.385053;-1.08551
-0.432394;9.26811;0.251961;0.73354;0.004;-0.108441;10.2137;0.282734;-2.68064
-0.829992;8.35989;0.382533;-1.35505;0.004;-0.432394;9.26811;0.251961;0.73354
3.80263;10.0805;0.682897;0.736436;0;4.13209;10.1209;0.75534;-0.87292
3.34408;15.4015;0.552607;0.0794827;0;3.5714;15.23;0.767858;-2.57714
-1.8285;8.35445;0.43682;-0.63826;0.004;-0.829992;8.35989;0.382533;-1.35505
4.16126;7.81003;0.202713;-1.08607;0.001;4.1397;8.10882;0.35256;-0.85941
-2.73912;7.94222;0.466067;1.66746;0.147;-1.8285;8.35445;0.43682;-0.63826
-3.68677;7.6231;0.476575;1.5593;0.257;-2.73912;7.94222;0.466067;1.66746
-4.39022;6.91297;0.506227;-2.37844;0.257;-3.68677;7.6231;0.476575;1.5593
-4.60547;5.93719;0.545197;0.885224;0.257;-4.39022;6.91297;0.506227;-2.37844
-5.60201;5.85671;0.524266;-1.3701;0.257;-4.60547;5.93719;0.545197;0.885224
-5.999;4.93904;0.507336;-3.11124;0.257;-5.60201;5.85671;0.524266;-1.3701
-5.98398;3.93946;0.532128;0.382104;0.257;-5.999;4.93904;0.507336;-3.11124
3.86423;7.38993;0.326344;-2.53983;0.002;3.57176;7.35682;0.448902;0.570999
-1.06263;16.5132;0.795674;-0.0584369;0;-0.833183;16.3403;0.740468;-1.80846
-3.37691;7.9141;0.782673;0.467054;0.258;-3.68677;7.6231;0.476575;1.5593
7.75682;11.4092;0.80506;2.10404;0.002;8.14235;11.1544;0.670511;-1.80642
4.10397;11.3366;0.308883;-1.81695;0;4.17438;11.1916;0.472818;0.615263
4.0811;12.8954;0.710452;-1.42076;0;4.09556;12.602;0.696576;1.04196
-4.29648;8.41545;0.455721;-0.129241;0.259;-3.68677;7.6231;0.476575;1.5593
-3.88635;5.60321;0.420037;2.84485;0.257;-4.60547;5.93719;0.545197;0.885224
5.70333;14.311;0.691204;-2.23076;0.002;6.01426;14.6239;0.318491;1.00699
-2.14085;16.6287;0.575405;1.08108;0;-2.01059;16.5101;0.513527;1.21239
4.39511;14.0203;0.179382;0.464679;0;4.44731;13.8325;0.207275;-2.01232
3.56554;16.3179;0.166902;3.00763;0;3.42094;16.2302;0.324472;-2.72465
5.605;12.7074;0.575209;-1.19327;0.002;5.72538;12.9958;0.617924;1.01611
-6.38292;6.48091;0.500943;-0.616;0.257;-5.60201;5.85671;0.524266;-1.3701
11.1222;15.5775;0.659812;-2.12729;0.002;10.4072;14.879;0.690774;2.64674
8.45858;15.3648;0.620002;1.59466;0.002;8.08393;15.7215;0.246564;-0.988267
8.02962;7.18604;0.655609;-0.59266;0.002;7.8482;6.94501;0.77893;0.674176
-0.781294;8.60324;0.512413;-0.0382415;0.004;-0.829992;8.35989;0.382533;-1.35505
0.336279;14.2168;0.498915;-2.58027;0;0.27595;14.5094;0.462619;2.39203
6.23034;8.91117;0.306534;-1.79947;0.002;6.31183;8.87145;0.32246;-2.11518
2.056;8.40592;0.448415;-0.998122;0.001;2.26136;8.24435;0.465586;-1.02338
8.06425;7.12575;0.722484;1.08665;0.002;8.02962;7.18604;0.655609;-0.59266
0.691117;15.6055;0.393509;-0.123122;0;0.689528;15.4973;0.775002;0.992423
-1.7871;8.39714;0.590699;-1.02054;0.004;-1.8285;8.35445;0.43682;-0.63826
-1.05477;8.18989;0.807929;-1.84293;0.004;-0.829992;8.35989;0.382533;-1.35505
1.89673;13.8163;0.565657;-2.85037;0;1.69486;14.027;0.675713;-1.88145
12.1103;15.6682;0.535545;1.59621;0.002;11.1222;15.5775;0.659812;-2.12729
10.0447;14.1717;0.54763;-2.85099;0.002;9.94651;13.9936;0.628695;-2.36119
8.29312;14.6851;0.657909;0.927944;0.002;7.9939;14.9152;0.462056;0.361376
0.606633;11.7494;0.782863;0.0132145;0;0.590416;11.7892;0.700364;1.57341
-4.55018;7.75226;0.31389;-0.793532;0.259;-4.29648;8.41545;0.455721;-0.129241
5.67623;14.7504;0.623205;0.741496;0.002;5.70333;14.311;0.691204;-2.23076
2.27101;10.1207;0.527377;-1.19416;0;2.11254;9.93096;0.277652;-0.515569
-0.500627;15.8827;0.437509;0.111149;0;-0.451322;15.8348;0.452562;-2.63164
-2.55747;8.14942;0.50583;2.08433;0.313;-2.73912;7.94222;0.466067;1.66746
-0.880978;16.1532;0.519359;-2.89715;0;-0.961179;16.199;0.263173;1.55877
3.74465;11.7252;0.394343;-2.96996;0;3.55868;11.7261;0.452721;2.21699
3.74339;9.96654;0.603479;-0.473573;0;3.80263;10.0805;0.682897;0.736436
4.36129;12.4498;0.39083;1.95889;0;4.30665;12.2834;0.361085;2.42066
-1.2229;15.7111;0.470872;-1.92241;0;-0.974795;15.5512;0.261114;-2.14844
-2.4729;8.46013;0.247673;1.21662;0.503;-2.55747;8.14942;0.50583;2.08433
