9.98731e-05;6.11459e-05;0.00443224;-0.0379186
0.000360784;0.000276692;0.0154407;-0.0392333
0.000880771;0.00036759;0.0261164;-0.0412361
0.0013732;0.00048348;0.0330701;-0.0424189
0.00239617;0.000591907;0.0434282;-0.0445166
0.00374898;0.000668458;0.0538897;-0.045994
0.00522548;0.000715927;0.0625034;-0.0469997
0.00679851;0.000670035;0.0719846;-0.0475747
0.00874748;0.00062086;0.0836837;-0.0483183
0.0107124;0.000736589;0.0939795;-0.0495643
0.012977;0.0010525;0.102381;-0.0507077
0.0151729;0.00155173;0.110244;-0.0518908
0.0185072;0.00227319;0.118398;-0.0531964
0.0213042;0.00281147;0.122926;-0.0539168
0.0230902;0.00309821;0.126761;-0.0544167
0.0483341;0.0104149;0.155316;-0.0590254
0.049211;0.0107419;0.156513;-0.0591052
0.0500736;0.0110786;0.157895;-0.059237
0.050868;0.0113849;0.159315;-0.0594504
0.0516116;0.0116465;0.160383;-0.0594982
0.0522936;0.0118993;0.161035;-0.0596608
0.0530583;0.012235;0.161709;-0.0598755
0.0536062;0.0124757;0.161861;-0.0600065
0.0541271;0.0126976;0.16196;-0.0601916
0.054529;0.0128935;0.161822;-0.0603977
0.0549935;0.013143;0.16201;-0.0605639
0.0552205;0.0132841;0.162114;-0.0606889
0.0554663;0.0134552;0.161906;-0.0608342
0.0557503;0.013953;0.162188;-0.0612457
0.0590211;0.0154313;0.158366;-0.0621786
0.0699711;0.0190232;0.152772;-0.0627772
0.0724309;0.0197644;0.152207;-0.0628742
0.0784263;0.0215227;0.152398;-0.0632043
0.0873096;0.0245103;0.157196;-0.0629847
0.0959519;0.0291045;0.170681;-0.0574916
0.101528;0.035009;0.19946;-0.0410165
0.0959592;0.0346878;0.233037;-0.0269883
0.0877747;0.0316433;0.254424;-0.0168842
0.0736467;0.0244433;0.315085;-0.00606055
0.0602718;0.0159557;0.387835;0.00976018
0.0533714;0.0105099;0.440442;0.0220152
0.0456871;0.00322363;0.521373;0.0504066
0;0;0.615259;0.100993
0;0;0.634449;0.108488
0;0;0.510342;0.1639
-0.298759;-0.14809;0.399137;0.168939
-0.332713;-0.165703;0.351667;0.204426
-0.368812;-0.185814;0.421275;0.271019
-0.392688;-0.200946;0.514398;0.340069
-0.408237;-0.212965;0.549656;0.406403
-0.408578;-0.216902;0.592749;0.470095
-0.401247;-0.215821;0.641116;0.508615
-0.396362;-0.214644;0.66179;0.532004
-0.389197;-0.212877;0.686441;0.552825
-0.370442;-0.209254;0.793152;0.668293
-0.359106;-0.204098;0.907455;0.752599
-0.353843;-0.201246;0.948161;0.784165
-0.348571;-0.193622;1.01415;0.836971
-0.336167;-0.174173;1.11097;0.934044
-0.333424;-0.169465;1.12751;0.944866
-0.321102;-0.147713;1.18713;1.01986
-0.317745;-0.139772;1.20359;1.04255
-0.305676;-0.121314;1.23895;1.09071
-0.285525;-0.0823761;1.2936;1.17169
-0.272712;-0.0587782;1.31541;1.22363
-0.263286;-0.0403105;1.32807;1.25471
-0.258176;-0.032785;1.33338;1.27549
-0.239088;0.000737517;1.35241;1.34723
-0.213357;0.0361692;1.36691;1.42702
-0.201584;0.0516263;1.37209;1.45746
-0.173418;0.0813828;1.38288;1.55206
-0.168019;0.0860768;1.38463;1.56034
-0.162171;0.0902519;1.38646;1.5811
-0.150649;0.0977908;1.38986;1.61254
-0.134889;0.109028;1.39453;1.66267
-0.103614;0.119554;1.40184;1.76164
-0.0983088;0.120062;1.40295;1.78393
-0.0849718;0.120499;1.40444;1.8351
-0.0603804;0.116388;1.40585;1.93524
-0.0488527;0.112507;1.40572;1.98691
-0.0391625;0.10755;1.40503;2.03398
-0.0326112;0.103235;1.40436;2.06606
-0.025132;0.0991534;1.40444;2.10409
-0.022933;0.0968107;1.40399;2.11397
-0.0143729;0.0836248;1.40252;2.2016
-0.0101364;0.0688768;1.40121;2.28487
-0.00814538;0.0663856;1.40129;2.30268
-0.00948602;0.0581532;1.40025;2.35009
-0.00951633;0.0556059;1.40016;2.36019
-0.00985693;0.0395563;1.40294;2.46338
-0.00817689;0.0304386;1.40483;2.53472
-0.00732466;0.0255666;1.40535;2.56358
-0.00607018;0.0237906;1.40566;2.58386
-0.00327839;0.0107389;1.40752;2.68335
-0.00176469;0.0092785;1.40824;2.70354
-0.000267616;0.00114738;1.40769;2.78386
0.00126338;0.000423058;1.40805;2.80414
0.00019394;-0.00656899;1.40807;2.88696
-0.0015908;-0.010703;1.40806;2.95514
-0.00142185;-0.0117486;1.40844;2.98427
0.00529398;-0.0103348;1.41166;3.05474
0.00509103;-0.0117501;1.4126;3.08238
0.00505743;-0.0131159;1.4139;3.11247
0.00576774;-0.013359;1.41458;3.1322
0.00319504;-0.0182058;1.41582;-3.07058
0.00243138;-0.020665;1.41747;-3.01971
-0.00192913;-0.02725;1.42155;-2.95154
-0.00393655;-0.0310028;1.42467;-2.90198
-0.00556504;-0.0332687;1.42651;-2.87229
-0.00503583;-0.0338147;1.42873;-2.83094
-0.00744529;-0.0399525;1.43015;-2.7537
-0.0067076;-0.0412884;1.43112;-2.72443
-0.00851325;-0.0442903;1.43145;-2.68956
-0.00882459;-0.0486812;1.43236;-2.58729
-0.00885832;-0.0491211;1.43231;-2.57902
-0.00812173;-0.0500499;1.43274;-2.50671
-0.00816414;-0.0506471;1.43251;-2.48638
-0.00586646;-0.0494006;1.43194;-2.43679
-0.00323697;-0.0505922;1.43174;-2.37754
0.000203758;-0.0489862;1.43241;-2.33772
0.0051853;-0.0503982;1.43688;-2.25458
0.00688791;-0.0497502;1.43784;-2.23628
0.0104856;-0.0508342;1.44079;-2.17682
0.0136705;-0.0492578;1.44267;-2.13754
0.0171539;-0.0502698;1.4452;-2.08795
0.0247329;-0.0491619;1.44877;-2.00525
0.0265019;-0.0494709;1.44952;-1.98701
0.0333221;-0.0479665;1.45201;-1.92456
0.0365708;-0.0488312;1.45351;-1.88614
0.0433467;-0.0472173;1.45633;-1.82693
0.0483512;-0.0471554;1.4574;-1.75749
0.0498031;-0.0463653;1.45776;-1.73726
0.0507198;-0.0461243;1.45816;-1.72719
0.0525866;-0.0457636;1.45847;-1.67642
0.0585472;-0.0442653;1.45925;-1.55644
0.0608055;-0.0443049;1.45956;-1.50476
0.0631521;-0.0443335;1.46086;-1.45673
0.0648101;-0.0437456;1.46156;-1.42601
0.0668811;-0.044534;1.46253;-1.38293
0.0701519;-0.0432012;1.46388;-1.33374
0.0757893;-0.041364;1.46652;-1.25271
0.0769886;-0.0403146;1.46715;-1.23315
0.079863;-0.0390249;1.4689;-1.20595
0.0873868;-0.034016;1.47362;-1.12687
0.0886227;-0.0339475;1.47413;-1.10693
0.0935323;-0.031625;1.47702;-1.03563
0.0980052;-0.029815;1.48016;-0.971758
0.10055;-0.0275723;1.483;-0.922071
0.102422;-0.0271316;1.48496;-0.884609
0.105442;-0.0251553;1.48665;-0.824379
0.108403;-0.0258642;1.48576;-0.751867
0.110423;-0.0259592;1.48577;-0.723196
0.114547;-0.0267974;1.48525;-0.673376
0.115802;-0.0266993;1.48524;-0.653893
0.121029;-0.0272673;1.48456;-0.581961
0.126006;-0.0262068;1.48335;-0.503288
0.127346;-0.0250679;1.48282;-0.470752
0.129817;-0.0246698;1.48144;-0.401636
0.130356;-0.0240695;1.4813;-0.379082
0.131629;-0.0241503;1.48129;-0.333585
0.132668;-0.0229946;1.483;-0.255527
0.132673;-0.0226255;1.48381;-0.233575
0.13249;-0.0207881;1.48585;-0.184773
0.134569;-0.0198273;1.46249;-0.110223
0.146717;-0.0191429;1.4417;-0.0747299
0.164741;-0.0188589;1.43393;-0.0574089
0.208616;-0.0172714;1.41288;-0.0281757
0.230065;-0.0164049;1.40062;-0.0209791
0.288429;-0.013402;1.37294;-0.00733322
0.299361;-0.0126942;1.3684;-0.00642067
0.342806;-0.0101038;1.35172;-0.00218038
0.377619;-0.00891457;1.33977;-0.000997356
0.397805;-0.00767757;1.33375;-0.000658706
0.420905;-0.00702714;1.32787;-0.000664025
0.466753;-0.00511792;1.32321;0.00061407
0.496676;-0.00474849;1.33051;-0.00341535
0.50609;-0.00551421;1.32648;-0.0165344
0.509642;-0.00623686;1.32439;-0.0311181
0.519017;-0.0128433;1.31651;-0.111473
0.520302;-0.0147296;1.31526;-0.137053
0.524854;-0.0274059;1.30715;-0.258304
0.52722;-0.0339761;1.30345;-0.309681
0.529165;-0.0419909;1.29881;-0.381816
0.536083;-0.0618237;1.28423;-0.537004
0.537587;-0.0671813;1.28025;-0.576278
0.549266;-0.0916701;1.26219;-0.737028
0.556477;-0.106802;1.25095;-0.843817
0.564658;-0.122894;1.24023;-0.942937
0.573503;-0.139077;1.22884;-1.04178
0.585368;-0.156534;1.21597;-1.14809
0.60271;-0.180361;1.19844;-1.29344
0.611193;-0.191863;1.18984;-1.35177
0.618661;-0.203208;1.18104;-1.4136
0.643045;-0.228438;1.16385;-1.55987
0.66145;-0.248893;1.1499;-1.66443
0.680324;-0.269135;1.13624;-1.77082
0.69974;-0.289373;1.12184;-1.87319
0.717447;-0.305299;1.1112;-1.92961
0.75851;-0.342844;1.0852;-2.11345
0.767068;-0.350293;1.08022;-2.13406
0.813321;-0.390364;1.05336;-2.32564
0.822747;-0.398325;1.04834;-2.34607
0.83932;-0.413332;1.03754;-2.42382
0.893459;-0.459987;1.00961;-2.58554
0.910099;-0.476155;0.999287;-2.64394
0.970161;-0.526278;0.975777;-2.78675
0.992486;-0.544704;0.966883;-2.82303
1.01474;-0.562834;0.958036;-2.85071
1.05522;-0.59723;0.942574;-2.89709
1.08355;-0.621653;0.933475;-2.91714
1.10636;-0.644953;0.921656;-2.93584
1.11991;-0.658179;0.916356;-2.94027
1.13549;-0.673356;0.910779;-2.94378
1.1446;-0.683443;0.906399;-2.94704
1.17676;-0.719683;0.897754;-2.94967
1.18414;-0.73034;0.897306;-2.95062
1.20928;-0.761954;0.901641;-2.95401
1.21884;-0.774172;0.897701;-2.94719
1.25381;-0.815982;0.884331;-2.89868
1.26931;-0.836325;0.878341;-2.86697
1.31308;-0.895442;0.866431;-2.77404
1.34423;-0.942229;0.854601;-2.69917
1.36707;-0.977804;0.845804;-2.64884
1.4156;-1.0604;0.824831;-2.52024
1.45322;-1.12841;0.80836;-2.41853
1.48082;-1.18128;0.794575;-2.36255
1.51347;-1.24313;0.7802;-2.27784
1.58323;-1.38526;0.743996;-2.12061
1.61291;-1.44808;0.727644;-2.05501
1.67575;-1.58481;0.691759;-1.9128
1.72289;-1.68758;0.66538;-1.80192
1.74181;-1.72975;0.654307;-1.75953
1.82418;-1.91498;0.608298;-1.59765
1.8439;-1.96069;0.596961;-1.55265
1.91131;-2.11763;0.565677;-1.44467
1.92718;-2.15588;0.558811;-1.4181
2.01849;-2.38875;0.521878;-1.31271
2.04536;-2.46388;0.510095;-1.29298
2.0918;-2.5937;0.490597;-1.25979
2.11209;-2.65536;0.481078;-1.25011
2.13906;-2.73917;0.468777;-1.23839
2.1608;-2.81355;0.456486;-1.23115
2.16841;-2.83721;0.452872;-1.22903
2.18829;-2.90307;0.442445;-1.22542
2.19308;-2.92023;0.43946;-1.22436
2.21649;-3.00005;0.432553;-1.22161
2.23062;-3.04968;0.445202;-1.22298
2.24102;-3.07373;0.451654;-1.24597
2.2581;-3.09064;0.460357;-1.28789
2.2812;-3.10263;0.469682;-1.3456
2.33422;-3.12898;0.481501;-1.45363
2.3877;-3.15354;0.487076;-1.52492
2.42591;-3.17125;0.488985;-1.56265
2.44577;-3.18001;0.489228;-1.58545
2.56188;-3.23616;0.481996;-1.65768
2.60899;-3.26176;0.476703;-1.6824
2.66408;-3.29617;0.470984;-1.69769
2.7392;-3.34915;0.464269;-1.71315
2.84152;-3.42792;0.455899;-1.72376
2.94604;-3.51223;0.447963;-1.72971
2.99953;-3.55797;0.443433;-1.73328
3.0794;-3.62575;0.437121;-1.73799
3.12053;-3.6615;0.434991;-1.74012
3.13996;-3.67835;0.433759;-1.74054
3.2277;-3.75314;0.425829;-1.74463
3.27176;-3.79142;0.42075;-1.74635
3.33748;-3.84814;0.413726;-1.74823
3.35954;-3.86742;0.418236;-1.74741
3.38983;-3.89696;0.429038;-1.72467
3.39658;-3.90937;0.431376;-1.70341
3.3958;-3.92164;0.434404;-1.66968
3.38841;-3.94277;0.441492;-1.6132
3.37679;-3.96238;0.446901;-1.57487
3.36149;-3.98252;0.450675;-1.53221
3.30496;-4.0691;0.463158;-1.36985
3.29429;-4.08559;0.465448;-1.33348
3.21534;-4.20052;0.475584;-1.15001
3.19702;-4.22733;0.477908;-1.10741
3.18169;-4.24951;0.479742;-1.09163
3.09654;-4.37545;0.488534;-0.903178
2.98527;-4.54534;0.49611;-0.731849
2.96604;-4.57432;0.497337;-0.71841
2.92636;-4.63286;0.49948;-0.671582
2.90588;-4.66237;0.500236;-0.661619
2.81438;-4.79126;0.500997;-0.6043
2.67423;-4.9741;0.501936;-0.554784
2.63102;-5.02731;0.502975;-0.545057
2.56305;-5.11167;0.505836;-0.534274
2.52372;-5.15874;0.507442;-0.52829
2.42774;-5.27207;0.512045;-0.521167
2.40715;-5.29573;0.5131;-0.519885
2.34579;-5.3658;0.521226;-0.516333
2.33344;-5.38;0.522926;-0.516712
2.2983;-5.4261;0.525286;-0.525371
2.29256;-5.45652;0.527507;-0.531129
2.3024;-5.49592;0.533693;-0.541827
2.30698;-5.50679;0.534869;-0.5459
2.32917;-5.56639;0.539599;-0.561469
2.35578;-5.64152;0.543668;-0.584279
2.36475;-5.66879;0.545076;-0.590454
2.39559;-5.76582;0.547924;-0.610975
2.41256;-5.82817;0.550019;-0.624473
2.44437;-5.94726;0.552314;-0.642134
2.45238;-5.97905;0.552875;-0.647983
2.49636;-6.1475;0.554201;-0.666203
2.51456;-6.21992;0.555877;-0.671461
2.54635;-6.34004;0.55831;-0.676314
2.57073;-6.43134;0.560499;-0.678638
2.59218;-6.50712;0.561689;-0.680343
2.6191;-6.60309;0.564707;-0.681224
2.62648;-6.62825;0.56525;-0.681418
2.64211;-6.68545;0.566567;-0.681583
2.64698;-6.70301;0.567004;-0.681476
2.66093;-6.74999;0.573381;-0.681984
2.67336;-6.79061;0.575786;-0.682849
2.68628;-6.83639;0.551851;-0.700526
2.69454;-6.86541;0.532221;-0.714433
2.69999;-6.88524;0.52207;-0.72236
2.7113;-6.92241;0.507573;-0.733819
2.72269;-6.96073;0.496641;-0.743334
2.73505;-7.00127;0.484061;-0.749726
2.74949;-7.04902;0.470761;-0.755111
2.75378;-7.06284;0.466761;-0.756166
2.75714;-7.07342;0.463622;-0.756639
2.77869;-7.13584;0.448764;-0.760293
2.78182;-7.14441;0.446687;-0.760784
2.79822;-7.19707;0.433069;-0.762051
2.80406;-7.21363;0.428794;-0.762194
2.81259;-7.23657;0.44071;-0.76243
2.81441;-7.24216;0.443915;-0.763478
2.8212;-7.26283;0.441484;-0.772051
2.82765;-7.2828;0.437826;-0.786661
2.83038;-7.29111;0.435904;-0.795499
2.83424;-7.30259;0.432466;-0.803937
2.87359;-7.4161;0.413104;-0.870301
2.89844;-7.48675;0.40597;-0.893411
2.90434;-7.50304;0.404143;-0.895736
2.92728;-7.56483;0.397186;-0.907996
2.94557;-7.61634;0.391992;-0.913461
2.95608;-7.64551;0.388425;-0.916052
2.97669;-7.70419;0.38201;-0.920058
2.99192;-7.74627;0.377583;-0.921544
2.99828;-7.76335;0.376311;-0.921992
3.00648;-7.78513;0.374493;-0.922459
3.03276;-7.85542;0.376307;-0.923621
3.03895;-7.87206;0.381395;-0.925014
3.05036;-7.89736;0.386115;-0.938138
3.07119;-7.91735;0.390418;-0.981755
3.1012;-7.93452;0.394168;-1.02949
3.13947;-7.94449;0.396427;-1.08718
3.19372;-7.95992;0.399303;-1.14959
3.23282;-7.96674;0.401658;-1.19123
3.29794;-7.97861;0.405075;-1.25716
3.40286;-7.99196;0.409774;-1.35659
3.52401;-8.00637;0.416139;-1.45826
3.58454;-8.01072;0.418859;-1.49854
3.68245;-8.02135;0.422268;-1.55497
3.79249;-8.02734;0.424215;-1.59886
3.86416;-8.03413;0.424972;-1.62105
4.05408;-8.04146;0.424386;-1.66542
4.12575;-8.04393;0.424533;-1.67495
4.23599;-8.0426;0.425089;-1.68833
4.34192;-8.04478;0.424739;-1.69676
4.42978;-8.04167;0.42398;-1.70274
4.52092;-8.04231;0.423062;-1.70662
4.59469;-8.03794;0.421831;-1.70888
4.66472;-8.03824;0.423413;-1.71193
4.72219;-8.03642;0.427597;-1.70618
4.76057;-8.04659;0.427041;-1.68074
4.78095;-8.06467;0.428818;-1.63766
4.79169;-8.09797;0.431171;-1.57937
4.7907;-8.14297;0.433098;-1.51383
4.78576;-8.19935;0.433037;-1.43838
4.77226;-8.26684;0.431356;-1.37935
4.74906;-8.36895;0.42647;-1.31621
4.72768;-8.44033;0.424056;-1.28298
4.71316;-8.48783;0.422487;-1.26881
4.70331;-8.51586;0.421677;-1.26008
4.66409;-8.62178;0.419816;-1.23372
4.63778;-8.68102;0.419841;-1.22215
4.60698;-8.75527;0.420781;-1.21228
4.59211;-8.78405;0.421592;-1.20925
4.58464;-8.79716;0.4223;-1.20825
4.55705;-8.85458;0.426891;-1.21236
4.55281;-8.88052;0.43084;-1.21968
4.55961;-8.91048;0.435774;-1.22373
4.57619;-8.94477;0.4407;-1.22332
4.60918;-9.00691;0.447009;-1.22013
4.62783;-9.03835;0.449035;-1.21848
4.65692;-9.08845;0.454318;-1.21623
4.68898;-9.13971;0.459109;-1.21536
4.70962;-9.17192;0.462188;-1.21517
4.74128;-9.21891;0.46609;-1.21523
4.79367;-9.29071;0.47252;-1.21575
4.8117;-9.31396;0.474357;-1.2159
4.84199;-9.3521;0.477805;-1.21617
4.87927;-9.39732;0.482082;-1.2167
4.89637;-9.41737;0.484463;-1.21679
4.91956;-9.44352;0.48871;-1.21664
4.94055;-9.4672;0.496813;-1.21599
4.96279;-9.49387;0.507939;-1.22069
4.97495;-9.50944;0.513365;-1.22559
4.98263;-9.51971;0.516804;-1.23052
5.02621;-9.57612;0.533288;-1.24999
5.05653;-9.61628;0.539368;-1.25948
5.09344;-9.66476;0.546657;-1.26729
5.12512;-9.70756;0.551539;-1.27333
5.17048;-9.76589;0.558746;-1.28015
5.19987;-9.80343;0.562962;-1.28348
5.21979;-9.8279;0.566154;-1.28515
5.24744;-9.86303;0.569309;-1.28711
5.27398;-9.89514;0.572526;-1.28889
5.2835;-9.90698;0.573634;-1.28947
5.31804;-9.95126;0.580228;-1.29072
5.34133;-9.98169;0.591027;-1.29033
5.35161;-9.99399;0.594749;-1.28609
5.36353;-10.0168;0.594746;-1.26297
5.36496;-10.0232;0.594363;-1.25746
5.35638;-10.055;0.586169;-1.20592
5.34214;-10.09;0.576082;-1.15935
5.31695;-10.1299;0.565725;-1.11207
5.29913;-10.1615;0.560585;-1.08626
5.26142;-10.2166;0.551155;-1.05388
5.21103;-10.287;0.54177;-1.01747
5.15411;-10.3584;0.532663;-0.991052
5.1287;-10.3902;0.529101;-0.983543
5.08615;-10.4374;0.523353;-0.973277
5.0513;-10.4788;0.519263;-0.966269
5.00341;-10.5299;0.512515;-0.959308
4.98384;-10.5519;0.510235;-0.957646
4.95249;-10.5827;0.516317;-0.955435
4.93505;-10.6054;0.533926;-0.959156
4.92754;-10.6167;0.541246;-0.967751
4.93208;-10.6183;0.557548;-1.03646
4.94085;-10.6111;0.565667;-1.06769
4.96749;-10.5802;0.575104;-1.13532
4.98326;-10.5616;0.578409;-1.16066
5.01969;-10.5137;0.584873;-1.19962
5.04768;-10.4788;0.589053;-1.21886
5.06477;-10.4545;0.591671;-1.22713
5.10439;-10.4036;0.599769;-1.24099
5.11268;-10.3916;0.601023;-1.24217
5.13223;-10.3645;0.603557;-1.24674
5.17266;-10.3052;0.60796;-1.25288
5.20921;-10.2547;0.615251;-1.25613
5.21999;-10.2381;0.621557;-1.25653
5.24667;-10.2102;0.627654;-1.27405
5.26125;-10.2094;0.627126;-1.31205
5.27044;-10.2169;0.627362;-1.34378
5.28551;-10.2534;0.620059;-1.43705
5.29322;-10.2767;0.615016;-1.48214
5.30278;-10.3281;0.606684;-1.55527
5.31086;-10.3628;0.60179;-1.59168
5.32438;-10.4445;0.590343;-1.65537
5.33864;-10.5127;0.583985;-1.68741
5.34986;-10.5767;0.578115;-1.71019
5.35957;-10.6232;0.575344;-1.72048
5.37423;-10.7084;0.570722;-1.7382
5.38919;-10.7821;0.566549;-1.74819
5.39203;-10.7996;0.565072;-1.74947
5.40351;-10.8646;0.560253;-1.75435
5.40846;-10.8983;0.558106;-1.75567
5.41353;-10.9299;0.563334;-1.75699
5.41553;-10.9395;0.566596;-1.75736
5.43335;-10.9888;0.57764;-1.75407
5.45248;-10.991;0.58154;-1.74803
5.49215;-10.9805;0.587089;-1.73475
5.52238;-10.9702;0.589054;-1.72787
5.58929;-10.9472;0.590521;-1.71706
5.64927;-10.9255;0.591475;-1.71031
5.71047;-10.9032;0.593526;-1.70428
5.74671;-10.8898;0.594298;-1.70087
5.76431;-10.8832;0.594609;-1.6988
5.8002;-10.8694;0.59549;-1.69577
5.9158;-10.8225;0.602152;-1.6881
5.94364;-10.8105;0.604334;-1.68685
5.95674;-10.8048;0.605201;-1.68623
6.01025;-10.7821;0.60926;-1.68413
6.0615;-10.7589;0.617775;-1.68373
6.07072;-10.7549;0.61981;-1.68137
6.08651;-10.7536;0.61988;-1.66303
6.08138;-10.7607;0.61947;-1.65322
6.07661;-10.7658;0.61901;-1.64606
6.03241;-10.8042;0.61622;-1.6075
6.0029;-10.8276;0.614475;-1.59039
5.94417;-10.8724;0.610869;-1.57158
5.86474;-10.9301;0.607146;-1.55383
5.83386;-10.9515;0.60566;-1.54904
5.76378;-10.9992;0.602199;-1.53976
5.75244;-11.0069;0.601841;-1.53895
5.70406;-11.0395;0.600196;-1.5342
5.64717;-11.0768;0.598773;-1.52996
5.63013;-11.0879;0.598437;-1.52885
5.57856;-11.1219;0.597475;-1.52684
5.55174;-11.1398;0.600246;-1.52725
5.50806;-11.1697;0.610667;-1.50145
5.4914;-11.18;0.613838;-1.46835
5.47829;-11.1862;0.621623;-1.44026
5.43891;-11.2011;0.638448;-1.32003
5.42948;-11.2051;0.640777;-1.30554
5.37966;-11.225;0.649763;-1.20825
5.34303;-11.2395;0.65747;-1.15681
5.32998;-11.2444;0.65985;-1.13849
5.31666;-11.2493;0.661965;-1.13002
5.30317;-11.2541;0.663883;-1.11453
5.24915;-11.2712;0.670627;-1.07363
5.15162;-11.2968;0.683415;-1.0344
5.1382;-11.2996;0.685401;-1.03108
5.07627;-11.3118;0.692555;-1.0223
5.06728;-11.3135;0.693276;-1.02185
5.02646;-11.321;0.70136;-1.01885
5.0216;-11.322;0.703806;-1.0194
5.01764;-11.3231;0.705862;-1.02232
5.0146;-11.3244;0.707543;-1.02649
5.01246;-11.3262;0.709127;-1.02935
5.0122;-11.3503;0.719549;-1.06961
5.01748;-11.4071;0.728453;-1.12693
5.01874;-11.4374;0.730114;-1.14861
5.02202;-11.5106;0.732708;-1.19068
5.02684;-11.6082;0.735902;-1.22052
5.02905;-11.6448;0.736468;-1.22985
5.03088;-11.6803;0.737207;-1.23502
5.03886;-11.7527;0.742249;-1.2428
5.04036;-11.7686;0.743116;-1.24357
5.05004;-11.8477;0.746304;-1.24855
5.05154;-11.8613;0.746593;-1.249
5.05952;-11.9145;0.751024;-1.25116
5.06564;-11.951;0.755618;-1.25282
5.06799;-11.9589;0.752873;-1.25542
5.08626;-11.9821;0.728209;-1.32191
5.09978;-11.9909;0.715404;-1.36741
5.12444;-12.0072;0.693434;-1.43253
5.14574;-12.0224;0.677158;-1.4775
5.18344;-12.0513;0.655865;-1.54424
5.19794;-12.063;0.65;-1.56726
5.29228;-12.1394;0.614903;-1.65257
5.35257;-12.1859;0.595883;-1.68752
5.36736;-12.1968;0.591569;-1.6975
5.45512;-12.2592;0.565597;-1.72846
5.49554;-12.287;0.553862;-1.73774
5.50823;-12.2956;0.551074;-1.74031
5.54575;-12.3208;0.54281;-1.74536
5.56615;-12.3342;0.538067;-1.74764
5.57693;-12.3415;0.535924;-1.74898
5.61503;-12.3674;0.547037;-1.75031
5.64731;-12.4003;0.539668;-1.70382
5.64893;-12.407;0.536512;-1.68172
5.64309;-12.4355;0.522182;-1.6129
5.6278;-12.4764;0.497362;-1.51093
5.62223;-12.4888;0.490541;-1.48475
5.5847;-12.563;0.46119;-1.38665
5.57622;-12.5779;0.456022;-1.36985
5.52819;-12.6549;0.426697;-1.31085
5.51854;-12.6688;0.421149;-1.29881
5.47716;-12.7254;0.399644;-1.27474
5.43873;-12.7732;0.381451;-1.25575
5.42734;-12.7876;0.376471;-1.2518
5.38325;-12.8393;0.359464;-1.24032
5.37229;-12.8518;0.356243;-1.23832
5.33675;-12.8901;0.350449;-1.23461
5.31246;-12.9181;0.366356;-1.23599
5.30834;-12.9235;0.366695;-1.23455
5.30222;-12.9331;0.363398;-1.22785
5.29904;-12.9396;0.361465;-1.21976
5.29687;-12.9452;0.360135;-1.21335
5.28348;-12.9945;0.348439;-1.1301
5.28044;-13.0059;0.345183;-1.10915
5.26383;-13.067;0.328801;-1.02987
5.24286;-13.1418;0.310865;-0.95627
5.1972;-13.2932;0.277074;-0.822248
5.18868;-13.3195;0.272479;-0.800498
5.14802;-13.4387;0.254678;-0.728829
5.12897;-13.4902;0.247214;-0.707174
5.11511;-13.5281;0.24236;-0.696168
5.10371;-13.5587;0.238664;-0.690549
5.07722;-13.6267;0.230417;-0.669982
4.98129;-13.8535;0.203983;-0.630808
4.91295;-14.004;0.190205;-0.616272
4.90059;-14.031;0.188167;-0.614144
4.87255;-14.0907;0.183626;-0.61095
4.86371;-14.109;0.182021;-0.610426
4.82325;-14.1971;0.190262;-0.608609
4.80964;-14.2292;0.188682;-0.616475
4.80675;-14.2374;0.184819;-0.620751
4.80435;-14.2443;0.180417;-0.630874
4.79459;-14.2705;0.150812;-0.725259
4.79246;-14.2736;0.144868;-0.752129
4.76763;-14.2954;0.099783;-0.914435
4.75348;-14.3035;0.0831616;-0.969308
4.71488;-14.3235;0.0448184;-1.09914
4.6953;-14.3344;0.024644;-1.15714
4.65668;-14.3543;-0.0106637;-1.26032
4.5698;-14.4032;-0.0833577;-1.45922
4.55433;-14.4124;-0.0956619;-1.50042
4.5381;-14.422;-0.108353;-1.52117
4.52113;-14.4319;-0.121084;-1.56305
4.48042;-14.4554;-0.149578;-1.62569
4.29294;-14.5643;-0.2775;-1.93506
4.27069;-14.5775;-0.291193;-1.97332
4.14787;-14.6537;-0.355718;-2.09344
4.13188;-14.6642;-0.363713;-2.11552
4.04565;-14.7227;-0.405581;-2.17243
4.02651;-14.7361;-0.414305;-2.1786
3.98541;-14.7656;-0.43278;-2.19985
3.968;-14.7783;-0.440562;-2.2039
3.88488;-14.8388;-0.474838;-2.22922
3.86609;-14.8528;-0.482071;-2.2311
3.78194;-14.9126;-0.51396;-2.24307
3.76971;-14.9215;-0.518699;-2.24431
3.68034;-14.9853;-0.509439;-2.24767
3.6738;-14.9904;-0.502868;-2.24453
3.6629;-15.004;-0.490035;-2.22168
3.66098;-15.0076;-0.486326;-2.20902
3.66283;-15.014;-0.475871;-2.18006
3.66727;-15.0179;-0.467602;-2.1608
3.67696;-15.0236;-0.455363;-2.12365
3.77122;-15.0742;-0.379311;-1.84808
3.785;-15.0816;-0.370389;-1.82921
3.84792;-15.1159;-0.332955;-1.69191
3.86902;-15.1278;-0.321717;-1.64759
3.9362;-15.1675;-0.285959;-1.53372
3.95488;-15.179;-0.276204;-1.4889
4.04058;-15.2337;-0.233201;-1.34829
4.10802;-15.2798;-0.199009;-1.23857
4.1743;-15.327;-0.167273;-1.13557
4.21899;-15.36;-0.146303;-1.07155
4.39133;-15.496;-0.0842007;-0.864868
4.4139;-15.5149;-0.0770937;-0.852975
4.52236;-15.6111;-0.0405282;-0.774615
4.54186;-15.6289;-0.0342814;-0.770025
4.63218;-15.717;-0.00353134;-0.732545
4.67785;-15.7627;0.0114247;-0.719934
4.77903;-15.8682;0.0482833;-0.705078
4.79202;-15.8816;0.0535927;-0.704009
4.82957;-15.9206;0.0674992;-0.701916
4.83961;-15.9313;0.0686498;-0.701306
4.84665;-15.9389;0.0685139;-0.700929
4.85249;-15.9455;0.0681874;-0.701148
4.84183;-15.9746;0.0774068;-0.740967
4.83379;-15.9783;0.0784527;-0.754298
4.82394;-15.9825;0.0797377;-0.761632
4.73606;-16.0192;0.0857778;-0.843267
4.71824;-16.0267;0.0859402;-0.857273
4.6765;-16.0452;0.0860394;-0.8766
4.61795;-16.0719;0.086368;-0.903192
4.48001;-16.1373;0.0860433;-0.944561
4.44115;-16.1564;0.0855562;-0.951175
4.40916;-16.1727;0.0853965;-0.958032
4.37731;-16.1882;0.0862174;-0.961954
4.35863;-16.1974;0.0865768;-0.964257
4.34437;-16.2046;0.0867395;-0.965208
4.29152;-16.2311;0.0871208;-0.970974
4.22388;-16.266;0.0919059;-0.973082
4.2134;-16.2718;0.0952095;-0.972665
4.19669;-16.2826;0.100794;-0.981409
4.19322;-16.2854;0.102126;-0.985395
4.20242;-16.2861;0.120091;-1.12866
4.20632;-16.2836;0.122015;-1.15769
4.22546;-16.2678;0.129493;-1.27104
4.2477;-16.2448;0.136276;-1.37718
4.25454;-16.2369;0.139005;-1.41568
4.27861;-16.2062;0.147308;-1.55708
4.28507;-16.1974;0.149204;-1.57301
4.29876;-16.1769;0.153881;-1.65325
4.30502;-16.1672;0.156051;-1.67346
4.33037;-16.1247;0.164509;-1.81652
4.33762;-16.1107;0.166884;-1.85758
4.39251;-15.9937;0.181618;-2.16648
4.40447;-15.9663;0.184047;-2.22775
4.41177;-15.9491;0.185568;-2.26838
4.44109;-15.8776;0.193037;-2.43143
4.4639;-15.8143;0.199314;-2.57741
4.47493;-15.784;0.202104;-2.62908
4.48185;-15.765;0.203585;-2.66319
4.48839;-15.7461;0.204844;-2.67915
4.50452;-15.6916;0.207941;-2.77011
4.52022;-15.6342;0.212155;-2.82776
4.53596;-15.5635;0.219879;-2.86906
4.53777;-15.5526;0.221372;-2.87143
4.54687;-15.4984;0.228141;-2.88872
4.54837;-15.4885;0.228853;-2.88991
4.55461;-15.443;0.233454;-2.89589
4.55611;-15.4262;0.235231;-2.89664
4.55848;-15.4093;0.236687;-2.89728
4.55854;-15.4012;0.237141;-2.89841
4.55948;-15.3776;0.232033;-2.92204
4.55787;-15.375;0.229452;-2.93556
4.55199;-15.377;0.215214;-2.99737
4.55085;-15.3799;0.210835;-3.00913
4.53288;-15.4129;0.163645;3.04024
4.53114;-15.4186;0.157248;3.00338
4.52927;-15.4268;0.149301;2.96697
4.51957;-15.4608;0.113175;2.81749
4.51784;-15.4712;0.103332;2.7795
4.51674;-15.4801;0.0952001;2.7602
4.50465;-15.5365;0.0431502;2.56022
4.5019;-15.5457;0.0339225;2.51929
4.49425;-15.5902;-0.00575439;2.37713
4.48679;-15.6332;-0.0454584;2.25179
4.47976;-15.6924;-0.0995577;2.07189
4.47866;-15.7037;-0.109685;2.05122
4.47424;-15.7647;-0.163593;1.86595
4.47233;-15.8034;-0.196594;1.76294
4.47233;-15.816;-0.20648;1.74255
4.4715;-15.8242;-0.214143;1.70177
4.47003;-15.8592;-0.242358;1.61341
4.47014;-15.8744;-0.252892;1.58005
4.47122;-15.9538;-0.308086;1.44797
4.47124;-15.9725;-0.321922;1.41894
4.4759;-16.0273;-0.360376;1.37339
4.47697;-16.0348;-0.366128;1.37047
4.48259;-16.0657;-0.389124;1.35592
4.48402;-16.0718;-0.394644;1.35346
4.48555;-16.0781;-0.399834;1.35235
4.49254;-16.1029;-0.41897;1.34752
4.4999;-16.1229;-0.427668;1.34482
4.50503;-16.1364;-0.421473;1.32299
4.5058;-16.1385;-0.422559;1.3116
4.51127;-16.1417;-0.422658;1.23777
4.51591;-16.1447;-0.422866;1.19614
4.53145;-16.1542;-0.428074;1.058
4.5463;-16.1648;-0.433304;0.96575
4.55214;-16.1691;-0.435315;0.951223
4.58792;-16.2023;-0.446584;0.785804
4.59566;-16.2104;-0.448751;0.766712
4.60334;-16.2171;-0.451206;0.728868
4.61324;-16.2256;-0.454497;0.690074
4.64819;-16.2589;-0.465065;0.571244
4.76322;-16.3628;-0.49548;0.221436
4.77573;-16.3744;-0.497934;0.181665
4.7884;-16.3864;-0.50026;0.16169
4.80149;-16.3979;-0.502559;0.122063
4.84535;-16.4373;-0.509727;0.020425
4.95212;-16.5351;-0.526286;-0.222859
4.96358;-16.546;-0.528084;-0.242806
4.97942;-16.5604;-0.530783;-0.279099
5.01541;-16.5936;-0.536666;-0.341709
5.03143;-16.6088;-0.539355;-0.38294
5.18498;-16.7566;-0.567001;-0.689971
5.27635;-16.8436;-0.58379;-0.84771
5.29404;-16.8607;-0.586779;-0.888112
5.37306;-16.9387;-0.600392;-1.02849
5.38605;-16.9517;-0.602506;-1.04988
5.48274;-17.0436;-0.615994;-1.16911
5.49523;-17.0552;-0.617483;-1.17906
5.58478;-17.1354;-0.627339;-1.24466
5.59581;-17.1452;-0.62846;-1.24943
5.61074;-17.1587;-0.630296;-1.25734
5.7165;-17.2556;-0.642648;-1.2882
5.72734;-17.2657;-0.643554;-1.29041
5.75951;-17.2958;-0.646675;-1.29415
5.77744;-17.3129;-0.648812;-1.29531
5.81686;-17.3504;-0.650575;-1.30028
5.82274;-17.3563;-0.650086;-1.3005
5.82773;-17.3615;-0.649567;-1.2991
5.83994;-17.3766;-0.647316;-1.27147
5.84077;-17.3786;-0.646441;-1.26584
5.83053;-17.3779;-0.637472;-1.15637
5.80987;-17.3663;-0.630584;-1.04274
5.8037;-17.3629;-0.628929;-1.0108
5.76259;-17.3358;-0.62057;-0.861797
5.7535;-17.3299;-0.618603;-0.823446
5.734;-17.3162;-0.614482;-0.764824
5.66687;-17.2653;-0.60083;-0.561689
5.65217;-17.2532;-0.597928;-0.524708
5.64008;-17.2431;-0.595645;-0.503917
5.58964;-17.2036;-0.587093;-0.354138
5.57301;-17.1897;-0.584543;-0.312482
5.44369;-17.0823;-0.563035;-0.00942241
5.42941;-17.0698;-0.560118;0.0113865
5.37119;-17.0174;-0.548506;0.152759
5.33811;-16.9877;-0.542121;0.215547
5.25837;-16.9163;-0.528425;0.408682
5.24295;-16.9026;-0.526214;0.425122
5.22743;-16.8887;-0.523972;0.466466
5.18081;-16.8464;-0.517135;0.569483
5.16159;-16.8291;-0.514652;0.613716
5.01926;-16.6946;-0.491711;0.920256
5.00049;-16.6764;-0.488162;0.941202
4.9891;-16.6654;-0.486068;0.983213
4.89685;-16.5748;-0.469026;1.16393
4.81585;-16.4899;-0.453683;1.26666
4.75783;-16.4251;-0.442115;1.31148
4.74769;-16.4135;-0.43992;1.31814
4.7354;-16.3993;-0.437309;1.32521
4.72588;-16.3881;-0.435264;1.32806
4.71715;-16.3777;-0.432777;1.33242
4.66763;-16.3177;-0.418727;1.3473
4.64745;-16.2929;-0.412905;1.34988
4.63957;-16.2831;-0.410884;1.35044
4.61767;-16.254;-0.406386;1.35143
4.61304;-16.2477;-0.406355;1.35002
4.60426;-16.2342;-0.408926;1.33591
4.61681;-16.244;-0.411097;1.25833
4.62233;-16.2495;-0.411381;1.23197
4.6273;-16.2548;-0.411634;1.22161
4.64469;-16.2744;-0.412051;1.14856
4.65117;-16.281;-0.411702;1.11579
4.69922;-16.3285;-0.410689;0.933636
4.72011;-16.3477;-0.410684;0.876168
4.78348;-16.4035;-0.411986;0.678379
4.7943;-16.4126;-0.412462;0.633232
4.82767;-16.4401;-0.414286;0.533519
4.85415;-16.461;-0.415616;0.471091
4.90141;-16.4974;-0.417982;0.32292
4.94116;-16.5255;-0.41951;0.218132
4.95316;-16.534;-0.419976;0.173268
5.01945;-16.5786;-0.421933;0.0132318
5.05744;-16.6032;-0.423416;-0.0891416
5.09954;-16.6297;-0.425793;-0.193121
5.15468;-16.664;-0.428127;-0.343739
5.23652;-16.7132;-0.429564;-0.541757
5.24974;-16.7209;-0.429755;-0.56188
5.33103;-16.7688;-0.431121;-0.77006
5.34382;-16.7764;-0.43145;-0.807668
5.39862;-16.8089;-0.432679;-0.953504
5.41158;-16.8165;-0.432883;-0.973903
5.42435;-16.824;-0.433075;-1.0147
5.52904;-16.8836;-0.435152;-1.27847
5.54184;-16.8909;-0.435473;-1.31958
5.58287;-16.9141;-0.437392;-1.42205
5.59513;-16.9208;-0.438127;-1.46182
5.63593;-16.943;-0.440019;-1.55029
5.69554;-16.9739;-0.442013;-1.65547
5.70956;-16.9814;-0.442391;-1.675
5.72039;-16.987;-0.442732;-1.68376
5.75071;-17.0019;-0.443741;-1.7191
5.81185;-17.0323;-0.445514;-1.76406
5.84657;-17.052;-0.44564;-1.77581
5.86307;-17.0613;-0.446355;-1.77899
5.86803;-17.0647;-0.446737;-1.77982
5.8866;-17.0773;-0.449026;-1.78087
5.89394;-17.0824;-0.447129;-1.78328
5.89799;-17.0859;-0.444687;-1.78544
5.90353;-17.0908;-0.441772;-1.78818
5.91666;-17.1115;-0.439756;-1.79477
5.93469;-17.1565;-0.436573;-1.79691
5.95556;-17.2109;-0.436896;-1.79216
5.96206;-17.2301;-0.436526;-1.79016
5.98611;-17.2997;-0.434477;-1.78436
5.99066;-17.3121;-0.434246;-1.78382
6.01976;-17.3984;-0.431956;-1.78082
6.02371;-17.4096;-0.431903;-1.78044
6.02944;-17.4286;-0.431943;-1.77997
6.04283;-17.4721;-0.432582;-1.77914
6.04732;-17.4857;-0.432979;-1.77873
6.0832;-17.6032;-0.436305;-1.77581
6.08636;-17.6141;-0.436781;-1.77562
6.09778;-17.6527;-0.43191;-1.77707
6.1012;-17.6781;-0.432261;-1.77946
6.09825;-17.6818;-0.434189;-1.77693
6.08961;-17.681;-0.436816;-1.77119
6.06338;-17.6663;-0.444353;-1.75389
6.05064;-17.6596;-0.447208;-1.74822
6.02726;-17.6454;-0.451924;-1.74023
6.01425;-17.6368;-0.454213;-1.73524
5.85726;-17.5335;-0.47533;-1.7057
5.8396;-17.5213;-0.477249;-1.70463
5.7889;-17.4842;-0.483389;-1.7002
5.6866;-17.4082;-0.493031;-1.69542
5.67108;-17.3966;-0.49377;-1.69506
5.61125;-17.3494;-0.49799;-1.69329
5.59894;-17.3388;-0.499124;-1.69319
5.58535;-17.3288;-0.49989;-1.69292
5.54454;-17.298;-0.501111;-1.69181
5.53372;-17.2891;-0.499625;-1.69089
5.48139;-17.2583;-0.487776;-1.72081
5.48287;-17.2618;-0.486298;-1.7252
5.49223;-17.2738;-0.483673;-1.74653
5.54397;-17.3324;-0.480811;-1.80681
5.55363;-17.3417;-0.480649;-1.81352
5.6273;-17.419;-0.478046;-1.8753
5.70262;-17.4951;-0.477257;-1.91024
5.7657;-17.5542;-0.477563;-1.93167
5.83721;-17.623;-0.477887;-1.94728
5.8611;-17.6448;-0.478285;-1.95166
5.93508;-17.7106;-0.478903;-1.96008
6.0138;-17.781;-0.477868;-1.96627
6.08773;-17.8427;-0.477878;-1.97117
6.11829;-17.8672;-0.478119;-1.97275
6.2046;-17.9397;-0.477811;-1.97709
6.32126;-18.0371;-0.475459;-1.98151
6.33799;-18.051;-0.474933;-1.982
6.35869;-18.0678;-0.473738;-1.98222
6.40293;-18.1059;-0.466187;-1.98168
6.41356;-18.1153;-0.463448;-1.98181
6.449;-18.1523;-0.431522;-1.98522
6.44989;-18.1543;-0.425713;-1.98671
6.46255;-18.1648;-0.400444;-1.99534
6.48645;-18.1822;-0.378517;-2.00115
6.49408;-18.1877;-0.372522;-2.00103
6.5191;-18.2092;-0.349212;-1.99023
6.52487;-18.2169;-0.341659;-1.98172
6.53672;-18.2355;-0.326828;-1.96456
6.54797;-18.2587;-0.312394;-1.94262
6.56211;-18.3719;-0.266592;-1.8399
6.55795;-18.4504;-0.2456;-1.79649
6.54863;-18.5295;-0.228114;-1.77224
6.54637;-18.5477;-0.224663;-1.76566
6.53598;-18.6219;-0.210609;-1.74858
6.53347;-18.6384;-0.207724;-1.74686
6.52172;-18.7166;-0.194416;-1.73599
6.51849;-18.7349;-0.19148;-1.73511
6.51631;-18.7491;-0.189169;-1.7335
6.50725;-18.8028;-0.180196;-1.72972
6.50415;-18.8186;-0.177336;-1.72938
6.48835;-18.8928;-0.163119;-1.71033
6.48691;-18.8994;-0.158381;-1.70522
6.47821;-18.9179;-0.147273;-1.66938
6.47535;-18.9251;-0.144062;-1.65564
6.45964;-18.9652;-0.124561;-1.58995
6.45519;-18.9773;-0.119055;-1.57913
6.43382;-19.0414;-0.097565;-1.49877
6.42093;-19.0779;-0.0872074;-1.46403
6.38559;-19.187;-0.0584167;-1.34713
6.37564;-19.2176;-0.0507884;-1.33376
6.30526;-19.4405;-0.0100446;-1.18657
6.29348;-19.4785;-0.00487924;-1.17974
6.25188;-19.6008;0.00899668;-1.14452
6.19801;-19.7533;0.0234708;-1.11877
6.18821;-19.7804;0.0259812;-1.11398
6.14806;-19.8889;0.0362537;-1.10071
6.13901;-19.9127;0.0386137;-1.09957
6.13043;-19.9358;0.0408105;-1.09714
6.12229;-19.958;0.0428357;-1.09502
6.08247;-20.0637;0.0524156;-1.08896
6.07607;-20.0817;0.0539718;-1.08796
6.03549;-20.2038;0.04715;-1.08793
6.0347;-20.2088;0.0457219;-1.08735
6.02311;-20.2409;0.0399568;-1.0615
6.02104;-20.2476;0.0385678;-1.05795
6.01448;-20.2664;0.0346205;-1.03901
5.99848;-20.3189;0.0252491;-1.0122
5.98934;-20.3482;0.0207762;-0.99834
5.98355;-20.3677;0.018011;-0.995502
5.97895;-20.3836;0.0159051;-0.99068
5.95526;-20.4652;0.00490935;-0.972469
5.92983;-20.5543;-0.00558347;-0.958245
5.92616;-20.5676;-0.00706112;-0.956175
5.89709;-20.6678;-0.0176856;-0.949103
5.89368;-20.6791;-0.0186865;-0.948632
5.87812;-20.7317;-0.0223175;-0.947378
5.87536;-20.741;-0.0228432;-0.947346
5.87266;-20.7501;-0.0233221;-0.947371
5.87017;-20.7587;-0.0233946;-0.947573
5.86604;-20.7737;-0.0224679;-0.947985
5.86923;-20.8098;-0.0507227;-1.03682
5.87295;-20.8112;-0.054967;-1.0487
5.89671;-20.8131;-0.0759657;-1.14595
5.90355;-20.8139;-0.0819302;-1.17323
5.94114;-20.8131;-0.110621;-1.27153
5.95123;-20.8136;-0.117939;-1.30701
5.999;-20.812;-0.149111;-1.4391
6.06155;-20.8099;-0.18641;-1.5603
6.07805;-20.8092;-0.195525;-1.60076
6.09516;-20.8082;-0.205045;-1.64199
6.21109;-20.8036;-0.255584;-1.82252
6.37189;-20.8385;-0.303271;-1.90806
6.38971;-20.8488;-0.307949;-1.90923
6.44508;-20.8916;-0.321718;-1.90366
6.52428;-20.9782;-0.344764;-1.88424
6.55626;-21.022;-0.353519;-1.87743
6.57056;-21.0418;-0.35765;-1.87353
6.59748;-21.0813;-0.365524;-1.86823
6.66014;-21.1815;-0.38309;-1.85843
6.67092;-21.1998;-0.385973;-1.85767
6.71132;-21.2731;-0.396862;-1.85321
6.72006;-21.2894;-0.399303;-1.85227
6.75174;-21.3526;-0.408538;-1.8501
6.75884;-21.3661;-0.410803;-1.84961
6.78903;-21.4289;-0.420364;-1.84778
6.81128;-21.4772;-0.420214;-1.84662
6.81365;-21.4834;-0.420275;-1.8453
6.81614;-21.4891;-0.421372;-1.83927
6.81723;-21.5028;-0.425157;-1.81366
6.80717;-21.5169;-0.428121;-1.77623
6.72159;-21.6018;-0.437838;-1.63056
6.69434;-21.6293;-0.440045;-1.60879
6.65274;-21.6732;-0.442976;-1.57561
6.60407;-21.7214;-0.445943;-1.55186
6.57352;-21.7503;-0.447917;-1.53529
6.51432;-21.8061;-0.451632;-1.51767
6.50093;-21.8183;-0.452305;-1.51274
6.47439;-21.8418;-0.453432;-1.50632
6.41615;-21.8974;-0.456604;-1.4935
6.38695;-21.9253;-0.459394;-1.48903
6.34902;-21.9601;-0.463418;-1.48585
6.3347;-21.9747;-0.463431;-1.48569
6.32637;-21.9832;-0.462123;-1.48623
6.3077;-22.0093;-0.459395;-1.48173
6.30735;-22.0201;-0.459051;-1.4587
6.30772;-22.0378;-0.456217;-1.41815
6.30724;-22.0452;-0.455209;-1.40796
6.29661;-22.1011;-0.452184;-1.30641
6.2764;-22.1663;-0.452384;-1.25166
6.2616;-22.2159;-0.452324;-1.21888
6.23651;-22.2844;-0.451384;-1.1835
6.22358;-22.321;-0.450646;-1.17181
6.21063;-22.3526;-0.450327;-1.15916
6.18524;-22.4159;-0.449552;-1.14536
6.17916;-22.43;-0.449627;-1.14176
6.15539;-22.4863;-0.450329;-1.13254
6.15033;-22.4987;-0.45046;-1.13169
6.14511;-22.5108;-0.450556;-1.12999
6.129;-22.5479;-0.450786;-1.1268
6.12596;-22.5561;-0.450828;-1.12586
6.09732;-22.6338;-0.446797;-1.12222
6.0964;-22.639;-0.445719;-1.12054
6.09798;-22.6589;-0.442367;-1.10528
6.09726;-22.7228;-0.434514;-1.05204
6.09624;-22.7374;-0.433496;-1.04019
6.08821;-22.8268;-0.428372;-0.992846
6.08492;-22.8534;-0.426649;-0.978194
6.08249;-22.8701;-0.42547;-0.965783
6.0778;-22.8993;-0.423645;-0.958989
6.06004;-23.0289;-0.415996;-0.898607
6.03994;-23.1543;-0.409652;-0.867139
5.99925;-23.3649;-0.40362;-0.837562
5.99398;-23.3895;-0.403197;-0.833849
5.9643;-23.5251;-0.401287;-0.823385
5.95741;-23.5556;-0.400806;-0.822413
5.92797;-23.6772;-0.39872;-0.815215
5.9077;-23.7614;-0.397368;-0.811524
5.90282;-23.7795;-0.39699;-0.810305
5.86685;-23.9156;-0.393851;-0.806499
5.85954;-23.9391;-0.393212;-0.806249
5.83626;-24.0251;-0.39348;-0.807372
5.83254;-24.0373;-0.395064;-0.807819
5.82837;-24.0732;-0.407582;-0.821795
5.83336;-24.0976;-0.423452;-0.842455
5.83468;-24.1031;-0.427249;-0.848723
5.83695;-24.1358;-0.445582;-0.873759
5.83645;-24.1464;-0.449856;-0.877209
5.83668;-24.1579;-0.45414;-0.885983
5.83417;-24.2169;-0.470647;-0.913416
5.83268;-24.2323;-0.474196;-0.916622
5.8272;-24.3831;-0.505484;-0.946014
5.82553;-24.4098;-0.510391;-0.948112
5.82581;-24.4232;-0.513061;-0.949253
5.82508;-24.4881;-0.524698;-0.952667
5.82561;-24.5031;-0.527606;-0.953087
5.82533;-24.5475;-0.536108;-0.95434
5.82458;-24.5675;-0.53942;-0.954679
5.82455;-24.5795;-0.540759;-0.955026
5.82375;-24.5971;-0.54076;-0.955518
5.82315;-24.6048;-0.53987;-0.956247
5.83677;-24.6497;-0.511993;-1.05239
5.86126;-24.6651;-0.491546;-1.13129
5.86698;-24.668;-0.4879;-1.16038
5.9142;-24.6877;-0.456369;-1.28845
5.92524;-24.6919;-0.449555;-1.32754
5.97813;-24.7102;-0.418577;-1.45731
5.99185;-24.7146;-0.41083;-1.47256
6.0068;-24.7191;-0.402972;-1.51104
6.05474;-24.7333;-0.379509;-1.60293
6.07142;-24.7382;-0.371945;-1.63914
6.25405;-24.8159;-0.290537;-1.77077
6.26873;-24.8284;-0.282997;-1.76673
6.28571;-24.8458;-0.273822;-1.76039
6.35644;-24.9478;-0.236632;-1.7203
6.36736;-24.9717;-0.22962;-1.71667
6.40927;-25.0661;-0.204673;-1.68876
6.41692;-25.0892;-0.199012;-1.68684
6.42441;-25.1072;-0.19483;-1.68235
6.44738;-25.1761;-0.178898;-1.67057
6.4525;-25.1964;-0.174096;-1.66929
6.48381;-25.3162;-0.150078;-1.65788
6.487;-25.3288;-0.148134;-1.65735
6.49989;-25.389;-0.137563;-1.65423
6.50209;-25.3994;-0.137707;-1.65439
6.50648;-25.427;-0.143923;-1.65735
6.5089;-25.4331;-0.144318;-1.65807
6.51354;-25.4454;-0.140766;-1.65765
6.51494;-25.4527;-0.137843;-1.65546
6.52184;-25.4829;-0.130472;-1.64178
6.52209;-25.4921;-0.128865;-1.6396
6.52746;-25.6014;-0.124344;-1.61439
6.52796;-25.6203;-0.123342;-1.61283
6.52747;-25.6801;-0.120666;-1.60605
6.52555;-25.7665;-0.115351;-1.6004
6.52422;-25.779;-0.114787;-1.59964
6.52266;-25.8171;-0.111622;-1.59826
6.52227;-25.8307;-0.11018;-1.59793
6.51957;-25.8607;-0.107192;-1.59671
6.52133;-25.88;-0.105053;-1.59591
6.52406;-25.9374;-0.10202;-1.59689
6.5262;-25.9551;-0.0971447;-1.59533
6.53034;-25.9662;-0.0928273;-1.59047
6.53177;-25.9722;-0.090108;-1.58908
6.53496;-26.0176;-0.0710109;-1.56446
6.53486;-26.0299;-0.0665649;-1.56106
6.52884;-26.1121;-0.0461134;-1.53064
6.525;-26.1496;-0.0409334;-1.52319
6.52227;-26.1694;-0.0383391;-1.51882
6.51717;-26.2143;-0.0317701;-1.51299
6.51555;-26.2342;-0.0288175;-1.50964
6.4912;-26.4107;-0.0111301;-1.49268
6.48688;-26.4323;-0.00943587;-1.49192
6.48298;-26.4673;-0.00760193;-1.48959
6.4744;-26.516;-0.00474905;-1.48727
6.4578;-26.6073;0.0016082;-1.48459
6.45366;-26.6232;0.00277188;-1.48444
6.44983;-26.6487;0.00427961;-1.48415
6.44274;-26.6816;0.00346281;-1.48524
6.44063;-26.6904;0.00134816;-1.48457
6.44078;-26.7062;-0.0044956;-1.47794
6.44089;-26.7281;-0.0198906;-1.44718
6.43236;-26.7706;-0.0542986;-1.34136
6.42236;-26.8037;-0.0763801;-1.27021
6.39316;-26.8778;-0.109144;-1.17774
6.37042;-26.9314;-0.12756;-1.13644
6.34612;-26.984;-0.144981;-1.10582
6.33034;-27.0149;-0.154538;-1.09216
6.32192;-27.0299;-0.159009;-1.08373
6.31323;-27.0445;-0.163326;-1.07993
6.29862;-27.0735;-0.170717;-1.06716
6.22272;-27.201;-0.20331;-1.04096
6.2173;-27.2112;-0.205793;-1.03944
6.20006;-27.2419;-0.212869;-1.03649
6.17847;-27.2798;-0.199469;-1.04098
6.17633;-27.2847;-0.197309;-1.04374
6.17452;-27.298;-0.195415;-1.04721
6.17562;-27.3011;-0.195123;-1.04632
6.17749;-27.3064;-0.193947;-1.04561
6.18348;-27.33;-0.185832;-1.03134
6.18579;-27.3378;-0.183929;-1.02547
6.19256;-27.457;-0.1742;-0.996966
6.19174;-27.4721;-0.17316;-0.995566
6.19356;-27.5193;-0.170254;-0.989227
6.19208;-27.6039;-0.164618;-0.980571
6.19151;-27.6163;-0.164098;-0.979373
6.19043;-27.6614;-0.160239;-0.976741
6.19064;-27.674;-0.158761;-0.976472
6.19029;-27.6838;-0.157838;-0.975963
6.18256;-27.7323;-0.152455;-0.974605
6.18354;-27.7399;-0.151543;-0.974425
6.18528;-27.7856;-0.14971;-0.976814
6.18661;-27.7894;-0.151389;-0.978326
6.19166;-27.8049;-0.161341;-0.995731
6.1956;-27.8363;-0.181738;-1.03254
6.19714;-27.8438;-0.185781;-1.04474
6.19448;-27.8901;-0.205941;-1.09466
6.19106;-27.9098;-0.211869;-1.10205
6.19085;-27.9233;-0.215323;-1.11676
6.1824;-27.9898;-0.230405;-1.15965
6.17791;-28.0131;-0.235512;-1.16456
6.16255;-28.1638;-0.268498;-1.20668
6.16012;-28.1835;-0.272355;-1.20941
6.15484;-28.2153;-0.278456;-1.21269
6.15452;-28.2292;-0.281524;-1.21456
6.14462;-28.3024;-0.296749;-1.21926
6.1431;-28.3395;-0.303033;-1.22091
6.13712;-28.3895;-0.308829;-1.22237
6.1368;-28.3996;-0.305638;-1.22319
6.13551;-28.4177;-0.295449;-1.22303
6.13473;-28.4254;-0.291201;-1.22401
6.13916;-28.4192;-0.285002;-1.32982
6.13888;-28.4077;-0.283652;-1.34555
6.13669;-28.3886;-0.282564;-1.40278
6.12301;-28.2876;-0.279168;-1.5688
6.11439;-28.2409;-0.278586;-1.61059
6.09472;-28.1483;-0.278824;-1.69072
6.08638;-28.1186;-0.279004;-1.69989
6.08179;-28.0928;-0.278678;-1.71661
6.06435;-28.0177;-0.278311;-1.74977
6.05758;-27.9937;-0.278227;-1.7605
6.00606;-27.8;-0.278698;-1.80424
6.00047;-27.7787;-0.278914;-1.80759
5.96847;-27.6802;-0.280392;-1.81814
5.9629;-27.6623;-0.280571;-1.81984
5.93712;-27.5965;-0.281077;-1.82335
5.91251;-27.5321;-0.26807;-1.82286
5.90802;-27.5234;-0.266361;-1.8232
5.90652;-27.5159;-0.265237;-1.82438
5.90577;-27.5119;-0.264351;-1.82663
5.91094;-27.5166;-0.252196;-1.84094
5.9147;-27.5212;-0.249843;-1.84615
5.98941;-27.6771;-0.231405;-1.88652
5.99879;-27.6966;-0.230462;-1.88831
6.03925;-27.7897;-0.227171;-1.89202
6.04988;-27.8112;-0.226726;-1.89302
6.09044;-27.9005;-0.22525;-1.89611
6.10231;-27.9288;-0.225056;-1.89661
6.1115;-27.9513;-0.224886;-1.89748
6.129;-27.9959;-0.22442;-1.89868
6.14728;-28.0348;-0.223934;-1.9001
6.21215;-28.182;-0.222801;-1.90282
6.24474;-28.2595;-0.215982;-1.89596
6.2474;-28.2671;-0.216785;-1.88857
6.25079;-28.2817;-0.221556;-1.84964
6.25004;-28.2857;-0.223793;-1.83991
6.24091;-28.3015;-0.231447;-1.76566
6.23468;-28.3157;-0.236687;-1.72659
6.23113;-28.324;-0.239462;-1.69816
6.2035;-28.4162;-0.261628;-1.50016
6.19806;-28.4391;-0.266073;-1.48585
6.18097;-28.5137;-0.281308;-1.35222
6.17189;-28.5594;-0.289181;-1.29796
6.15713;-28.6364;-0.300113;-1.22036
6.12852;-28.7802;-0.317359;-1.11992
6.12236;-28.8087;-0.320897;-1.11219
6.08969;-28.952;-0.338385;-1.06198
6.08146;-28.9864;-0.34253;-1.05785
6.07477;-29.0137;-0.345753;-1.05049
6.05449;-29.0929;-0.354096;-1.03574
6.04775;-29.1179;-0.356483;-1.03093
5.98726;-29.3289;-0.37655;-1.00992
5.98157;-29.3483;-0.378235;-1.00921
5.95889;-29.4235;-0.374168;-1.01148
5.9414;-29.4796;-0.355806;-1.04212
5.94045;-29.4846;-0.352236;-1.05957
5.94456;-29.49;-0.336823;-1.11058
5.94834;-29.489;-0.330009;-1.13611
5.96158;-29.4848;-0.313499;-1.17838
5.96943;-29.4824;-0.306304;-1.21048
6.0258;-29.4723;-0.265287;-1.34097
6.03972;-29.4717;-0.256361;-1.3722
6.18072;-29.4841;-0.172734;-1.61511
6.2266;-29.4921;-0.147285;-1.66863
6.39284;-29.5344;-0.0756319;-1.87571
6.41722;-29.5417;-0.0674826;-1.90156
6.46614;-29.5562;-0.051359;-1.93524
6.4904;-29.563;-0.0434828;-1.95476
6.54437;-29.5788;-0.0270547;-1.97972
6.56791;-29.586;-0.0203242;-1.99376
6.74457;-29.6328;0.0236693;-2.04987
6.84288;-29.6585;0.0482363;-2.06465
6.85908;-29.6626;0.0518497;-2.06716
6.8709;-29.6656;0.0545319;-2.06933
6.90466;-29.6747;0.0624269;-2.07206
6.96151;-29.69;0.0749767;-2.076
7.01675;-29.7072;0.0539666;-2.05662
7.01918;-29.7095;0.0495233;-2.05229
7.01864;-29.7152;0.0402547;-2.0247
7.01595;-29.719;0.0346841;-2.01865
6.98453;-29.7507;-0.00117091;-1.93525
6.97624;-29.7592;-0.00908299;-1.92666
6.8605;-29.8853;-0.0755828;-1.77365
6.84535;-29.9009;-0.0824987;-1.76159
6.82967;-29.9171;-0.0890735;-1.74833
6.74278;-30.0043;-0.119438;-1.71232
6.726;-30.0204;-0.124713;-1.70468
6.69264;-30.0521;-0.134435;-1.69651
6.64347;-30.0982;-0.148008;-1.68568
6.62296;-30.1169;-0.153834;-1.68203
6.56072;-30.1735;-0.170159;-1.67321
6.44254;-30.2771;-0.192973;-1.66292
6.42996;-30.2878;-0.190924;-1.66366
6.38962;-30.3231;-0.179034;-1.66538
6.38306;-30.3291;-0.180578;-1.66327
6.37715;-30.3354;-0.182947;-1.66224
6.36963;-30.3511;-0.184216;-1.63381
6.3647;-30.3748;-0.183899;-1.56419
6.36076;-30.3943;-0.186962;-1.52271
6.35815;-30.4047;-0.189062;-1.49445
6.34794;-30.4474;-0.195837;-1.42278
6.32389;-30.5348;-0.206121;-1.30021
6.27282;-30.7026;-0.221816;-1.14344
6.26221;-30.7351;-0.224573;-1.13452
6.25577;-30.7546;-0.226761;-1.11947
6.20601;-30.8977;-0.239331;-1.06785
6.1991;-30.9165;-0.240622;-1.05847
6.16259;-31.0125;-0.246409;-1.03458
6.14282;-31.0629;-0.249451;-1.02704
6.13426;-31.0843;-0.25061;-1.02278
6.10018;-31.1685;-0.255043;-1.0128
6.04846;-31.2894;-0.260689;-1.00224
6.0137;-31.3697;-0.261185;-1.00333
6.00983;-31.3788;-0.261184;-1.00855
6.0025;-31.4036;-0.26256;-1.04384
6.00329;-31.4073;-0.262992;-1.06355
6.01057;-31.4187;-0.262638;-1.12218
6.01551;-31.425;-0.262073;-1.14879
6.02499;-31.4375;-0.262379;-1.19022
6.0478;-31.4752;-0.263776;-1.29538
6.05554;-31.4907;-0.264343;-1.30938
6.12346;-31.6151;-0.269859;-1.45253
6.13089;-31.6284;-0.270273;-1.46391
6.16857;-31.692;-0.272081;-1.4966
6.17533;-31.7032;-0.272372;-1.50259
6.19669;-31.7376;-0.273852;-1.5131
6.22249;-31.7739;-0.275496;-1.5235
6.22965;-31.7849;-0.275814;-1.52465
6.23523;-31.7926;-0.276184;-1.52653
6.25557;-31.8191;-0.276871;-1.53117
6.26114;-31.8273;-0.276613;-1.5316
6.28806;-31.857;-0.282865;-1.52817
6.28993;-31.8585;-0.283083;-1.52492
6.28754;-31.8696;-0.279777;-1.5111
6.28486;-31.8738;-0.27889;-1.50506
6.25997;-31.9096;-0.27217;-1.47882
6.21998;-31.9683;-0.268866;-1.45838
6.20793;-31.9865;-0.267684;-1.45677
6.19823;-32.0012;-0.266736;-1.45312
6.15807;-32.0618;-0.264083;-1.44292
6.1481;-32.0767;-0.263465;-1.44163
6.07528;-32.1864;-0.258191;-1.42866
6.06769;-32.1979;-0.257395;-1.42821
6.03498;-32.247;-0.253861;-1.42499
6.02733;-32.2584;-0.25288;-1.42444
5.99408;-32.31;-0.246934;-1.42271
5.99058;-32.3169;-0.245808;-1.4226
5.98692;-32.3239;-0.244883;-1.42292
5.97613;-32.3443;-0.245596;-1.42455
5.97526;-32.3602;-0.255727;-1.42429
5.97625;-32.3641;-0.259019;-1.4224
5.97757;-32.4145;-0.282753;-1.3858
5.97571;-32.4386;-0.289738;-1.37642
5.97323;-32.4649;-0.295657;-1.36701
5.96711;-32.5325;-0.308584;-1.35178
5.96625;-32.5453;-0.310908;-1.34856
5.96195;-32.6098;-0.321461;-1.33934
5.96131;-32.6216;-0.32311;-1.33777
5.96148;-32.6355;-0.325175;-1.33705
5.96117;-32.6468;-0.32681;-1.33579
5.95788;-32.7129;-0.338118;-1.33108
5.95747;-32.7224;-0.34024;-1.33062
5.9549;-32.8001;-0.355832;-1.32964
5.95622;-32.8079;-0.354063;-1.3299
5.95845;-32.8267;-0.351661;-1.34425
5.95924;-32.8299;-0.353284;-1.35622
5.99426;-32.8479;-0.367623;-1.46289
6.0037;-32.8523;-0.369704;-1.47623
6.01384;-32.8577;-0.371893;-1.50015
6.0922;-32.9068;-0.383138;-1.60719
6.10635;-32.9155;-0.38455;-1.62337
6.18131;-32.9609;-0.390557;-1.67332
6.22602;-32.9866;-0.394489;-1.69429
6.26792;-33.0078;-0.39684;-1.70999
6.31849;-33.0344;-0.399483;-1.72338
6.33518;-33.0421;-0.399652;-1.72486
6.40852;-33.0777;-0.40006;-1.73509
6.42029;-33.0827;-0.400561;-1.73619
6.43124;-33.0876;-0.400771;-1.73677
6.46889;-33.1062;-0.393358;-1.73442
6.47653;-33.1097;-0.39084;-1.73199
6.49925;-33.146;-0.370748;-1.71272
6.49922;-33.1546;-0.367256;-1.71123
6.49532;-33.1905;-0.356724;-1.70374
6.49332;-33.218;-0.352316;-1.69851
6.48084;-33.288;-0.34495;-1.69215
6.47491;-33.3228;-0.341509;-1.68916
6.46214;-33.3757;-0.337058;-1.68577
6.45348;-33.4148;-0.334472;-1.68423
6.44934;-33.4318;-0.333695;-1.6833
6.43984;-33.465;-0.331644;-1.68212
6.40906;-33.5648;-0.324349;-1.67877
6.37284;-33.6733;-0.31718;-1.67646
6.36916;-33.6851;-0.316493;-1.67619
6.35317;-33.7268;-0.316155;-1.67762
6.34985;-33.7377;-0.317997;-1.67725
6.34342;-33.7753;-0.336898;-1.63928
6.34249;-33.7887;-0.345536;-1.60125
6.34095;-33.7981;-0.351767;-1.59222
6.32501;-33.8689;-0.391647;-1.45959
6.32072;-33.884;-0.399419;-1.42943
6.3054;-33.941;-0.422872;-1.35672
6.26632;-34.0687;-0.458315;-1.25154
6.259;-34.0914;-0.463506;-1.2369
6.23268;-34.1631;-0.478757;-1.20676
6.22472;-34.1852;-0.482816;-1.20066
6.18136;-34.2932;-0.500991;-1.16799
6.17368;-34.3129;-0.503871;-1.16529
6.1662;-34.3321;-0.506698;-1.16042
6.12543;-34.4264;-0.520175;-1.14589
6.11874;-34.4424;-0.522171;-1.1434
6.07428;-34.5376;-0.536633;-1.13497
6.06698;-34.5517;-0.535896;-1.13522
6.05287;-34.58;-0.524068;-1.13977
6.04692;-34.6012;-0.511134;-1.16117
6.04893;-34.6077;-0.504353;-1.19382
6.08921;-34.6169;-0.472097;-1.31512
6.11496;-34.6187;-0.458874;-1.36246
6.12467;-34.619;-0.4544;-1.39047
6.14211;-34.6193;-0.446598;-1.40686
6.24993;-34.6186;-0.403878;-1.5862
6.36057;-34.6231;-0.365248;-1.75852
6.38317;-34.6248;-0.358143;-1.77776
6.45492;-34.6304;-0.3364;-1.87134
6.48043;-34.6321;-0.328775;-1.91092
6.62057;-34.6438;-0.294587;-2.05331
6.73199;-34.6521;-0.272849;-2.14656
6.75955;-34.6542;-0.267292;-2.16727
6.82067;-34.6574;-0.255455;-2.19374
6.93157;-34.6632;-0.235995;-2.23782
6.95647;-34.6639;-0.231761;-2.24229
7.18292;-34.6705;-0.197371;-2.28069
7.20169;-34.6711;-0.194053;-2.28248
7.22423;-34.6713;-0.190193;-2.28329
7.32385;-34.6736;-0.173951;-2.28827
7.33741;-34.6734;-0.173691;-2.28932
7.37282;-34.6765;-0.181997;-2.28525
7.38011;-34.6785;-0.186133;-2.27913
7.38549;-34.6806;-0.190635;-2.27598
7.39138;-34.6909;-0.204405;-2.24458
7.39072;-34.6967;-0.208841;-2.22754
7.31485;-34.7769;-0.276959;-2.04429
7.25345;-34.8262;-0.314638;-1.93389
7.23137;-34.8426;-0.327455;-1.91371
7.12888;-34.915;-0.376641;-1.77265
7.09986;-34.9341;-0.38707;-1.75925
6.97146;-35.0147;-0.426815;-1.66582
6.94362;-35.031;-0.434222;-1.65975
6.91508;-35.0469;-0.441434;-1.6458
6.81731;-35.1006;-0.463792;-1.6199
6.78624;-35.1171;-0.470465;-1.61192
6.53457;-35.2399;-0.517195;-1.57695
6.49919;-35.2551;-0.52303;-1.57324
6.36263;-35.3168;-0.544153;-1.56235
6.33176;-35.3289;-0.548807;-1.56047
6.23734;-35.3696;-0.546681;-1.5588
6.16509;-35.4023;-0.534137;-1.5592
6.15244;-35.4098;-0.536764;-1.55697
6.13242;-35.4245;-0.543161;-1.5479
6.12802;-35.4291;-0.544935;-1.53987
6.10529;-35.475;-0.554613;-1.48895
6.10207;-35.4846;-0.557289;-1.47288
6.05268;-35.6078;-0.581387;-1.36325
6.0455;-35.626;-0.584542;-1.34624
6.03846;-35.6445;-0.588172;-1.33645
5.99505;-35.7824;-0.619075;-1.22541
5.97487;-35.8684;-0.636963;-1.16704
5.94878;-35.9959;-0.660204;-1.08736
5.94366;-36.0268;-0.665386;-1.0692
5.93198;-36.0938;-0.674215;-1.04732
5.92652;-36.1273;-0.678514;-1.03378
5.88387;-36.4184;-0.7118;-0.971236
5.86748;-36.5287;-0.720815;-0.958909
5.8644;-36.5474;-0.721602;-0.95554
5.85055;-36.6421;-0.727297;-0.948083
5.84619;-36.669;-0.729101;-0.947207
5.83272;-36.7624;-0.736717;-0.942417
5.82673;-36.7965;-0.738766;-0.941664
5.82409;-36.8121;-0.737672;-0.941188
5.82132;-36.83;-0.733629;-0.940927
5.8131;-36.8758;-0.73128;-0.947552
5.81081;-36.8868;-0.738527;-0.958612
5.82458;-36.9217;-0.80092;-1.1299
5.82843;-36.9239;-0.810805;-1.14181
5.83403;-36.9264;-0.823265;-1.1719
5.86879;-36.9325;-0.880657;-1.30266
5.90748;-36.937;-0.940619;-1.43124
5.92932;-36.9389;-0.971882;-1.48913
5.94025;-36.9401;-0.98639;-1.53121
5.96852;-36.9431;-1.01447;-1.58623
5.99755;-36.9469;-1.0353;-1.65319
6.15778;-37.0057;-1.11915;-1.83363
6.18345;-37.0194;-1.12833;-1.84466
6.24822;-37.0578;-1.14872;-1.88332
6.27002;-37.0721;-1.15492;-1.89767
6.39891;-37.1643;-1.18329;-1.95104
6.52367;-37.2645;-1.20163;-2.00015
6.57417;-37.3086;-1.20728;-2.01614
6.59981;-37.3315;-1.20997;-2.02626
6.63229;-37.3606;-1.21346;-2.03096
6.7451;-37.465;-1.22541;-2.05769
6.77212;-37.4907;-1.22815;-2.06386
7.07818;-37.7918;-1.25776;-2.08626
7.10383;-37.8177;-1.26066;-2.08747
7.2077;-37.9217;-1.27186;-2.09042
7.23061;-37.9452;-1.27369;-2.09107
7.31649;-38.0319;-1.27952;-2.09326
7.34096;-38.0574;-1.28159;-2.0935
7.35965;-38.0773;-1.28333;-2.09391
7.42897;-38.1491;-1.2862;-2.094
7.44806;-38.1691;-1.28364;-2.09395
7.50828;-38.2501;-1.24145;-2.01817
7.50666;-38.2557;-1.23341;-2.00745
7.46828;-38.2839;-1.18797;-1.89073
7.45597;-38.2898;-1.1787;-1.87917
7.3893;-38.3185;-1.14293;-1.78279
7.32993;-38.3432;-1.11894;-1.71749
7.30853;-38.3524;-1.11066;-1.6928
7.23358;-38.39;-1.08516;-1.63668
7.2102;-38.4035;-1.07758;-1.62642
7.11194;-38.4731;-1.04596;-1.56143
7.08945;-38.4924;-1.03896;-1.54541
6.94028;-38.6509;-0.997564;-1.48369
6.88123;-38.7221;-0.982051;-1.46753
6.86419;-38.7435;-0.977539;-1.46229
6.78259;-38.8524;-0.955132;-1.44638
6.71215;-38.9518;-0.937339;-1.43582
6.67717;-39.0027;-0.928521;-1.43219
6.66609;-39.0197;-0.926171;-1.43167
6.65274;-39.0404;-0.923555;-1.43083
6.60561;-39.1137;-0.912333;-1.42772
6.5968;-39.1274;-0.910161;-1.42727
6.55929;-39.1873;-0.914176;-1.42825
6.54398;-39.2262;-0.915228;-1.42406
6.54222;-39.2319;-0.9147;-1.41916
6.5406;-39.2379;-0.913959;-1.41296
6.52933;-39.2819;-0.906241;-1.37816
6.52505;-39.2968;-0.904177;-1.36699
6.51711;-39.3243;-0.899985;-1.35123
6.49624;-39.395;-0.890526;-1.31426
6.49033;-39.4142;-0.888403;-1.30811
6.42302;-39.6249;-0.879402;-1.2616
6.41551;-39.6475;-0.878537;-1.25712
6.38535;-39.7356;-0.874764;-1.24638
6.35459;-39.8219;-0.869502;-1.23971
6.34764;-39.8409;-0.86818;-1.23831
6.32208;-39.9117;-0.863385;-1.234
6.29784;-39.9782;-0.858422;-1.23176
6.29263;-39.9928;-0.857772;-1.23101
6.28756;-40.0069;-0.856994;-1.23043
6.2721;-40.0495;-0.855562;-1.23082
6.26805;-40.0613;-0.857392;-1.23096
6.25762;-40.1015;-0.865119;-1.2652
6.26979;-40.1231;-0.866643;-1.34358
6.27462;-40.1281;-0.866118;-1.36881
6.30026;-40.1538;-0.864597;-1.45019
6.30809;-40.1624;-0.864253;-1.47616
6.33672;-40.1946;-0.86496;-1.5429
6.37924;-40.2451;-0.865858;-1.61524
6.38985;-40.257;-0.865885;-1.62364
6.44331;-40.3162;-0.864975;-1.68243
6.45652;-40.33;-0.865289;-1.68607
6.52785;-40.4029;-0.867747;-1.72399
6.5455;-40.4209;-0.86865;-1.72902
6.59565;-40.4695;-0.869346;-1.74003
6.60279;-40.4765;-0.86908;-1.7414
6.64093;-40.5127;-0.87298;-1.74362
6.64517;-40.5172;-0.876178;-1.74474
6.64941;-40.5209;-0.880262;-1.74553
6.64463;-40.5147;-0.905755;-1.75828
6.63988;-40.51;-0.912472;-1.76316
6.61399;-40.4795;-0.937906;-1.78111
6.60295;-40.4663;-0.945899;-1.78384
6.56141;-40.4154;-0.971728;-1.80143
6.54979;-40.4009;-0.977608;-1.80518
6.49376;-40.332;-1.00138;-1.81378
6.43775;-40.2639;-1.02156;-1.82139
6.42333;-40.2468;-1.02593;-1.8237
6.39173;-40.2077;-1.03639;-1.82644
6.36405;-40.1738;-1.04523;-1.82913
6.33352;-40.1373;-1.05431;-1.8319
6.20661;-39.9808;-1.0847;-1.83799
6.19566;-39.9673;-1.08689;-1.83843
6.17209;-39.9376;-1.09126;-1.83866
6.1621;-39.9242;-1.09305;-1.83882
6.12737;-39.8795;-1.08412;-1.83744
6.09885;-39.847;-1.09459;-1.81863
6.09713;-39.8468;-1.09714;-1.80797
6.0926;-39.8485;-1.10222;-1.78477
6.09141;-39.8518;-1.1051;-1.76744
6.09074;-39.9315;-1.1613;-1.61209
6.09105;-39.9474;-1.17029;-1.58357
6.0918;-40.0227;-1.21306;-1.49492
6.09196;-40.0939;-1.25076;-1.41882
6.09208;-40.1415;-1.27517;-1.35592
6.09071;-40.2215;-1.30757;-1.28533
6.08731;-40.3149;-1.33708;-1.22569
6.08157;-40.4089;-1.36281;-1.18464
6.07653;-40.4825;-1.3811;-1.16523
6.07384;-40.5162;-1.38897;-1.15413
6.05544;-40.7015;-1.42727;-1.12512
6.05145;-40.7374;-1.43412;-1.12073
6.02392;-40.9567;-1.47237;-1.10587
6.01935;-40.9899;-1.47769;-1.10468
6.00465;-41.0934;-1.49339;-1.09978
5.98059;-41.2708;-1.50955;-1.09591
5.97108;-41.3572;-1.48083;-1.10433
5.9678;-41.3918;-1.46803;-1.11853
5.96747;-41.4036;-1.46209;-1.13315
5.97388;-41.4296;-1.42837;-1.20905
5.97965;-41.4322;-1.41409;-1.22011
6.07772;-41.4367;-1.29333;-1.46389
6.10944;-41.4437;-1.26332;-1.53199
6.16663;-41.4617;-1.21366;-1.62273
6.22322;-41.4871;-1.17521;-1.70158
6.24319;-41.4964;-1.16398;-1.71518
6.43811;-41.5955;-1.07091;-1.84949
6.4577;-41.6055;-1.06289;-1.85877
6.47684;-41.6154;-1.05502;-1.86787
6.50042;-41.6269;-1.04563;-1.87211
6.51879;-41.6358;-1.03842;-1.88024
6.53221;-41.6423;-1.03319;-1.88599
6.62265;-41.687;-0.998258;-1.90421
6.70417;-41.7288;-0.963401;-1.91553
6.71866;-41.7366;-0.957059;-1.91699
6.75304;-41.7543;-0.941902;-1.91921
6.76349;-41.7599;-0.937156;-1.91957
6.81592;-41.788;-0.948685;-1.90326
6.81774;-41.79;-0.949461;-1.89364
6.81486;-41.7988;-0.944446;-1.86
6.81077;-41.8022;-0.942703;-1.84373
6.73427;-41.861;-0.941456;-1.74501
6.72049;-41.8722;-0.94236;-1.73276
6.6445;-41.9352;-0.946912;-1.69509
6.62438;-41.951;-0.948125;-1.68779
6.57799;-41.9874;-0.951632;-1.67249
6.49996;-42.0458;-0.956762;-1.65534
6.48093;-42.0599;-0.957781;-1.65184
6.436;-42.0922;-0.960797;-1.64553
6.42159;-42.1031;-0.961837;-1.6445
6.34982;-42.1557;-0.967102;-1.63718
6.3368;-42.1649;-0.968032;-1.63663
6.27354;-42.2073;-0.968842;-1.63609
6.24009;-42.2317;-0.958943;-1.64192
6.23869;-42.2574;-0.935206;-1.65184
6.24229;-42.2631;-0.93002;-1.64936
6.26155;-42.2977;-0.908261;-1.63276
6.26881;-42.3126;-0.901116;-1.6294
6.27494;-42.326;-0.895029;-1.62231
6.28132;-42.3407;-0.888522;-1.61385
6.31122;-42.415;-0.858873;-1.59102
6.31845;-42.4355;-0.85156;-1.58251
6.38778;-42.6685;-0.783171;-1.52592
6.39528;-42.6974;-0.778037;-1.51936
6.41159;-42.7652;-0.766791;-1.51217
6.45119;-42.9324;-0.742077;-1.49708
6.48013;-43.059;-0.72609;-1.48931
6.49566;-43.1272;-0.717699;-1.48717
6.50203;-43.1564;-0.71404;-1.48586
6.52145;-43.2399;-0.703573;-1.48413
6.54421;-43.3407;-0.690792;-1.48254
6.56203;-43.4143;-0.682692;-1.48187
6.57551;-43.4753;-0.675287;-1.48167
6.59609;-43.5665;-0.664953;-1.48161
6.60913;-43.6254;-0.670744;-1.48405
6.61129;-43.6354;-0.672322;-1.48536
6.61834;-43.6624;-0.673466;-1.50115
6.62002;-43.6665;-0.674032;-1.50778
6.62775;-43.6865;-0.67246;-1.5348
6.6306;-43.693;-0.672479;-1.54288
6.64774;-43.745;-0.665951;-1.58789
6.65231;-43.7585;-0.664891;-1.60099
6.67799;-43.8498;-0.660049;-1.64433
6.70291;-43.9413;-0.658186;-1.6708
6.73275;-44.058;-0.65385;-1.69017
6.73725;-44.0731;-0.653527;-1.69393
6.76657;-44.1735;-0.651456;-1.70555
6.7727;-44.1909;-0.651083;-1.70764
6.77851;-44.2079;-0.650656;-1.70957
6.7854;-44.2288;-0.650017;-1.71057
6.80659;-44.2917;-0.648434;-1.71493
6.82222;-44.3382;-0.648084;-1.71699
6.8263;-44.3517;-0.647944;-1.71778
6.86098;-44.4463;-0.652712;-1.71691
6.86723;-44.4681;-0.66827;-1.68307
6.8672;-44.4708;-0.672041;-1.67495
6.86585;-44.4731;-0.676383;-1.65808
6.85513;-44.4764;-0.688887;-1.60804
6.80841;-44.4904;-0.7354;-1.455
6.79651;-44.4951;-0.743414;-1.4166
6.78172;-44.5012;-0.752357;-1.40298
6.73968;-44.5203;-0.771078;-1.3263
6.72386;-44.5278;-0.777008;-1.29951
6.57198;-44.5936;-0.830471;-1.16365
6.55578;-44.6;-0.835145;-1.15412
6.48823;-44.6256;-0.853204;-1.13016
6.47341;-44.6305;-0.857185;-1.12423
6.38572;-44.6599;-0.879626;-1.10457
6.33297;-44.678;-0.894569;-1.09775
6.32129;-44.6813;-0.897713;-1.09717
6.30988;-44.6844;-0.90073;-1.09603
6.23191;-44.7071;-0.907997;-1.12009
6.23016;-44.709;-0.910818;-1.13344
6.23306;-44.7178;-0.9241;-1.17641
6.23838;-44.7237;-0.928606;-1.18654
6.25838;-44.7429;-0.942672;-1.24455
6.30848;-44.7916;-0.973655;-1.38015
6.33662;-44.8206;-0.987529;-1.43024
6.41212;-44.9074;-1.02313;-1.57003
6.48193;-44.9904;-1.05391;-1.69588
6.53578;-45.0559;-1.07343;-1.7795
6.55461;-45.0786;-1.07919;-1.81137
6.6384;-45.1813;-1.10247;-1.87848
6.65421;-45.1993;-1.1065;-1.89481
6.76988;-45.3315;-1.13309;-1.94643
6.79288;-45.3564;-1.13767;-1.95607
6.88881;-45.4616;-1.15492;-1.9787
6.9817;-45.5567;-1.1712;-1.99294
7.00223;-45.578;-1.17467;-1.99617
7.02222;-45.5988;-1.17795;-1.99966
7.10597;-45.68;-1.19032;-2.00686
7.12395;-45.6979;-1.19281;-2.0086
7.22329;-45.793;-1.18857;-2.00619
7.25369;-45.8253;-1.19129;-1.9962
7.25795;-45.8309;-1.19343;-1.98923
7.2694;-45.8503;-1.20566;-1.96651
7.26567;-45.8599;-1.21289;-1.95432
7.24929;-45.8785;-1.22646;-1.93581
7.21152;-45.9111;-1.24759;-1.91145
7.19734;-45.9234;-1.25433;-1.90875
7.17284;-45.9457;-1.26558;-1.89365
7.07754;-46.0358;-1.30929;-1.85236
7.043;-46.0711;-1.32462;-1.83808
6.94593;-46.1767;-1.35613;-1.80597
6.81763;-46.322;-1.39281;-1.78155
6.79618;-46.3463;-1.3984;-1.77835
6.70576;-46.4501;-1.42097;-1.77086
6.68491;-46.4738;-1.42575;-1.76996
6.6643;-46.4971;-1.43037;-1.76842
6.64396;-46.52;-1.435;-1.76653
6.52401;-46.6569;-1.45993;-1.76014
6.50149;-46.6831;-1.46423;-1.75963
6.35645;-46.8515;-1.48728;-1.75373
6.34314;-46.8668;-1.48909;-1.75315
6.3303;-46.8813;-1.49084;-1.75271
6.27883;-46.9425;-1.49638;-1.75172
6.268;-46.9549;-1.49762;-1.75144
6.21683;-47.0163;-1.50453;-1.75054
6.1743;-47.0666;-1.5102;-1.74985
6.16715;-47.0749;-1.51122;-1.74984
6.16042;-47.0824;-1.51215;-1.74978
6.11893;-47.1287;-1.51701;-1.74932
6.11253;-47.136;-1.5178;-1.74922
6.09496;-47.1542;-1.51966;-1.74905
6.09135;-47.1572;-1.51993;-1.74902
6.08393;-47.1652;-1.52028;-1.74877
6.07414;-47.1743;-1.52068;-1.7486
6.06691;-47.1817;-1.52028;-1.74844
6.06099;-47.1874;-1.51953;-1.74854
6.0596;-47.1881;-1.5194;-1.74851
6.0543;-47.1933;-1.51879;-1.74858
6.0476;-47.1975;-1.51893;-1.74835
6.04438;-47.1974;-1.51936;-1.74832
6.04077;-47.1994;-1.51937;-1.74832
6.03847;-47.2002;-1.51928;-1.74827
6.03686;-47.2005;-1.51921;-1.74831
6.03639;-47.2;-1.51912;-1.74829
6.03607;-47.1993;-1.51903;-1.74824
6.03495;-47.1981;-1.51965;-1.74807
6.03472;-47.1983;-1.51956;-1.74804
6.03433;-47.198;-1.5196;-1.74805
6.03444;-47.1957;-1.51991;-1.74823
6.03499;-47.1938;-1.51952;-1.74832
6.03475;-47.1943;-1.51921;-1.74836
6.036;-47.1906;-1.51855;-1.74848
6.03658;-47.1892;-1.51847;-1.74849
6.03748;-47.186;-1.51854;-1.7483
6.03776;-47.1849;-1.51864;-1.74828
6.03745;-47.1842;-1.51858;-1.74827
6.03708;-47.1838;-1.51666;-1.74755
6.03628;-47.1852;-1.51562;-1.74494
6.02798;-47.1803;-1.50738;-1.68948
6.02614;-47.1739;-1.5055;-1.68174
6.01769;-47.1296;-1.49926;-1.59896
6.01584;-47.1167;-1.49771;-1.58849
6.00911;-47.0662;-1.49207;-1.53301
6.00631;-47.0498;-1.49007;-1.50936
5.99576;-46.9693;-1.48205;-1.42376
5.98826;-46.9194;-1.47704;-1.38563
5.98486;-46.8956;-1.47482;-1.36011
5.97456;-46.8102;-1.4674;-1.29592
5.95679;-46.6669;-1.45501;-1.19455
5.95293;-46.6277;-1.45172;-1.16893
5.93828;-46.499;-1.44037;-1.09047
5.92042;-46.3169;-1.42638;-0.97222
5.91725;-46.2809;-1.4236;-0.959149
5.90739;-46.1609;-1.41413;-0.894513
5.88615;-45.8793;-1.38926;-0.740683
5.88346;-45.8391;-1.38592;-0.714747
5.88037;-45.7885;-1.38188;-0.699076
5.87028;-45.6242;-1.36833;-0.6091
5.86763;-45.5826;-1.36475;-0.582958
5.84373;-45.1354;-1.33381;-0.373971
5.8415;-45.0911;-1.33055;-0.350455
5.83721;-44.992;-1.32318;-0.311763
5.83601;-44.9591;-1.32067;-0.28551
5.8346;-44.9153;-1.31723;-0.258899
5.82534;-44.6365;-1.29556;-0.126815
5.81563;-44.2628;-1.27152;0.0408197
5.81441;-44.2169;-1.26859;0.0670231
5.81312;-44.16;-1.26479;0.0827683
5.81224;-44.1149;-1.26162;0.106603
5.80604;-43.8734;-1.24536;0.212298
5.80518;-43.828;-1.24226;0.237976
5.80029;-43.4928;-1.21553;0.392438
5.79797;-43.3858;-1.20673;0.434242
5.79728;-43.3505;-1.2038;0.460269
5.79389;-43.1411;-1.18662;0.539017
5.79038;-42.9532;-1.17222;0.628467
5.78981;-42.9075;-1.16862;0.654436
5.78869;-42.8593;-1.16502;0.667452
5.78074;-42.4666;-1.13453;0.852161
5.77952;-42.4077;-1.13018;0.862732
5.77689;-42.2667;-1.11957;0.928096
5.77565;-42.218;-1.11585;0.954336
5.77185;-41.9279;-1.0921;1.08319
5.77188;-41.8834;-1.08873;1.10392
5.76708;-41.3414;-1.05435;1.21102
5.76753;-41.3077;-1.05253;1.21658
5.76718;-41.2492;-1.04967;1.219
5.76654;-41.2016;-1.04744;1.22339
5.76752;-40.9581;-1.03676;1.23454
5.76703;-40.9102;-1.0347;1.23607
5.76691;-40.863;-1.03281;1.23764
5.76867;-40.6651;-1.02698;1.23994
5.76889;-40.5213;-1.02268;1.24053
5.77043;-40.1654;-1.00897;1.24888
5.7711;-40.1321;-1.00831;1.25176
5.7705;-40.0767;-1.00906;1.25274
5.76936;-40.0343;-1.0109;1.25395
5.76768;-39.9291;-1.01747;1.25967
5.76751;-39.9014;-1.01958;1.26341
5.75374;-39.729;-1.03769;1.3095
5.75236;-39.7194;-1.04216;1.31372
5.74603;-39.684;-1.06396;1.35442
5.7456;-39.6785;-1.06788;1.36244
5.74217;-39.6331;-1.08984;1.39533
5.74223;-39.6221;-1.0948;1.40431
5.74262;-39.6103;-1.0999;1.4144
5.74101;-39.5924;-1.10617;1.41808
5.7385;-39.5439;-1.12161;1.44155
5.73846;-39.5263;-1.127;1.45165
5.73143;-39.3107;-1.17777;1.51784
5.73058;-39.2824;-1.18291;1.52656
5.73075;-39.1955;-1.1979;1.54232
5.72865;-39.1268;-1.20897;1.54997
5.7267;-38.9131;-1.24062;1.56858
5.72671;-38.8788;-1.24572;1.56954
5.72704;-38.8589;-1.24855;1.57146
5.72613;-38.7498;-1.26135;1.57533
5.72624;-38.7261;-1.26403;1.57563
5.72629;-38.5157;-1.28174;1.5781
5.72616;-38.499;-1.28307;1.57804
5.72666;-38.4797;-1.28474;1.57801
5.72728;-38.4689;-1.28583;1.5779
5.72839;-38.4376;-1.28865;1.57779
5.72785;-38.4236;-1.28943;1.57761
5.73585;-38.3195;-1.29815;1.57579
5.73766;-38.2958;-1.30061;1.57514
5.73869;-38.2899;-1.30131;1.57508
5.74002;-38.2846;-1.30198;1.57487
5.74332;-38.2634;-1.30418;1.57407
5.74428;-38.2594;-1.3049;1.57392
5.75251;-38.2355;-1.30923;1.57244
5.75302;-38.2327;-1.30964;1.57227
5.75673;-38.2275;-1.31057;1.57141
5.75835;-38.2273;-1.31078;1.57144
5.75954;-38.2254;-1.3108;1.57126
5.76338;-38.2251;-1.31096;1.57089
5.76907;-38.2277;-1.31168;1.5703
5.77473;-38.23;-1.31293;1.56992
5.77858;-38.2326;-1.31467;1.56923
5.77932;-38.2333;-1.31515;1.56904
5.77988;-38.2344;-1.31662;1.56839
5.78013;-38.2347;-1.31692;1.56836
5.78057;-38.2366;-1.318;1.56788
5.78033;-38.237;-1.3184;1.56775
5.78124;-38.2394;-1.31898;1.5675
5.78092;-38.2402;-1.31906;1.56749
5.78003;-38.2415;-1.31911;1.56737
5.78057;-38.2459;-1.31854;1.56711
5.7798;-38.2496;-1.31773;1.567
5.77925;-38.2528;-1.31872;1.56659
5.77957;-38.2572;-1.3211;1.56645
5.78018;-38.2608;-1.32282;1.56626
5.78095;-38.2619;-1.3233;1.56631
5.78224;-38.2644;-1.32396;1.56618
5.78621;-38.275;-1.32322;1.56561
5.78661;-38.2767;-1.32285;1.56555
5.78741;-38.2788;-1.32246;1.56557
5.78945;-38.2842;-1.32239;1.5654
5.78968;-38.2855;-1.32227;1.56528
5.79388;-38.2967;-1.32141;1.5649
5.79458;-38.2981;-1.3216;1.56484
5.79586;-38.3018;-1.32271;1.56479
5.7964;-38.3029;-1.32298;1.56485
5.79769;-38.3048;-1.3234;1.56485
5.80101;-38.3074;-1.32516;1.56454
5.8016;-38.3076;-1.32525;1.56459
5.80625;-38.3092;-1.32596;1.5643
5.80687;-38.3093;-1.32582;1.56424
5.81216;-38.3101;-1.3253;1.56426
5.813;-38.3102;-1.32575;1.5643
5.81655;-38.3111;-1.32845;1.56406
5.81752;-38.3114;-1.32944;1.56404
5.81926;-38.3123;-1.33102;1.5638
5.82058;-38.3126;-1.33177;1.56386
5.82129;-38.3129;-1.33189;1.56385
5.82442;-38.3148;-1.33141;1.56384
5.82638;-38.3175;-1.33263;1.56362
5.82695;-38.3183;-1.33297;1.5636
5.82938;-38.3238;-1.33307;1.56344
5.82957;-38.3247;-1.33316;1.5635
5.83029;-38.3269;-1.33366;1.56342
5.83136;-38.3307;-1.33442;1.56351
5.83169;-38.3316;-1.33453;1.56351
5.83203;-38.3322;-1.3348;1.56352
5.83418;-38.3354;-1.33482;1.56363
5.83555;-38.3373;-1.33433;1.56362
5.83607;-38.338;-1.33455;1.56342
5.8365;-38.3385;-1.33485;1.56328
5.84084;-38.343;-1.33496;1.56327
5.84151;-38.3436;-1.33497;1.56324
5.8428;-38.3449;-1.33558;1.56323
5.84417;-38.3466;-1.33675;1.5633
5.84635;-38.3503;-1.33872;1.56304
5.8469;-38.3516;-1.34009;1.56297
5.84702;-38.352;-1.34043;1.56296
5.84973;-38.3543;-1.34322;1.56299
5.85005;-38.3545;-1.34347;1.56291
5.85033;-38.3548;-1.34361;1.56301
5.85166;-38.3557;-1.34381;1.56298
5.85191;-38.3559;-1.34363;1.56297
5.85352;-38.3576;-1.33563;1.5635
5.85397;-38.357;-1.33421;1.5651
5.8548;-38.354;-1.33199;1.56936
5.85521;-38.3512;-1.33122;1.57371
5.86146;-38.2948;-1.32804;1.62251
5.86299;-38.2783;-1.32813;1.62769
5.86433;-38.2639;-1.32848;1.63971
5.8671;-38.2309;-1.32957;1.65562
5.87598;-38.1241;-1.33142;1.71308
5.8815;-38.0506;-1.33166;1.74787
5.89524;-37.8653;-1.33453;1.82234
5.89754;-37.8342;-1.33539;1.82823
5.9071;-37.7032;-1.33873;1.87902
5.91322;-37.6253;-1.3411;1.9002
5.91961;-37.5541;-1.34401;1.92628
5.92617;-37.4808;-1.34635;1.9411
5.92954;-37.4434;-1.34726;1.9512
5.94716;-37.2701;-1.35261;1.97224
5.95022;-37.2405;-1.35335;1.97773
5.99306;-36.8637;-1.35905;1.99626
5.99778;-36.8261;-1.35902;1.99739
6.01675;-36.6754;-1.3583;2.00153
6.02128;-36.6419;-1.35828;2.00264
6.02566;-36.6094;-1.35823;2.0037
6.04271;-36.4816;-1.35771;2.0064
6.04653;-36.4534;-1.35756;2.007
6.05678;-36.3752;-1.35674;2.00876
6.0736;-36.2558;-1.35621;2.00909
6.09626;-36.15;-1.3234;1.93567
6.09872;-36.1503;-1.32048;1.91856
6.10123;-36.1522;-1.31795;1.91269
6.10649;-36.1598;-1.31265;1.88622
6.11007;-36.1665;-1.30915;1.88051
6.12246;-36.1967;-1.29901;1.848
6.13792;-36.2379;-1.29025;1.82509
6.14158;-36.2487;-1.28812;1.82078
6.15591;-36.2937;-1.27956;1.80964
6.1581;-36.2995;-1.27813;1.80787
6.16085;-36.3071;-1.27628;1.80611
6.17163;-36.3392;-1.26894;1.80214
6.18184;-36.3674;-1.26419;1.79925
6.19382;-36.4006;-1.25922;1.79763
6.19572;-36.4065;-1.25837;1.79735
6.19955;-36.4176;-1.25709;1.79695
6.21044;-36.4475;-1.25345;1.79601
6.21191;-36.4517;-1.25247;1.79581
6.21651;-36.4686;-1.24894;1.79557
6.21852;-36.4756;-1.24742;1.79548
6.22096;-36.5013;-1.24048;1.7952
6.22077;-36.504;-1.23972;1.79527
6.21889;-36.515;-1.23539;1.79525
6.21842;-36.5169;-1.2345;1.79519
6.21793;-36.5188;-1.23367;1.79523
6.21325;-36.5266;-1.22645;1.7951
6.21284;-36.5276;-1.22533;1.795
6.2124;-36.5285;-1.22432;1.79502
6.21091;-36.5321;-1.22138;1.79488
6.21057;-36.5329;-1.22062;1.79486
6.20873;-36.5372;-1.21818;1.79475
6.20737;-36.5379;-1.21625;1.79489
6.2058;-36.5393;-1.21399;1.79505
6.20531;-36.5399;-1.21349;1.79505
6.20318;-36.5406;-1.21142;1.7951
6.19867;-36.5425;-1.20974;1.79506
6.19625;-36.5439;-1.20888;1.7949
6.19521;-36.5441;-1.20772;1.79498
6.19458;-36.5444;-1.2072;1.795
6.19191;-36.5456;-1.20586;1.79489
6.1914;-36.5455;-1.20573;1.79486
6.18962;-36.5456;-1.20589;1.7947
6.18928;-36.546;-1.20595;1.79473
6.1889;-36.546;-1.20552;1.79469
6.1883;-36.5462;-1.20435;1.79464
6.18801;-36.5469;-1.20355;1.79459
6.18716;-36.5476;-1.20321;1.79471
6.18691;-36.5478;-1.20321;1.79474
6.18666;-36.548;-1.20321;1.79476
6.18555;-36.5482;-1.20218;1.79471
6.1843;-36.5488;-1.20141;1.79476
6.18314;-36.5491;-1.20235;1.79483
6.18218;-36.5504;-1.20351;1.79495
6.18146;-36.5506;-1.20414;1.79491
6.18043;-36.5519;-1.20486;1.79485
6.17902;-36.5518;-1.2053;1.79482
6.17782;-36.5524;-1.20713;1.79469
6.17742;-36.5524;-1.20794;1.79469
6.17711;-36.5526;-1.20858;1.79476
6.17673;-36.5548;-1.21076;1.79492
6.17685;-36.5555;-1.21104;1.79485
6.1752;-36.5585;-1.208;1.79488
6.17471;-36.5586;-1.20825;1.79489
6.17345;-36.5591;-1.20916;1.79493
6.17276;-36.559;-1.2094;1.79486
6.16994;-36.5588;-1.21109;1.79475
6.1699;-36.559;-1.21126;1.79473
6.16952;-36.5592;-1.21201;1.79469
6.16938;-36.5593;-1.21239;1.79468
6.16851;-36.5605;-1.21606;1.79487
6.16706;-36.5626;-1.22157;1.79482
6.16704;-36.563;-1.22258;1.79494
6.16723;-36.5642;-1.22512;1.79493
6.16741;-36.5648;-1.22611;1.79487
6.1676;-36.5657;-1.22888;1.79488
6.16786;-36.5661;-1.22932;1.79499
6.16957;-36.5683;-1.23295;1.79489
6.16995;-36.5688;-1.23349;1.79488
6.17107;-36.5704;-1.23575;1.79481
6.17135;-36.5708;-1.23613;1.79489
6.17219;-36.5722;-1.2384;1.79501
6.17323;-36.5742;-1.23885;1.795
6.17324;-36.5745;-1.23882;1.79481
6.17372;-36.5765;-1.23836;1.79463
6.17474;-36.5784;-1.23843;1.7949
6.17468;-36.5786;-1.23831;1.79494
6.17523;-36.5798;-1.23756;1.79474
6.1753;-36.58;-1.23737;1.79463
6.17549;-36.5804;-1.23696;1.79477
6.17627;-36.5813;-1.23585;1.7948
6.17689;-36.5821;-1.23479;1.7949
6.17713;-36.5823;-1.23466;1.79477
6.17701;-36.5824;-1.2346;1.79479
6.17639;-36.586;-1.23565;1.79459
6.1765;-36.5866;-1.23606;1.79468
6.17577;-36.5898;-1.23625;1.79459
6.17572;-36.5903;-1.23615;1.79469
6.17484;-36.5921;-1.23652;1.79463
6.17448;-36.5927;-1.23666;1.79458
6.17293;-36.5959;-1.23857;1.79479
6.17045;-36.5989;-1.24098;1.78295
6.17045;-36.5984;-1.24103;1.77345
6.17825;-36.5879;-1.24231;1.72671
6.18204;-36.5833;-1.24281;1.70552
6.20213;-36.5609;-1.24593;1.64206
6.21078;-36.5517;-1.24725;1.61517
6.25478;-36.5057;-1.25424;1.54043
6.26682;-36.4932;-1.2556;1.5175
6.32935;-36.4258;-1.26042;1.45625
6.34125;-36.4126;-1.26117;1.44502
6.36775;-36.3829;-1.26263;1.43092
6.42091;-36.321;-1.26755;1.40467
6.46912;-36.2638;-1.27214;1.39358
6.47738;-36.2541;-1.27297;1.3916
6.52351;-36.1983;-1.27829;1.38668
6.52999;-36.1902;-1.27916;1.38632
6.53636;-36.1823;-1.27988;1.38575
6.59219;-36.1116;-1.28561;1.38488
6.59599;-36.1067;-1.28578;1.38486
6.59981;-36.1019;-1.28599;1.38499
6.60358;-36.0965;-1.28616;1.3851
6.60878;-36.0885;-1.28647;1.38544
6.62167;-36.071;-1.28332;1.38543
6.62312;-36.0689;-1.28214;1.38542
6.62447;-36.0695;-1.2804;1.38407
6.64087;-36.0896;-1.27827;1.3885
6.64755;-36.0932;-1.27777;1.38935
6.65584;-36.0968;-1.27729;1.38976
6.67701;-36.1038;-1.27645;1.3913
6.69127;-36.1083;-1.27633;1.39171
6.8497;-36.1373;-1.277;1.39106
6.87646;-36.1405;-1.27681;1.39074
6.96166;-36.1504;-1.27607;1.38992
6.9831;-36.1526;-1.276;1.3899
7.05214;-36.1595;-1.27629;1.39012
7.07223;-36.1616;-1.2765;1.39029
7.27833;-36.1793;-1.2766;1.392
7.29379;-36.1807;-1.27626;1.39223
7.31271;-36.1825;-1.27584;1.39254
7.3275;-36.1838;-1.27544;1.39258
7.342;-36.185;-1.27494;1.39278
7.42201;-36.1926;-1.27291;1.39329
7.44461;-36.1947;-1.27254;1.39343
7.45515;-36.1957;-1.27225;1.39363
7.47786;-36.1976;-1.27172;1.39389
7.52141;-36.2015;-1.26922;1.39427
7.57032;-36.2061;-1.26543;1.39468
7.57579;-36.2065;-1.26507;1.39469
7.58118;-36.2068;-1.26465;1.39488
7.58564;-36.2072;-1.26409;1.39492
7.61948;-36.2093;-1.25787;1.39555
7.62245;-36.2094;-1.25752;1.39554
7.63226;-36.2104;-1.25564;1.3957
7.63511;-36.2107;-1.25504;1.39572
7.64392;-36.2124;-1.25365;1.39603
7.64576;-36.2128;-1.25357;1.39599
7.64731;-36.2131;-1.25359;1.39592
7.65075;-36.2141;-1.25433;1.39595
7.65586;-36.2156;-1.25372;1.3961
7.65689;-36.2158;-1.2529;1.3962
7.65743;-36.2158;-1.25217